0.0255163918564669;0.08;0.08;0.08;0.08;0.08;0.08;0.08;0.08;0.08;0.132007958219387;0.140224959519085;0.16;0.16;0.16;0.16;0.16;0.16;0.144601617059802;0.0348471129142253;0.13580564068239;0.16;0.16;0.16;0.16;0.16;0.16;0.16;0.16;0.054026679775548;0.309845595171657;0.218655811878242;0.0864474108420188;0.089999350457144;0.323971969412919;0.562755558473207;0.68;0.68;0.68;16.6103528662612;43.1933460863901;43.9475496602172;34.5835995551246;3.38020509741674;0.68;0.611819483296278;0.265506906908027;0.0906809545413562;0.0990175591444131;0.105427931008491
0.00120645915071521;0.0369452212624941;0.08;0.08;0.08;0.08;0.08;0.08;0.08;0.08;0.15282596740853;0.16;0.16;0.16;0.16;0.16;0.16;0.16;0.145001150828579;0.11005013310114;0.16;0.16;0.16;0.153939629344313;0.151774472035028;0.16;0.16;0.16;0.0886595982488102;0.0704447446741121;0.111598018966298;0.0973332983236136;0.08;0.085903859484708;0.678913992658258;0.648192160641728;0.597243153874576;0.546321334051667;0.610790432408235;28.5249375805234;44.16;24.6873497740618;0.68;0.68;0.68;0.411976708769738;0.08;0.08;0.08;0.08
0.0315611925302073;0.0434363177686076;0.08;0.08;0.08;0.08;0.08;0.08;0.08;0.08;0.117031866094447;0.157352957452548;0.16;0.16;0.16;0.16;0.16;0.16;0.16;0.16;0.16;0.16;0.158208372659067;0.0742909098902613;0.0700738498417827;0.033118809860386;0.124318379891165;0.0828327666826282;0.00282847031243145;0.100769016063566;0.16;0.152469703627497;0.0917489512524114;0.00844033103846014;0.0195710206129337;0;0;0;0.0825662238452802;5.73398503266438;27.4783426378938;17.2312898427453;0.68;0.68;0.52668851991741;0.11559974126214;0.08;0.08;0.08;0.08
0.08;0.08;0.08;0.08;0.08;0.08;0.08;0.08;0.08;0.08;0.08;0.14320819424307;0.16;0.16;0.16;0.16;0.16;0.16;0.16;0.16;0.16;0.16;0.147950763074934;0.0216429526565596;0.0295713191643725;0;0.0140297806717905;0.0351994279557217;0.159634038961865;0.16;0.16;0.16;0.150660454890489;0.0516281146860823;0;0;0;0;0;0;0.157449164315997;0.945087083068397;0.68;0.68;0.305751870824024;0.08;0.08;0.08;0.08;0.08
0.08;0.08;0.08;0.08;0.08;0.08;0.08;0.08;0.08;0.08;0.08;0.137394363163225;0.16;0.16;0.16;0.16;0.16;0.16;0.16;0.16;0.16;0.16;0.16;0.16;0.272206538715048;0;0;0.0560380244205843;0.16;0.16;0.16;0.16;0.16;0.100391090072544;0.0441689389200511;0.305946108375595;0.128610463649135;0.0159494103536619;0;0;0.259199853585444;0.665229122478402;0.644536217672767;0.299862923866836;0.160067280276777;0.08;0.08;0.08;0.08;0.08
0.08;0.08;0.08;0.08;0.08;0.08;0.08;0.08;0.08;0.08;0.08;0.131580644905474;0.16;0.16;0.16;0.16;0.16;0.16;0.16;0.16;0.373368562219558;0.16;0.216585969897732;0.82893197635446;1.10069449103102;0.0570676989467247;0.136707087885402;0.153837141981833;0.16;0.16;0.16;0.16;0.16;0.103856241590995;0.303154887630665;0.452675399648679;0.68;0.191756674097432;0;0.316082864634568;0.67204993489943;0.429973073556582;0.08;0.08;0.08;0.08;0.08;0.08;0.08;0.08
0.08;0.08;0.08;0.08;0.08;0.08;0.08;0.08;0.08;0.08;0.08;0.0961671155880437;0.150907103782694;0.16;0.16;0.16;0.16;0.16;0.16;0.427349484176317;1.22410835700925;1.24942806235328;1.28;1.28;1.28;0.65604823180986;0.16;0.16;0.16;0.16;0.16;0.16;0.16;0.109602489034366;0.08;0.329190628608486;0.620823995356681;0.598944062176601;0.470116024109098;0.459846642183258;0.194953656431881;0.0936153997600297;0.08;0.08;0.08;0.08;0.08;0.08;0.08;0.08
0.08;0.08;0.08;0.08;0.08;0.08;0.08;0.08;0.08;0.08;0.08;0.08;0.110174155322946;0.16;0.16;0.16;0.16;0.16;0.343595396519378;0.952311169700283;1.28;1.28;1.28;1.28;1.203439984954;0.680901269787158;0.16;0.16;0.16;0.16;0.16;0.149720726960158;0.0962938164495863;0.0849977747895742;0.08;0.08;0.08;0.260806762068637;0.297214789621905;0.08;0.08;0.08;0.08;0.08;0.08;0.08;0.08;0.08;0.08;0.08
0.08;0.08;0.08;0.08;0.08;0.08;0.08;0.08;0.08;0.0826235773905631;0.144510356119207;0.0894645727221233;0.154729094443649;0.443180112810197;0.392243583621179;0.174654150226526;0.284371040373963;0.900320908473991;1.16073369238502;1.28;1.28;1.28;1.28;1.28;1.18602745106243;0.346802425999709;0.16;0.16;0.16;0.16;0.133186217028206;0.0928051520932888;0.08;0.08;0.08;0.08;0.08;0.08;0.08;0.08;0.08;0.08;0.08;0.08;0.08;0.08;0.08;0.08;0.08;0.08
24.6096480248214;0.08;0.08;0.08;0.08;0.08;0.08;0.137264144374411;0.56684017330719;0.434722257960619;0.606255001612657;0.350407635953161;0.372220221525523;0.907319153853506;1.25316844273377;1.2721342762718;1.28;1.28;1.28;1.28;1.28;1.28;1.28;1.28;1.2394031224071;0.401780947052446;0.16;0.16;0.159934232790981;0.14267550872798;0.084401346639856;0.08;0.08;0.08;0.08;0.08;0.08;0.08;0.08;0.08;0.08;0.08;0.08;0.08;0.08;0.08;0.08;0.08;0.08;0.08
5.31203454831605;0.08;0.224234809616069;0.1007116809444;0.170748523502704;0.213412518737838;0.256054119765572;0.502730258056215;0.64;0.64;0.64;0.286313923234947;0.531862605995219;0.784442612687973;1.23864495817601;1.28;1.28;1.28;1.28;1.28;1.28;2.37966089888717;20.5663116343469;4.00106019509455;1.23162187320685;0.607377737463962;0.16;0.16;0.122939520826183;0.08;0.08;0.08;0.08;0.08;0.08;0.08;0.08;0.08;0.08;0.08;0.08;0.08;0.08;0.08;0.08;0.08;0.08;0.08;0.08;0.08
2.3469281238017;0.0818477241568733;0.212792208772887;0.527282673315283;0.64;0.64;0.64;0.64;0.64;0.64;0.437696026807377;0.129976408601749;0.175091754649189;0.167389907977451;1.03328952137281;1.28;1.28;1.28;1.28;10.9482205013492;29.2664765876692;71.9202198513574;74.8365643451424;16.0841414813956;1.28;1.25500255763417;0.533146870367457;0.154280412151924;0.0948122350490865;0.08;0.08;0.08;0.08;0.08;0.08;0.08;0.08;0.08;0.08;0.08;0.08;0.08;0.08;0.08;0.08;0.08;0.08;0.08;0.08;0.08
3.74131489766317;0.304177203102052;0.582289790221528;0.627682970130959;0.64;0.64;0.64;0.64;0.64;0.64;0.578488501068412;0.11555428468344;0.08;0.08;0.419181947996641;1.28;1.28;1.28;1.28;27.8980464074988;76.6;76.6;7.50455453591249;1.28;1.28;1.27257888930489;0.641826268643941;1.12555195553117;0.34033314479986;0.08;0.08;0.08;0.08;0.08;0.08;0.08;0.08;0.08;0.08;0.08;0.08;0.08;0.08;0.08;0.08;0.08;0.08;0.08;0.08;0.08
5.0710227239373;1.63916746535006;1.26624051363945;0.938807060884781;0.653112390642075;4.65014692590634;32.0846406891205;26.5379026793259;1.19670515584949;0.64;0.64;0.541142438713113;0.3394217758351;0.380858103445836;0.263622312837746;1.28;1.28;1.28;1.28;32.9500865073815;76.6;52.6521833126626;1.31324864881394;1.28;1.28;1.28;1.28;1.28;0.673578555786516;0.08;0.08;0.08;0.08;0.08;0.08;0.08;0.08;0.08;0.08;0.08;0.08;0.08;0.08;0.0815678400568908;0.08;0.08;0.08;0.08;0.08;0.08
3.2;1.80205458691586;1.02612681125621;1.15221275994814;2.71328986122249;30.5414227801715;41.4;26.8778665616758;0.830550281023517;0.64;0.64;0.64;0.64;0.633822918902238;0.929140830550467;1.28;1.28;1.28;1.28;38.8396334266028;69.0354552179133;22.7487021503824;1.76197849076049;1.28;1.28;1.28;1.28;1.28;0.752274211806711;0.17980682786048;0.0872682354800592;0.08;0.08;0.08;0.08;0.08;0.08;0.08;0.08;0.08;0.08;0.08;0.095923392210771;0.111668507691263;0.0897976459094784;0.0813276905845842;0.08;0.08;0.08;0.08
2.62526264289767;1.72184779041692;0.64;0.64;9.38780994481117;32.6457287601558;38.869007588326;39.8240614278176;6.69346244969344;0.64;0.64;0.64;0.64;0.64;0.96099429481104;1.28;1.28;1.28;1.28;6.56986505195913;49.9501385617333;73.4258740635047;67.3225241411723;45.1025310908108;50.784404075048;22.0218369433779;1.28;1.28;0.838659501133021;5.7521491269717;0.235106061789512;0.117700051004126;0.193076146391546;0.226110307196481;0.373525204552179;0.179372990839055;0.08;0.08;0.08;0.08;0.0823837862957196;0.101605948090053;0.11988899401326;0.12;0.12;0.102458192859957;0.08;0.08;0.08;0.08
1.22818440270756;0.958204162932342;0.64;0.64;0.64;0.64;11.5596541847898;11.2831329003868;1.32057266904149;0.64;0.64;0.64;0.64;0.64;0.918686877016723;1.28;1.28;1.28;1.28;1.28;6.06018029176125;39.7771804121739;7.68100175902815;33.1277750513104;34.5227663317131;46.8351916155201;1.28;1.28;6.66915538016896;15.2708299141418;2.63988864757351;0.964860774990536;0.52;0.294954168827239;0.121890696387738;0.0803211528885402;0.08;0.08;0.08;0.0807276568883121;0.106722225534382;0.12;0.12;0.12;0.12;0.117441072125522;0.0880783432624071;0.08;0.08;0.08
2.35019644841044;0.912586064945429;0.64;0.64;0.64;0.64;0.64;0.64;0.64;0.64;0.64;0.64;0.64;0.64;1.1472594313607;1.28;1.28;1.28;1.28;1.28;1.28;1.28;1.28;1.28;1.20885184389438;1.22091629637864;1.28;0.811619964520322;0.331159784298416;16.1403535800022;21.2407857566182;4.28682039313565;0.52;0.375709272204557;0.255056285526091;0.105244419405241;0.08;0.0824799256406919;0.0879049764263444;0.0914130676856264;0.12;0.12;0.12;0.12;0.12;0.12;0.110725063979445;0.084439939215353;0.08;0.08
2.12324117927386;1.18750158136397;0.65742846640367;0.64;0.64;0.64;0.64;0.64;0.64;0.64;0.64;0.64;0.64;0.64;1.13760819557011;1.28;1.27631738419449;1.28;1.28;1.28;1.28;1.28;1.28;1.28;0.872954903726513;0.63784912613383;0.901351057881189;0.821870253534538;6.26062023241507;18.4203586130863;16.5103926913444;0.52;0.52;0.52;0.44958856996163;0.128747943645718;0.120391033505502;0.595131118972763;3.76123300917311;0.12;0.12;0.12;0.12;0.12;0.12;0.12;0.12;0.113752273807121;0.0860877263206692;0.08
0.677173005983979;0.6282988664262;0.616559215021513;0.64;0.64;0.64;0.64;0.64;0.64;0.64;0.685982292244323;0.898287788262681;0.740464309792733;0.78509635547886;1.14761601516972;1.1627021966239;1.1057228697267;1.23551193193836;1.27311367315784;1.28;1.28;1.28;1.28;1.28;0.87328410997423;0.52;0.52;0.286659198530538;12.4386016679278;21.5406560700085;8.07352805087053;0.52;0.52;0.52;0.52;0.210320737940481;0.602765790064429;19.0588747482029;25.7334458287828;1.7417806037608;0.417478431721684;0.331891172499316;0.12;0.12;0.12;0.12;0.12;0.12;0.116522744393419;0.0982486088973428
0.56;0.56;0.574603364749151;0.38793287676139;0.536965960932824;0.628574593421608;0.64;0.64;0.64;0.64;0.884114394361711;1.08;1.08;1.08493202041529;1.10107644886489;1.08;1.08;1.08;1.15184983763362;1.14290867257906;1.07165639811949;1.24208280875293;1.19946379422732;1.00431585874062;0.563189424767384;0.52;0.52;0.277771401186172;1.01321899649716;0.607143151056673;0.52;0.52;0.537024125455265;0.770630456752496;1.31117734481745;0.849646312027907;4.9985075257077;34.101088422478;32.9094431352117;4.61172559332144;1;0.977385590994866;0.241481667051554;0.12;0.12;0.12;0.12;0.12;0.12;0.12
0.56;0.56;0.56;0.316634532752791;0.0807935532664684;0.493555394917951;0.64;0.64;0.64;0.736392558990622;1.13648149796966;1.08428190313921;1.08;1.08;1.08;1.08;1.08;1.08;1.07145487655842;0.899222002910528;0.891422028636274;1.06076315841407;0.809973272349901;0.639456478952877;0.52;0.52;0.52;0.52;0.52;0.52;0.52;0.52;0.814377110371628;1.65564588214073;1.31292307717975;1.02249098715026;6.30275530137927;37.92;37.92;11.7587957849187;1;1;0.84927665390135;0.209587349655782;0.12;0.12;0.12;0.12;0.12;0.33403462779945
0.56;0.56;0.56;0.271068982634461;0.103829079702392;0.157100397389836;0.577893235702641;0.64;0.64;1.40841186696286;1.99717400616835;1.66023786938414;1.11297325870444;1.08;1.08;1.08;1.08;1.08;1.02597860192735;0.8;0.813244902811804;0.818121030319122;0.8;0.673064071648856;0.52;0.52;0.52;0.52;0.52;0.52;0.52;0.72908413398474;1.17612800584249;1.29684622972783;0.999215224240722;1;2.50725071451203;26.3222299434367;20.2682268453978;4.40192890421606;1;0.664292491065863;0.141107021279261;0.155354807373397;0.195569514838448;0.12;0.12;0.12;0.12;0.515518728431237
0.56;0.580303906525585;0.921704200931209;0.789538781703024;0.315247229118501;0.827492778563018;0.680829156702392;0.64;0.837319879571486;1.605807190553;2.04;1.41080854170719;1.08;1.08;1.08;1.08;1.08;1.08;0.934737182911532;0.8;0.8;0.8;0.8;0.778015493675764;0.593720058792765;0.52;0.52;0.52;0.52;0.52;0.52;1.00976580163031;1.363624748818;0.851093052717095;0.95228950690709;1;1;1;1;1;1;0.671234957310464;0.532807637466211;0.870079737775954;0.816207805207744;0.160449951306027;0.355527102993336;0.189399111831188;0.12;0.12
0.56;0.572809544253349;1.56968950884047;1.44997570633803;1.2;1.2;1.11274045101998;1.10322107290784;1.13139247731417;1.53786392888965;1.9265187575044;1.18778052865887;1.08;1.08;23.6972997989876;3.67181857745778;1.08;1.08;0.951357905099262;0.8;0.8;0.8;0.8;0.8;0.786304044959467;0.618611988502215;0.52;0.52;0.52;0.52;0.535330318206987;1.12346417576431;1.30836105898696;0.8;0.944940456578526;1;1;1;1;1;1;1;1;1;0.736014144263641;0.774273064360745;1;0.903040508738278;0.335299881104147;0.12
0.56;0.56;1.33135872661769;2.19270097578722;1.20442735992721;1.2;1.2;1.2;1.2;1.53724226600984;1.95046557689264;1.67022310603302;1.08;1.08;33.2877517032988;23.7196807890645;15.2042226740848;1.08;0.989592222392287;0.806996081153879;0.8;0.8;0.8;0.803878583389462;0.8;0.783422132922745;0.549298159309045;0.53027843410416;0.619159114733084;0.520550991571136;0.922729890640072;1.52868979909557;1.51565429800169;1.06837766323145;1.18052617195146;1.075824545322;1.00295724587445;1.01715463135554;1.00345652537949;1;1;1;1;1;1;1;1;1;0.870634070444744;0.256145638511895
0.56;0.56;1.21169279475291;1.98324220593474;1.21947466756823;1.2;1.2;1.2;1.2;1.2;1.51336056762267;1.96135411765774;1.08;3.09810991210394;34.6617337487224;42.92;21.7578493595886;1.08;1.08;0.916328364126716;0.8;0.8;13.4066154814099;7.24266292076568;0.8;0.8;0.766500284746835;0.755857397772094;0.785605517503988;0.756196557471463;1.25250275046356;1.36138812465868;1.39397823012261;1.2;1.2;1.19735638596826;1.19897789334226;1.2;1.04981439411088;1;1;1;1;1.8374635206674;1.118799520314;1;1;1;0.994483861840944;0.640981256374627
0.56;0.56;1.09202918669609;1.84949484954006;1.2;1.2;1.2;1.2;11.3897984252623;13.5268558023281;1.22262073307224;1.55112469278017;1.11530070751718;21.6228625437039;30.8439788698708;20.9701185953515;14.5940253819276;1.08;1.0494521744316;0.853585495615094;0.8;0.8;13.3173263478234;13.7927821765914;1.89556753403102;0.8;0.8;0.8;0.80371659728049;1.19115213695521;1.2;1.2;1.2;1.2;1.2;1.2;1.2;1.2;1.14679079136951;1;1;1;1;25.7599515424674;4.42681998766493;1;1;1;0.962811475581996;0.84
0.56;0.56;1.10535642860826;2.05879450233949;1.32540623392994;1.2;11.6656129341372;41.556108107893;51.4074940990663;54.9389537773056;17.2374734174678;1.2;1.18096253231493;6.08129601877172;3.84103339644433;0.579086153853315;1.50645740432243;1.08;0.916398980174715;0.8;0.8;0.8;3.95920959461045;18.7013283251519;15.1264149986124;1.34325130002342;0.8;0.8;0.8;1.17807269211952;1.2;1.2;1.2;1.2;1.2;1.2;1.2;1.2;1.16110819350113;1;1;1;1;32.0592672824572;19.5646983506816;4.89713246097444;1;0.977672760207293;0.85393081303591;0.84
0.56;0.56;1.37261378919801;2.2;1.48225722950883;1.2;23.8483542403188;55.44;38.7708880347968;42.6380310480787;4.02594320334988;1.2;1.2;0.966591529864587;0.847043229258855;0.128347250053889;0.644510249115978;1.08;1.05611339512916;0.822026214439824;0.8;0.8;0.8;10.0534959707328;20.6436123209209;12.0370691086332;0.8;0.8;0.930796882797213;1.19782718053824;1.2;1.2;1.2;1.2;1.2;1.2;1.2;1.2;1.16044526952257;1;1;1;17.6349905078256;39.1978951671182;36.4209529957046;13.8953134508904;1;0.918460030403924;0.84;0.84
0.56;0.573999880137461;1.63959712168779;2.2;1.555161214486;1.2;4.40002538211639;12.1014112857219;3.01140367070781;2.5933307174631;1.2;1.2;1.12605621954358;0.334109324648812;0.18316476107633;0.125218649411466;0.573884635952488;1.08;1.07969497695451;0.903922670028768;0.8;0.8;0.8;0.8;8.17868775631345;9.32667305716824;0.8;0.8;0.811291923805151;1.12445969259438;1.2;1.2;1.2;1.2;1.2;1.2;1.2;1.2;1.09237529985327;1;1;1;5.58393958205058;22.8287657336545;11.7765343460534;1;0.950570045372692;0.846832882883042;0.84;0.84
0.311264445126035;0.683237379953311;2.15102395472409;2.19974908204926;1.60828376293414;1.2;1.2;1.2;1.2;1.2;1.2;1.17525799392959;0.744417280265671;0.12;0.12;0.446316830661734;0.77942947207175;1.08;1.06222637151465;0.806811509908226;0.8;0.8;0.8;0.8;0.8;0.8;0.8;0.8;0.8;0.994457778489979;1.2;1.2;1.2;1.2;1.2;1.2;1.2;1.2;1.04401399343917;1;1;1;1;1;1;0.983110265871166;0.853915057283337;0.84;0.84;0.84
0.08;0.608129849932782;1.52497017488764;1.95010565371602;1.22911264853107;1.2;1.2;1.2;1.2;1.2;1.19005731745232;1.09523790230024;0.398900457137078;0.178136312909531;0.795811025909722;1.05743493959669;1.08;1.11477985097884;0.959737590575436;0.8;0.8;0.8;0.8;0.8;0.8;0.8;0.8;0.8;0.820000971987747;1.12552850276185;1.2;1.2;1.2;1.2;1.2;1.2;1.2;1.2;1.08114408671487;1;1;1;1;1;0.99925321683453;0.923991080329761;0.84;0.84;0.84;0.84
0.08;0.48125895031464;1.00469549235229;1.84025785275252;2.00573389359065;1.60228223294415;1.29959994833763;1.2;1.2;1.2;1.2060646978824;1.14386529406968;0.822328314086219;0.712807938806158;1.08;1.08;1.11025286671035;1.2;1.00164237985062;0.8;0.8;0.8;0.8;0.8;0.8;0.8;0.498740789566102;0.180597183472972;0.327704535257101;0.977247383965781;1.2;1.2;1.2;1.2;1.2;1.2;1.2;1.2;1.14176728149786;1.00604755817144;1;1;1;1;0.949165688185449;0.84;0.84;0.84;0.84;0.84
0.08;0.451590811948665;1.07222561030895;2.1133125057394;2.15571147262797;1.88096208512754;1.37483073534138;1.2;1.2;1.8680224328588;2.17447880440607;1.46919813048941;1.19632100276667;1.16836274843104;1.14008656146801;1.12628869907451;1.14784406875096;1.2;1.10562565179309;0.8;0.8;0.8;0.8;0.8;0.8;0.8;0.168124294166299;0;0;0.0542600563349181;2.48008780939325;35.9047208405947;1.2;8.97546732470577;1.2;1.2;1.2;1.2;1.2;1.0443581612471;1;1;1;0.999059856056981;0.853448611362275;4.46868822039007;6.50668013928847;0.84;0.84;0.666962236020519
0.204004492102179;0.532906736006877;0.70458946245833;1.09116086670451;1.21539344052629;1.2;1.2;1.2;1.2;2.11241552203544;2.2;2.00073971052228;1.27915751393348;1.2;1.2;1.2;1.2;1.2;1.13456256764755;0.8;0.8;0.8;0.8;0.8;0.8;0.82066644683489;0.53590910508262;0.0418114237358372;0;0;1.16407327716084;62.4777465940412;42.9568423400561;52.4906449239248;1.2;1.2;1.2;1.2;1.2;0.980528102489513;0.877363084854372;0.865394611915946;0.853432542643137;0.842232496492751;0.84;36.53820329151;47.0386414197241;23.936439193051;0.84;0.49167810009364
0.508506561821319;0.56;0.56;0.56;0.769260846547792;1.0365966504293;1.11146195004272;1.2;1.2;1.44755349547705;1.88421040576257;2.19325294101595;2.05135995609834;1.24382171941064;1.2;1.2;10.5824284449208;3.3781554745762;14.3398449219372;7.40124235031767;1.368778494951;2.00095991362559;1.59202690093731;0.800711028151214;0.825854720646232;0.910718042298686;1.2;0.989167623107549;2.14239028736934;2.99635219366476;2.37320350174303;56.8016120532328;63.84;56.1385807249155;20.5298259666234;12.4171949036767;1.2;1.2;1.19519110140724;0.948492187236084;0.84;0.84;0.84;0.84;0.84;38.9083922987493;52.92;14.4669711228017;0.84;0.541779844292533
0.649550848982946;0.56;0.56;0.56;0.562810330522171;0.604561906389892;0.724298477516372;1.15235396660916;1.2;1.2;1.2;1.98910907642014;2.2;1.32696382650174;1.2;1.2;11.726659985667;41.234475172523;42.16;40.507824936193;5.66678488439948;1.97589542028027;2.80038888235789;3.15052436543815;2.45624381149473;2.14570139964572;1.60680375253083;1.61478298687559;1.57010499445849;3.01910721916957;2.53989245536937;24.0289535411062;63.84;37.7015378321313;12.5736905319404;5.53626739494644;1.2;1.2;1.18191413843469;0.84;0.84;0.84;0.84;0.84;0.84;5.48242519763408;35.6746452906233;33.0957703090872;4.57095486223733;0.826408070900818
0.96;0.879765482869038;0.711673311219432;0.649784517254927;0.789815772733269;0.96;0.942711564383429;0.961107530564107;1.08008121370006;1.12084756997215;1.19956588402495;1.31578767667534;1.55831218624022;1.25465912481069;1.2;1.2;1.2;9.45668826000711;36.6664697065078;35.1957332282543;7.05199409628703;1.09143490785087;0.914862452187459;0.924855429736343;1.57377462000286;1.91058151727557;2.44184144342249;2.66664663394731;2.90355007435661;3.15297477006979;3.2;33.6363922037417;54.4204896000749;55.665697297304;29.1792614746675;4.56160050524515;1.2;1.2;1.2;0.844662611282291;0.84;0.84;0.84;0.84;0.84;0.84;0.84;14.8235360780727;9.90394290877326;0.880321024590265
0.96;0.96;0.96;0.954249208771558;0.726307919985161;0.741271626680843;0.96;0.96;0.96;0.962645751308051;0.985462296324938;1.06535357737066;1.04712005240517;1.02889613360446;1.15364479801227;1.2;1.2;1.2;1.2;1.2;1.16513136562907;0.858512896391862;0.8;0.920161203402933;1.04;1.12756290987097;1.2;1.25521255156071;1.50575086595258;2.02298931383899;2.68635181989886;1.85954835714429;1.2;42.0978557792371;45.0220224717096;1.2;1.2;1.2;1.2;0.868644359761337;0.84;0.84;0.84;0.84;0.84;0.84;0.84;0.84;0.860342694737265;1.12138270568157
0.96;0.96;0.96;0.96;0.364563619149569;0.828977604413577;0.67193690479309;0.843937225285645;0.96;0.96;0.96;0.96;0.96;0.96;1.12368606853746;1.2;1.2;1.2;1.2;1.15288543090824;1.04627964646227;0.954250431994509;0.848957120702319;1.02567576895134;1.04;1.10763689185859;1.16857164092139;1.08082310935192;1.17330379603679;1.17232523101544;1.20652592931729;1.2;1.2;4.81873168658338;11.2282791225234;1.2;1.2;1.2;1.2;0.922338140554807;0.84;0.84;0.84;0.84;0.84;0.881008302710322;0.908167037785007;0.935014235113934;1.07545527969801;1.2
0.96;0.96;0.96;0.96;0.218170203249063;0.08;0.329101325017665;0.541301900803485;0.437342639921257;0.783104226575737;0.96;0.916617203206383;0.856278372098404;0.96;1.10628463779604;1.2;1.2;1.2;1.17252911423455;1.05378886032961;1.04;1.04;1.02570549778544;1.04;7.39876758615969;18.681146174897;2.56515453616863;1.04;1.05116897768198;1.0882325236538;1.19893022212237;1.19150533076064;1.06525933191032;0.819812430453189;1.2;1.2;1.2;1.2;1.2;1.0953447384994;0.84;0.84;0.84;0.84;0.927036384606376;1.19352870625312;1.2;1.2;1.2;1.2
0.96;0.96;0.96;0.86461610535094;0.188267693058644;0.225956802242381;0.76646125061587;0.293568525976834;0.08;0.112964301851213;0.105579387906007;0.10530611218986;0.190874233982519;0.743471400981632;1.08888354514567;1.2;1.2;1.19557342874806;1.09358479686413;1.04;1.04;1.04;1.04;1.04;24.2990335193829;29.88;5.1422075176972;1.04;1.04;0.923163420019807;0.76762093346349;0.979226269399887;0.754953379786919;0.220780528352991;0.415632761886809;0.340573363138828;0.265553995561786;0.525607068075136;0.706975829408582;1.04971236626386;0.84;0.84;0.88057873338107;1.06613861044313;1.2;1.2;1.2;1.2;1.2;1.2
0.96;0.96;0.96;0.951471043191823;0.955684298728779;0.693637823401236;0.547882007754644;0.125889831402346;0.08;0.08;0.08;0.656829001497416;0.96;0.930787934470389;0.8795919288277;1.0075793788488;0.952445237421989;0.660732627207133;0.922673094987256;0.987534355273876;1.04;1.04;1.04;7.14607108785195;29.5949071750133;23.1846261965511;2.97056124936067;1.04;1.00766518452837;0.795807474436404;0.76;0.950562663903693;1.17583757729177;0.561282860477949;0.2;0.2;0.2;0.2;0.2;0.605910956261307;0.84;0.84;1.07627404740749;1.2;1.2;1.2;1.2;1.2;1.2;1.2
0.96;0.96;0.96;0.96;0.96;0.96;0.96;0.698565545528238;0.152689575446744;0.547732450893625;0.484091418604553;0.882577952338922;0.869233167597658;0.702349541900525;0.64;0.64;0.64;0.64;0.64;0.655751228330191;1.04;1.04;1.04;18.6546801828089;17.4674745277523;1.04;1.04;1.04;0.917647563004272;0.76;0.76;0.832006091385068;0.926362556259639;0.775878070059467;0.2;0.2;0.2;0.2;0.2;0.509373322474526;0.530555279154709;0.712632692650399;1.18240954010162;1.2;1.2;1.2;1.2;1.2;1.2;1.2
0.96;0.96;0.96;0.96;0.96;0.96;0.945089705116437;0.760967319888715;0.504661751225578;0.683184208199475;0.928560210308017;0.750674717930785;0.64;0.64;0.64;0.64;0.64;0.64;0.64;0.64;0.994067145143164;1.04;1.04;1.77815765652553;1.05462670075247;1.04;1.04;1.02804814979404;0.818372992193521;0.76;0.76;0.76;0.76;0.781889824315347;0.2;0.2;0.2;0.2;0.2;0.19601458777858;0.398791431206018;0.848536636269932;1.2;1.2;1.2;1.2;1.2;1.2;1.2;1.2
0.96;0.96;0.96;0.96;0.96;0.96;0.919831200181227;0.08;0.08;0.394928874092146;0.562405065830442;0.64;0.64;0.64;0.64;0.64;0.64;0.64;0.64;0.64;0.808672489140183;1.04;1.04;1.04;1.04;1.04;1.04;0.907151322080987;0.76;0.76;0.76;1.33093807129896;1.24334132272778;0.70415132084776;0.30322430307839;0.2;0.188436064716748;0.16082095564371;0.154732389142364;0.121890185076802;0.333161541212032;1.18707970969843;1.2;1.2;1.2;1.2;1.2;1.2;1.2;1.2
0.96;0.96;0.96;0.96;0.96;0.96;0.936775504044875;0.428312940931435;0.524717519625002;0.56797394116763;0.623373876426999;0.64;0.64;0.64;0.64;0.64;0.64;0.64;0.64;0.64;0.68044136108912;0.996457552425881;1.04;1.04;1.04;1.04;1.01430083491207;0.796418119343256;0.76;0.76;1.61816899987778;15.5858349537354;12.5372671533026;3.3811752705989;0.729858013256376;0.584372712797856;0.315247396146366;0.21410545708735;0.187358949360897;0.12;0.623546221392491;1.17039219531651;1.2;1.2;1.2;1.2;5.81162944151071;1.2;1.2;14.0377509861432
0.96;0.96;0.96;0.96;0.959611450724304;0.805143307386857;0.709896515360876;0.64;0.64;0.64;0.64;0.64;0.64;0.64;0.64;0.64;0.64;0.64;0.64;0.64;0.64;0.806059649740588;1.04;1.04;1.04;1.04;0.898083807092046;0.76;0.76;0.76;5.68661077171602;18.6;18.6;14.6646700265418;0.76;0.76;0.749166034111728;0.748123465631902;0.464485063225957;0.293605822644769;0.906787546092837;1.2;1.2;1.2;1.2;1.2;27.2730213283002;40.8771816531755;44.9328574841209;40.9766131798349
0.96;0.96;0.937773714644169;0.831256216981262;0.682226651383779;0.64;0.64;0.64;0.64;0.64;0.64;0.64;0.64;0.64;0.64;0.64;0.64;0.64;0.64;0.64;0.64;0.886004328353799;1.10851444088962;1.04;1.16587011101688;1.22380948326141;1.05435487424676;0.776835357310294;0.76;0.76;5.42167955361585;9.20866029129969;7.86716685201535;3.44086351179986;0.76;0.76;0.76;0.76;0.76;0.846867007009573;1.16512187564988;1.2;1.2;1.2;1.2;1.2;8.87238845932759;46.7419741584143;40.4901496229513;5.59978589005922
