0.68;0.68;0.94125065104809;0.721612713021018;0.593907692398178;0.508438612469598;0.44;0.44;0.451315116677243;0.6211764665854;0.556827679753667;0.886658251238893;1.48209161138395;0.71796808176135;0.662775647393096;0.480413778704321;0.184135466212069;0.372835400356961;0.68;1.06840067756833;1.40785656698448;1.08304336779541;0.786379794057139;0.68;0.68;0.68;0.68;0.68;0.68;0.68;0.907265770753581;1.75919752406279;2.44553251038216;2.52;2.52;1.93218251786289;1.2;1.2;1.2;1.2;1.2;1.2;1.2;1.2;1.2;1.18311925973351;1.10077468711549;0.940919336983606;1.2;1.2
0.68;0.68;0.646926920887598;0.449835102546938;0.44;0.44;0.44;0.445957544902991;0.465056740006093;0.44;0.44;0.664845527560237;1.07462959759384;0.68;0.68;0.677314717845123;0.572112988990732;0.664504761785768;0.68;0.741203484071369;0.745722446426223;0.68;0.68;0.68;0.68;0.68;0.68;0.68;0.68;0.68;0.813656747464556;1.6;1.84462784174702;2.17376931156123;2.4769549618593;1.50269623524477;1.2;1.2;1.22095254419623;1.16939514821221;1.11467773924268;1.2;1.15285232278167;1.2;1.06895570048701;0.869801496595189;0.72;0.72;0.859874569747949;1.2
0.68;0.68;0.69348097729657;0.683800634615259;0.538041897391528;0.443858691315424;0.67573288317127;0.791782601606147;0.759674148913066;0.502033014173194;0.474035722631216;0.594510725559099;0.68;0.68;0.68;0.68;0.68;0.68;0.68;0.68;0.68;0.68;0.68;0.68;0.68;0.68;0.68;0.68;0.68;0.68;0.702358375202585;1.55527399844917;1.31491826082337;1.41136199279681;2.05519694118513;1.36879750394068;1.10151804324685;1.03304227374915;1.61760962644557;0.882420745655546;0.744159628828933;0.7421598203687;0.72;0.842754605869576;0.748467957774389;0.72;0.72;0.72;0.72;1.01621530249862
0.68;0.68;0.720140064060643;0.8;0.738354380860678;0.641385811909619;0.708138907958195;0.67678976344127;0.772610742651192;0.598245993338805;0.52;0.52;0.659374844491135;0.68;0.68;0.678592149464157;0.671824506377037;0.68;0.68;0.68;0.68;0.68;0.68;0.68;0.68;0.68;0.68;0.68;0.68;0.68;0.68;0.700229089109443;0.702705074920596;0.771215358579322;0.823628592847629;0.996595084083568;0.743570927968824;0.85154274593973;1.55818850139051;1.05509648757142;0.72;0.72;0.72;0.72;0.72;0.72;0.72;0.72;0.72;0.72
0.574114464027006;0.712794177752426;0.87800268748935;0.694474799844762;0.652603358935611;0.538852293973814;0.52;0.52;0.528221359882546;0.548901974273675;0.52;0.52;0.565625571056906;0.673548361636777;0.679489534239466;0.662062614611617;0.641437423759115;0.661433119086216;0.679625603230431;0.68;0.68;0.68;0.68;0.68;0.68;0.68;0.68;0.68;0.68;0.68;0.68;0.68;0.68;0.68;0.693406137149709;0.72;0.72;0.973863175793923;1.56;1.27542407654635;0.964364690330223;1.07877586319195;0.890697585712047;0.72;0.72;0.825202426574653;0.72;0.72;0.72;0.72
0.229036981326062;0.524244302895196;0.53466237143921;0.52;0.52;0.52;0.52;0.52;0.52;0.52;0.52;0.52;0.52;0.618981256438717;0.655930206647343;0.64;0.64;0.640245183136437;0.664883527769198;0.68;0.68;0.68;0.68;0.68;0.68;0.68;0.68;0.68;0.68;0.68;0.68;0.68;0.68;0.683825693408027;0.715590928913631;0.72;0.72;1.01351782339364;1.44074126632823;1.56;1.56;1.56;1.11668639486348;0.72;2.30931435365464;16.6492927191014;3.22547433463274;0.72;0.72;0.72
0.274494717969745;0.381337565061823;0.52;0.52;0.52;0.52;0.52;0.52;0.52;0.475847310769247;0.499543114994314;0.519782042167242;0.52;0.561706792048374;0.640626166426424;0.64;0.64;0.64;0.642618384431184;0.677229443404696;0.68;0.68;0.68;0.68;0.68;0.68;0.68;0.68;0.68;0.68;0.68;0.68;0.680659903510573;0.70593283965565;0.72;0.72;0.72;1.09314949943615;1.54023552204835;1.56;1.56;1.56;1.37110782765519;0.736965875125021;2.69070604973044;22.76;17.0618902750443;7.22782745582709;0.72;0.720547792276689
0.280820473654864;0.318949829856493;0.52;0.52;0.52;0.52;0.52;0.52;0.52;0.242985282128389;0.166911840225048;0.260608070459157;0.52;0.598478076817327;0.64;0.64;0.64;0.64;0.641289129322003;0.672545870070731;0.68;0.68;0.68;0.68;0.68;0.682325511299462;0.68;0.68;0.68;0.68;0.68;0.68;0.683614912622852;0.72;0.72;0.72;0.72;1.18417420166641;1.56;1.53051507079438;1.18318553404545;1.45650104050247;1.30347935565985;0.72;0.72;17.7418936246935;22.76;18.4711662980448;0.72;0.734080710394284
0.0749911592938596;0.38253997926099;0.52;0.52;0.52;0.52;0.52;0.52;0.257257577619322;0.32524801671529;0.0994877900273197;0.280478709112363;0.547529027827879;0.637647141060636;0.64;0.64;0.64;0.64;0.662053876469505;0.68;0.68;0.68;0.68;0.821241682147152;1.52079564044732;0.869499633489313;0.767115243088091;0.830464406053494;0.693163901847461;0.806927648702729;0.878929790499565;0.68;0.697048385686253;0.72;0.72;0.785584147923116;1.27673378694439;1.5180267483551;1.08654586028916;1.03350558646981;0.72;1.19053020183532;1.48471309847681;1.18513670690679;0.776805496618329;4.95682162981262;22.5892105497916;21.297895753535;0.72;0.826628173053078
0.249279084600251;0.519825053552241;0.52;0.52;0.52;0.52;0.52;0.371819217318558;0.04;0.0416785409428121;0.0789809325095968;0.217724974531366;0.931560702930401;1.15357337710788;0.704306989239281;0.64;0.64;0.651164075717328;0.679868026693496;0.68;0.68;0.68;0.619879777000789;0.664871444348311;1.6;1.47586222225251;1.4022357850611;1.34336444619952;1.57715276770196;1.6;1.15653462418939;0.68;0.599838531584841;0.290759639786091;0.660500349250213;1.30877121929521;1.56;1.33118201231956;0.741166034671375;0.72;0.72;0.755561745861405;1.35569095734267;1.56;1.31861393116674;6.9404637221741;22.76;13.0523477811561;0.72;0.87255664026152
0.334514738271199;0.52;0.52;0.52;0.52;0.52;0.52;0.460063882831828;0.112971459091833;0.0808138032131991;0.04;0.384702876391291;1.28514628216134;3.16524205536936;12.0466716057105;3.01441203691548;0.64;0.668056331601321;0.68;0.68;0.644442890427526;0.484242856678893;0.178462076942469;0.902955194019868;1.58006528276328;0.730197220860101;1.25945497749776;1.3741238973973;1.4577300029543;1.42177840636876;0.82986824793;0.682334557940655;0.517305306109603;0.205159003844198;0.625488789664636;1.22982342676406;1.5500792371393;1.03573630593195;0.72;0.72;0.72;1.11550898122648;1.55834315824065;1.56;1.53316121986612;2.97795503891501;12.6240608542891;13.3622272520399;0.973290036193836;1.11924072253035
0.480233106244182;0.52;0.52;0.52;0.52;0.52;0.52;0.418043036843277;0.130519176333925;0.358423512032473;0.330496924287428;0.865448524123585;1.44;5.11001182917062;9.36115241949875;11.113342198028;10.0234342493019;1.99308855227482;0.677079971098565;0.68;0.633337386311265;0.0822590944884915;0.116896928488682;0.823227163548546;1.46448459984366;0.699606029787166;0.68;0.700547099533506;0.712733810984343;0.68;0.68;0.68;0.649553038410389;0.219020070470449;0.647975900666851;0.72;0.967930537991468;0.742944888751447;0.72;0.72;0.72;1.09495862879333;1.55261759741323;1.09506853410324;0.893618276203657;0.72;1.85666834093847;5.74652990633196;1.53792524359034;1.55749410722874
0.52;0.52;0.52;0.52;0.52;0.52;0.52;0.501848426870411;0.186910184316195;0.52;0.52;1.1573712484063;1.44;1.44;1.52306675687732;14.8787899843224;8.26027462694623;0.64;0.651935589267486;0.679210764222832;0.68;0.860374722009237;1.03958741282945;1.41326801912707;1.57508592009264;0.861864829338377;0.68;0.68;0.68;0.68;0.68;0.68;0.173328831995372;0.08;0.494932304849438;0.718371090338565;0.702364685017366;0.72;0.72;0.72;0.72;1.17881038935073;1.22581274899062;0.72;0.72;0.72;0.72;0.737633076815006;1.09053412963887;1.21323391312073
0.52;0.52;0.52;0.52;0.52;0.52;0.52;0.52;0.52;0.52;0.522573408170746;1.22662300489742;1.44;1.44;1.44;13.4894825581063;13.0016391642533;7.14579345966023;0.64;0.665631658520118;0.913022098605087;1.5884550967718;1.6;1.46267413662257;0.808709114278341;0.779031356780774;1.27987259452078;1.23964873839077;0.904004006592678;1.20144611286135;1.30956114836694;0.80317923226295;0.385723122995055;0.260732439177023;0.517513969027242;0.132014722264559;0.299700373396796;0.72;0.72;0.474952005797198;0.465441064550495;0.772331553371774;0.741732721853856;0.72;0.72;0.72;0.72;0.72;0.72;0.72
0.52;0.52;0.52;0.52;0.52;0.52;0.52;0.52;0.52;0.52;0.52;1.3938978672409;1.4398076320623;1.44;4.18550780995476;14.7029940177652;6.48787984006041;0.791718521633565;0.64;0.641991462642897;0.710093258474939;0.993879382224961;1.5968259846869;1.13426307418388;0.68;0.728290099702666;1.37618879402058;1.47605236577998;1.59029619775946;1.6;1.6;1.49905485741985;0.409846882701497;0.32085500004901;0.234275505597936;0.0942300714458901;0.222993485638626;0.560660477275076;0.704376546314173;0.222067158675333;0.242487681438836;0.527883962800261;0.439109213065356;0.491872744484982;0.7188673787172;0.72;0.72;0.72;0.72;0.72
0.52;0.52;0.52;0.52;0.52;0.52;0.52;0.52;0.52;0.52;0.52;0.657228450346282;1.35858128139656;1.44;2.06703931587282;6.23008299567371;0.64;0.64;0.64;0.642594777075948;0.674843300590255;0.689938680761572;0.966555851554688;0.747066217409864;0.68;0.68;0.841418383932007;0.7996144851677;0.849652080631396;1.42182756637819;1.53041256450214;1.55547716191866;0.687134307035049;0.444568159105882;0.422361680192916;0.312240631121324;0.12;0.376429563308147;0.348561274202576;0.12;0.12;0.12;0.12;0.275483019314395;0.707523865528419;0.597047026033681;0.723523040580884;0.846830769707848;0.72;0.72
0.52;0.52;0.52;0.52;0.52;0.52;0.52;0.52;0.52;0.52;0.524448885362157;0.618628371450071;1.02507555698013;1.41369973281797;0.700305017272942;0.64;0.64;0.64;0.64;0.665295329557013;0.68;0.68;0.68;0.68;0.68;0.68;0.68;0.68;0.68;0.742113117837519;1.10454675555663;0.781603436086494;0.685326301112387;0.68;0.68;0.622128145404067;0.111658399371055;0.233202154713788;0.322867795668346;0.12;0.12;0.12;0.153845747612701;0.59238690322041;0.688438522178345;0.476010286570152;0.690033963088471;1.42180354200469;0.82595676449003;0.72
0.52;0.52;0.52;0.52;0.52;0.52;0.52;0.52;0.52;0.52;0.55351407310162;0.64;0.64;0.807615889782854;0.665102987026844;0.64;0.64;0.64;0.654155486574147;0.68;0.68;0.68;0.68;0.68;0.68;0.68;0.68;0.68;0.68;0.68;0.68;0.68;0.68;0.68;0.68;0.678180650411872;0.440711883969139;0.571638787392326;0.356617771515128;0.119325318855559;0.119120984640577;0.12;0.120796036459027;0.124636253515146;0.547351284562137;0.443463959833374;0.519635325622978;0.713518396790139;0.959239747905629;0.72
0.52;0.52;0.52;0.52;0.52;0.52;0.52;0.52;0.52;0.548816282622425;0.636182816259115;0.64;0.64;0.64;0.64;0.64;0.64;0.64;0.650970707426596;0.67935900304294;0.68;0.68;0.68;0.68;0.68;0.68;0.68;0.68;0.68;0.68;0.68;0.68;0.68;0.679060541649417;0.669634980181232;0.663811221930431;0.665209492957104;0.295752848137762;0.262672498896746;0.123983996543275;0.255303459172728;0.133424046848494;0.346536513054712;0.469085212683371;0.401624614355062;0.198851741716635;0.481556463088916;1.05441524490067;1.34859131751282;0.469774555240488
0.52;0.52;0.52;0.52;0.52;0.52;0.52;0.52;0.550840329778188;0.623153443671916;0.64;0.64;0.64;0.64;0.64;0.64;0.64;0.64;0.64;0.647942372539831;0.67945084971711;0.68;0.68;0.68;0.68;0.68;0.68;0.68;0.68;0.68;0.68;0.68;0.68;0.67759519919306;0.64;0.64;0.562748626750685;0.122458002370308;0.339820693220104;0.614294891858712;0.64;0.510786471393397;0.40951402575864;0.64;0.64;0.558506814393271;0.622045549127989;1.05910133989495;1.19421843627444;0.100039928639067
0.52;0.52;0.52;0.52;0.52;0.52;0.52;0.534402287062389;0.631807709941954;0.64;0.64;0.64;0.64;0.64;0.64;0.64;0.64;0.64;0.64;0.64;0.659093700170121;0.679043601910261;0.68;0.68;0.68;0.68;0.68;0.68;0.68;0.666352429699153;0.653384240207556;0.68;0.68;0.669534937486778;0.64;0.64;0.635106133593706;0.487822907969736;0.388901829291792;0.435229390395994;0.64;0.64;0.64;0.64;0.64;0.64;0.646146058176057;1.42568712086862;1.29607146648467;0.901902621144393
0.52;0.52;0.52;0.52;0.52;0.52;0.531567267158273;0.60428863055737;0.64;0.64;0.64;0.64;0.64;0.885137216980965;0.64;0.64;0.64;0.64;0.64;0.64;0.64;0.653084645209196;0.669422453120976;0.68;0.68;0.68;0.68;0.68;0.498887152952093;0.241976211508372;0.576987409305937;0.68;0.68;0.65726979898934;0.64;0.64;0.619148564011135;0.307601215027036;0.621097934758481;0.629958867710062;0.64;0.64;0.64;0.877145399217374;1.1891746612601;1.20135990121113;0.8646501912553;1.09904360305149;1.22810434214185;1.14559764581967
0.52;0.52;0.52;0.52;0.52;0.520685804719897;0.617654915500506;0.64;0.64;0.64;0.64;0.64;0.642228962439307;1.28332150351023;0.976945286238008;0.64;1.02551360163517;0.793238097695224;0.64;0.64;0.644660763964456;0.652779187064711;0.674583147729106;0.68;0.68;0.68;0.68;0.399415702553216;0.105518389940178;0.08;0.482969536085624;0.68;0.68;0.654067312325074;0.64;0.64;0.64;0.64;0.64;0.64;0.780253263584412;0.926625374804889;1.10586573830961;1.43769389579352;1.34489781411398;0.783223427344114;0.657652531858209;0.64;0.64;0.662972051020482
0.521678522919633;0.52;0.52;0.52;0.52;0.587738426640871;0.64;0.64;0.64;0.64;0.64;0.64;0.799070012536901;1.43136032452502;1.42752188663078;1.38902372506075;1.44;0.940619308132292;0.64;0.64;0.660299388409918;0.68;0.68;0.68;0.68;0.68;0.68;0.446980291681557;0.268968703987863;0.145208759353545;0.631761404869825;0.6629603942733;0.643220038546855;1.08216999504647;1.20867907124851;1.05376904890176;0.937189360011819;1.07778427795519;0.708088270629821;0.821532326298508;1.24371087369525;1.26087471782323;1.21553039247236;1.4196706592245;1.04507349834004;0.64;0.64;0.64;0.64;0.64
0.536495831308141;0.52;0.52;0.52;0.534251813432285;0.637365540175382;0.64;0.64;0.64;0.873350029325984;0.966380470653856;0.907201955504715;1.14269722055267;1.39841487476387;1.31932253164687;1.44;1.44;0.940969510274939;0.64;0.64;0.645270805934319;0.677766385440369;0.68;0.68;0.68;0.68;0.68;0.68;0.482373232869381;0.53537796998658;0.752478514465318;1.1387639991938;1.36700871073268;1.44;1.44;1.44;1.44;1.44;1.30622077831548;1.39424832835268;1.06769909615815;0.64;0.652324262862691;0.650861434228718;0.64;0.64;0.64;0.64;0.64;5.77366810905416
0.546892930545285;0.52;0.52;0.52;0.585002851157516;0.64;0.64;0.64;0.739590274522076;1.21659940337026;1.44;1.44;1.43743943903409;1.01113957906736;0.815136188917412;0.949897469389148;0.971535258001988;0.764602031650983;0.64;0.64;0.64;0.672312386755832;0.68;0.68;0.68;0.68;0.68;0.68;0.68;0.839594739647893;1.40098853785531;1.44;1.44;1.44;1.44;1.44;1.43460411955319;1.16675915628619;1.44;1.44;1.14756280922836;0.64;0.64;0.64;0.64;0.64;0.64;0.64;0.64;9.40673525508994
0.557289818037674;0.52;0.52;0.551472383859633;0.636436462808099;0.64;0.64;0.64;0.744813738677473;1.32654884499334;1.38206594921516;1.44;0.889110947474147;0.64;0.64;0.64;0.64;0.64;0.64;0.64;0.64;0.667144952454744;0.68;0.68;0.68;0.68;0.679596975388396;0.661671701705689;0.599926486323362;0.568682206992778;0.68071078133691;0.96421765727914;1.08239754946781;1.40376254818902;1.44;1.24260350296013;0.715853986026287;0.641412201296822;0.854359995817292;1.05689882720318;0.64;0.64;0.64;0.64;0.64;0.64;0.64;0.64;0.64;0.64
0.564554827778414;0.52;0.525275256953481;0.624063033403015;0.64;0.64;0.64;0.64;0.651852538775526;1.2195439460839;0.787160146046665;0.794448689008132;0.648228556220514;0.64;0.64;0.64;0.64;0.64;0.64;0.64;0.644570830840633;0.666400790859173;0.68;0.68;0.68;0.68;0.650080476709252;0.56;0.56;0.56;0.56;0.56;0.970214272992584;1.28446248675137;1.36817970038487;0.838047694537728;0.64;0.64;0.64;0.64;0.64;0.64;0.64;0.64;0.64;0.64;0.64;0.64;0.64;0.64
0.964509967617674;0.753129568600418;0.636599892011708;0.729725054366489;0.64;0.64;0.64;0.64;1.0076787331192;0.851400808682918;0.64;0.64;0.64;0.64;0.64;0.64;0.64;0.64;0.64;0.64;0.671902667040546;0.68;0.68;0.68;0.68;0.669126505502163;0.599649150061091;0.56;0.56;0.56;0.56;0.56;0.634009916399261;1.1827357306703;1.046641061985;0.578590705075115;0.625873505633472;0.64;0.64;0.64;0.64;0.64;0.64;0.64;0.64;0.64;0.64;0.64;0.64;0.64
0.960492754579187;1.17194407425098;1.18750284752477;1.36809556603277;0.755629933262212;0.64;0.64;0.64;0.64;0.64;0.64;0.64;0.505890342381802;0.64;0.64;0.64;0.64;0.633916224616161;0.627792354029696;0.621940069525968;0.635822158371087;0.68;0.68;0.68;0.654435005430399;0.577189964691656;0.56;0.56;0.56;0.56;0.56;0.56;0.682175903083702;1.27398766826516;1.06777881902426;0.585494140213404;0.562594080789291;0.614936646751525;0.64;0.64;0.64;0.64;0.64;0.64;0.64;0.64;0.64;0.64;0.64;0.64
0.52;0.593005857640814;0.552436183708965;0.67042002285552;0.773264611193943;0.64;0.64;0.64;0.64;0.64;0.64;0.207927182257289;0.313042209485525;0.440207898400569;0.377959245163575;0.625791708375793;0.619826177989878;0.601836969498206;0.6;0.6;0.646669838790316;0.68;0.68;0.655983224521505;0.563027893431043;0.56;0.56;0.56;0.56;0.56;0.56;0.56;0.598160259086013;1.14207247262762;1.28;0.987143723951479;0.56;0.56;0.603311733210014;0.64;0.64;0.64;0.64;0.64;0.64;0.64;0.64;0.64;0.64;0.64
0.52;0.52;0.52;0.584655715969643;0.691936051367643;0.64;0.64;0.64;0.64;0.639503440223634;0.359408073871935;0.0384939851514386;0.0324660957621264;0;0.016348028127104;0.6;0.6;0.6;0.6;0.6;0.638446016525105;0.678765252428906;0.62541146038216;0.560983486813307;0.56;0.56;0.56;0.56;0.56;0.56;0.56;0.56;0.56;1.06280765841471;0.999625214390935;0.696677328371088;0.56;0.56;0.56;0.591285172341849;0.639805873535633;0.64;0.64;0.64;0.64;0.64;0.64;0.64;0.64;0.705269924940065
0.52;0.52;0.52;0.873645471108891;1.31978647989293;0.880479108027263;0.64;0.64;0.64;0.175346443595939;0;0;0;0;0.0961048997859322;0.577086483284323;0.6;0.6;0.6;0.6;0.625079462594894;0.600366317936288;0.56;0.56;0.56;0.56;0.56;0.56;0.56;0.56;0.56;0.56;0.56;1.17009785254393;0.613244308949541;0.56;0.56;0.56;0.56;0.56;0.631866674333718;0.64;0.64;0.64;0.64;0.64;0.64;0.654148005723953;0.962969350613174;1.29984846473794
0.52;0.52;0.52;0.766710397737392;1.34540400565051;0.709440960991581;0.64;0.64;0.496799352148652;0.0771280397353962;0;0;0.0185782650275346;0.319470023097005;0.54811697339242;0.6;0.6;0.6;0.6;0.6;0.580271421521894;0.56;0.56;0.56;0.56;0.56;0.56;0.56;0.56;0.56;0.56;0.56;0.56;0.84556905604028;0.613132399343459;0.56;0.56;0.56;0.56;0.575659889331907;0.639056691713115;0.64;0.64;0.64;0.64;0.750789576873923;0.71108060144285;1.28510465794741;1.44;1.44
0.52;0.52;0.52;0.52;0.895277496151626;1.03268401912117;0.64;0.64;0.478116572522034;0;0;0;0.00270471634157002;0.595079193979036;0.6;0.6;0.6;0.6;0.6;0.6;0.577203229826301;0.56;0.56;0.56;0.56;0.56;0.56;0.56;0.56;0.56;0.56;0.56;0.56;0.56;0.56;0.56;0.56;0.56;0.56;0.599188072940174;0.64;0.64;0.64;0.64;0.64;1.12842192719746;1.36644150557068;1.42830237875502;1.44;1.44
0.52;0.52;0.52;0.52;0.892512445333937;1.20266873453651;0.64;0.64;0.449310419773554;0;0.0929739890779031;0.432184835022781;0.52015806020773;0.598874083408907;0.6;0.6;0.6;0.6;0.6;0.6;0.56250595060233;0.56;0.56;0.56;0.56;0.56;0.56;0.56;0.56;0.56;0.56;0.56;0.56;0.56;0.56;0.56;0.56;0.56;0.56;0.585616735738332;0.623453295188956;0.64;0.64;0.64;0.64;1.12665008483073;1.44;1.44;1.44;1.44
0.52;0.52;0.52;0.52;0.654150386309016;1.08783942747708;0.570529263619954;0.254304554629289;0.0177933283154636;0.38324557010188;0.600009473590047;0.6;0.6;0.6;0.6;0.6;0.6;0.6;0.6;0.6;0.567673808731465;0.56;0.56;0.56;0.56;0.56;0.56;0.56;0.56;0.56;0.56;0.56;0.56;0.56;0.56;0.56;0.56;0.56;0.56;0.56;0.593914083952829;0.64;0.64;0.64;0.64;0.894741689953022;1.44;1.44;1.35882204907201;1.18670756198243
0.52;0.52;0.52;0.52;1.03093932326746;0.766868428007383;0.64;0.402980005824649;0;0.513638221339448;0.601477632204329;0.6;0.6;0.6;0.6;0.6;0.6;0.6;0.6;0.595056013761935;0.560228193048307;0.56;0.56;0.56;0.56;0.56;0.56;0.56;0.56;0.56;0.56;0.56;0.56;0.56;0.56;0.56;0.56;1.18166006064137;0.56;0.564714694717452;0.626375540745119;0.64;0.64;0.64;0.64;1.0382859118959;1.44;0.821435512092791;0.64;0.64
0.52;0.52;0.52;0.61213121140449;1.00526676310383;0.535527232273512;0.633621258239774;0.595980387741306;0.456701474720122;0.577614661075868;0.6;0.6;0.6;0.6;0.6;0.6;0.6;0.6;0.6;0.591672026859359;0.56;0.56;0.56;0.56;0.56;0.56;0.56;0.56;0.56;0.56;0.56;0.56;0.56;0.56;0.56;0.56;2.36420376991938;3.17123379349957;0.627511377790708;0.578328141122529;0.64;0.64;0.64;0.64;0.64;0.782348255660158;0.864892042314027;0.965962345802552;0.64;0.64
0.52;0.52;0.52;0.912330171261593;0.859391294515658;0.52;0.37117496666848;0.104755823498885;0.582686367818853;0.6;0.6;0.6;0.6;0.6;0.6;0.6;0.6;0.6;0.6;0.584753972408827;0.56;0.56;0.56;0.56;0.56;0.56;0.56;0.56;0.56;0.56;0.56;0.56;0.56;0.56;0.56;0.623568402372504;2.62956027608961;2.40359985165587;0.56;0.623737119028966;0.64;0.64;0.64;0.64;0.64;0.64;0.64;0.64;0.588536851376204;0.236880034195911
0.52;0.52;0.52;0.838822668277847;0.636013760108062;0.214584624807652;0.149605462962416;0.0442367705579381;0.527704571445505;0.6;0.6;0.6;0.6;0.6;0.6;0.6;0.6;0.6;0.6;0.574524913447047;0.56;0.56;0.56;0.56;0.56;0.56;0.56;0.56;0.56;0.56;0.56;0.56;0.56;0.56;2.36000536614347;2.01269683099435;3.2;2.15781454815652;0.565433394857637;0.605935132523494;0.612063031027094;0.639945346937575;0.64;0.64;0.64;0.64;0.64;0.64;0.864211129082622;0.65130834246679
0.52;0.52;0.581879237687387;0.881280424790988;0.52;0.0139204993087798;0.0550432751755899;0.593785446069071;0.6;0.6;0.6;0.6;0.6;0.6;0.6;0.6;0.6;0.6;0.599902368903991;0.571544148542837;0.56;0.56;0.56;0.56;0.56;0.56;0.56;0.56;0.56;0.56;0.56;1.28854322819322;5.21370213958438;5.35770688281112;5.98135640154971;4.53977621421884;3.2;1.81044984377117;0.52;0.52;0.522732455587457;0.61855618691016;0.64;0.64;0.64;0.64;0.64;0.64;0.78658545164926;1.21977336501932
0.52;0.525724271347774;0.936608535518821;0.640877614082348;0.52;0.413929787177025;0.125543749863547;0.141703142438144;0.6;0.6;0.6;0.6;0.6;0.6;0.6;0.6;0.6;0.6;0.6;0.56183755242941;0.56;0.56;0.56;0.56;0.56;0.56;0.56;0.56;0.56;0.56;3.04364143855958;7.26057685731081;7.65662405539615;7.04138958928457;1.10649426168929;3.2;3.2;0.955101429071393;0.52;0.52;0.52;0.57270572461023;0.62009780024644;0.634031166295035;0.64;0.64;0.64;0.64;0.64;0.534733671241256
0.52;0.76772747547605;0.821540597759784;0.52;0.52;0.52;0.251276058181287;0;0.573717651931336;0.6;0.6;0.6;0.6;0.6;0.6;0.6;0.6;0.6;0.598071543547799;0.564817783112029;0.56;0.56;0.56;0.56;0.56;0.56;0.56;0.56;0.56;0.56;0.656381297462637;1.80028464869862;7.44587060016808;3.81887576501941;1.23601692259623;2.30873031228796;3.04954559493309;0.897444641604257;0.52;0.52;0.52;0.52;0.52;0.536517923244268;0.575740120913691;0.626320179309522;0.64;0.64;0.58419616453251;0.134323835304171
0.60432316780325;0.963296511622899;0.538383700202955;0.52;0.52;0.443000668778823;0.106714561954881;0;0.270205545679983;0.578139221881073;0.6;0.6;0.6;0.6;0.6;0.6;0.6;0.6;0.593755423719762;0.56;0.56;0.56;0.56;0.56;0.56;0.56;0.56;0.56;0.56;0.56;0.56;1.20360480964667;5.3268254499969;1.48264802550639;0.56;0.558814053596656;1.07141077280957;0.52;0.52;0.52;0.52;0.52;0.52;0.52;0.52;0.534718545299628;0.612970735605418;0.64;0.369966134082752;0.0714727375406809
1.04574908887492;0.81104820409585;0.52;0.52;0.52;0.0990710755401602;0;0;0;0.465583110955311;0.6;0.6;0.6;0.6;0.6;0.6;0.6;0.6;0.58577138742294;0.56;0.56;0.56;0.56;0.56;0.56;0.56;0.56;0.56;0.56;0.56;0.56;0.56;0.56;0.56;0.56;0.526700265848264;0.52;0.52;0.52;0.52;0.52;0.52;0.52;0.52;0.52;0.52;0.528048318954666;0.536141058446001;0.521538096226985;0.0680048053145409
1.19329720920005;0.949022054342882;0.52;0.52;0.434351635579095;0.0225998799978216;0.408886046985533;0.266775100741355;0.366254854216549;0.449336838422757;0.6;0.6;0.6;0.6;0.6;0.6;0.6;0.6;0.586404137297296;0.560879691124753;0.56;0.56;0.56;0.56;0.56;0.56;0.56;0.56;0.56;0.56;0.56;0.56;0.56;0.56;0.557382015094826;0.524506801351822;0.52;0.52;0.52;0.52;0.52;0.52;0.52;0.52;0.52;0.52;0.52;0.52;0.512583405425586;0.118643083143887
0.600282002844436;0.648860085396364;0.52;0.52;0.417241738885271;0.102526950831157;0.570866326145761;0.558087891970635;0.404405464201933;0.533779628231749;0.6;0.6;0.6;0.6;0.6;0.6;0.6;0.6;0.6;0.567679485216225;0.56;0.56;0.56;0.56;0.56;0.56;0.56;0.56;0.56;0.56;0.56;0.56;0.56;0.56;0.558574549901485;0.52;0.52;0.52;0.52;0.52;0.52;1.97763966205809;0.52;1.28897596222524;0.52;0.623644878232059;0.52;0.52;0.232181037207223;0.04
0.597058603318874;0.576098933043974;0.547060271322289;0.523473244583139;0.251738791055534;0.0891522405785846;0.453962570574904;0.34271622355965;0.107944556426445;0.501299011312506;0.6;0.6;0.6;0.6;0.902176135424649;0.898916104734544;0.6;0.6;0.6;0.572847555765416;0.56;0.56;0.56;0.56;0.56;0.56;0.56;0.56;0.56;0.56;0.704606209479905;0.866337762633844;0.56;0.56;0.56;0.522133941022307;0.52;0.52;0.52;0.52;0.52;4.66799996915542;4.31915492320725;5.90720447906935;5.70462749962166;2.56692124367781;0.52;0.52;0.0665428002825392;0.04
0.6;0.6;0.6;0.579648798784173;0.251706398654722;0.0861697234727324;0.389829243935333;0.189400030321913;0.344579251088577;0.6;0.6;0.6;0.6;0.6;1.0967107204671;1.18698698821539;0.643467010551875;0.6;0.6;0.58297472081686;0.56;0.56;0.56;0.56;0.56;0.56;0.56;0.56;0.56;0.56;1.1614634239593;1.06440869983479;0.56;0.56;0.56;0.537559702482771;0.52;0.52;0.52;0.52;0.52;0.735637482206038;2.7947883654595;5.9360144412244;4.91654895190232;0.52;0.500117701658218;0.289159269700508;0.0438776103259584;0.04
