1.32225240616807;0.924543884179931;0.8;0.8;0.8;0.8;0.8;0.8;0.8;0.624620418762586;0.302198074608841;0.643896532900119;0.292105829302168;1.00651376934038;1.61014594257774;1.6379483361206;1.64;1.64;1.64;1.64;1.64;1.11652654545638;0.260660786077609;0.799947636326442;0.8;0.8;0.8;0.8;0.8;0.8;0.830046855673194;1.2;1.2;1.2;1.2;1.43107745732092;2.3896656831138;2.68;2.68;2.12158253913132;1.34733558375439;1.2;1.2;1.25074284323555;3.18823506141414;2.88147320327044;36.5057069183945;1.67445660970162;4.8900411699978;58.4126931444445
1.64;1.45132476348673;0.843792957393901;0.8;0.8;0.8;0.8;0.8;0.482383300785463;0.137204197301492;0.12;0.342024223084512;0.542375429783844;1.63236240849047;1.64;1.64;1.64;1.64;1.64;1.64;1.56715638856585;0.957846664851741;0.747417894786075;0.8;0.8;0.8;0.8;0.8;0.8;0.8;0.8;1.01893118478702;1.2;1.2;1.2;1.34297398916394;2.27816146685308;2.63859278103583;2.68;2.68;2.473464285224;1.96950654710999;2.0990837875465;2.39457801465098;3.07262455743989;2.68;1.0737480071805;1.42035544987459;1.42195808598762;46.6434546846163
1.64;1.64;1.40617238619861;0.842927802428345;0.8;0.8;0.8;0.8;0.554019361417872;0.12;0.413193513138156;0.266694416336096;0.485800789451364;1.58211158201175;1.64;1.64;1.64;1.64;1.64;1.51857861330866;0.977531326438358;0.8;0.8;0.8;0.8;0.8;0.8;0.8;0.8;0.8;0.8;0.989661892694056;1.2;1.2;1.2;1.2;1.2;1.92004607790477;2.68;2.68;2.68;2.68;2.68;2.74345296547859;2.86790915515646;2.24943085088692;1.22012274119735;1.52;1.52;30.2633145216899
1.64;1.64;1.64;0.958448746796604;0.8;0.8;0.8;0.8;0.585432954396281;0.205397853792893;0.692120343116537;0.638900278629456;0.397223024527436;1.12140335076098;1.64;1.64;1.64;1.64;1.64;1.29911628832857;0.8;0.8;0.8;0.8;0.8;0.8;0.8;0.8;0.8;0.8;0.8;0.8;1.19190637829527;1.2;1.2;1.2;1.2;1.50513225721802;2.59016061922583;2.68;2.68;2.68;2.68;2.68;2.57220163272092;1.09938172573446;1.52;1.52;1.52;1.92306829034425
1.64;1.64;1.54169621425738;0.812604212751976;0.8;0.8;0.8;0.8;0.793729038030207;0.42349885050827;0.674496918463418;0.8;0.8;0.847771266829485;1.49072189318363;1.63977555003717;1.64;1.49454327086883;0.965933157768321;0.815699669537077;0.8;0.8;0.8;0.8;0.8;0.8;0.8;0.8;0.8;0.8;0.8;0.8;1.13700615618234;1.2;1.2;1.2;1.2;1.2;2.30608639749931;2.68;2.68;2.68;2.68;2.68;1.49981325791781;1.06024693820922;1.52;1.52;1.52;1.52
1.61927500599653;1.60931077093619;1.26807035783986;0.8;0.8;0.8;0.8;0.8;0.8;0.8;0.8;0.8;0.8;0.8;0.881175465451699;0.999777914223115;1.52368959235007;0.889698218652099;0.8;0.8;0.8;0.8;0.8;0.8;0.8;0.8;0.8;0.8;0.8;0.8;0.8;0.8;0.92331165671374;1.19199824875465;1.2;1.2;1.2;1.2;2.15549113821913;2.68;2.68;2.68;2.68;2.68;1.41738427038342;1.52;1.52;1.52;1.52;1.52
1.47115011393508;0.978417778138815;0.890505076689271;0.8;0.8;0.8;0.8;0.8;0.8;0.8;0.8;0.8;0.8;0.8;0.8;0.8;0.8;0.8;0.8;0.8;0.8;0.8;0.8;0.8;0.8;0.8;0.8;0.8;0.8;0.8;0.8;0.8;0.8;1.09363291562499;1.2;1.2;1.2;1.2;1.76820644915787;2.68;2.68;2.78931573806327;2.85895263890345;2.84318720285828;1.40816944517582;1.38589643290483;1.52;1.52;1.52;1.52
0.8;0.8;0.8;0.8;0.8;0.8;0.8;0.8;0.8;0.8;0.8;0.8;0.8;0.8;0.8;0.8;0.8;0.8;0.8;0.8;0.8;0.8;0.8;0.8;0.8;0.8;0.8;0.8;0.8;0.8;0.8;0.8;0.8;0.891448254528148;1.18052693111278;1.2;1.2;1.2;1.22931998565658;2.40135201415245;2.91073963220802;3.18353892260337;3.2;3.14587899573665;2.30577452315906;0.868968070535309;1.52;1.52;1.52;1.52
0.8;0.8;0.8;0.8;0.8;0.8;0.8;0.8;0.8;0.8;0.8;0.8;0.8;0.8;0.8;0.8;0.8;0.8;0.8;0.8;0.8;0.8;0.8;0.8;0.8;0.8;0.8;0.8;0.8;0.8;0.8;0.8;0.8;0.8;1.05033671452672;1.2;1.2;1.2;1.2;2.47795259254563;3.05080331931822;2.91043115345312;2.78944365735019;2.70284312954372;2.68;0.79139550617777;1.49631586509552;1.52;1.52;1.52
0.8;0.8;0.8;0.8;0.8;0.8;0.8;0.8;0.8;0.8;0.8;0.8;0.8;0.8;0.8;0.8;0.8;0.8;0.8;0.8;0.8;0.8;0.8;0.8;0.8;0.8;0.8;0.8;0.8;0.8;0.8;0.8;0.8;0.8;0.86463939485729;1.16407810641593;1.2;1.2;1.2;2.20270796225966;1.2;1.68648411112433;2.68;2.68;2.68;1.82079445056985;1.35696863761833;1.52;1.52;1.52
0.8;0.8;0.8;0.8;0.8;0.8;0.8;0.8;0.8;0.8;0.8;0.8;0.8;0.8;0.8;0.8;0.8;0.8;0.8;0.8;0.8;0.8;0.8;0.8;0.8;0.8;0.8;0.8;0.8;0.8;0.8;0.8;0.8;0.8;0.8;1.00711754489064;1.2;1.2;1.2;1.2;1.2;2.04320562576815;2.68;2.68;2.68;2.09274710479318;1.20275395934386;1.52;1.52;1.52
0.8;0.8;0.8;0.8;0.8;0.8;0.8;0.8;0.8;0.8;0.8;0.8;0.8;0.8;0.8;0.8;0.8;0.8;0.8;0.8;0.8;0.8;0.8;0.8;0.8;0.8;0.8;0.8;0.8;0.8;0.8;0.8;0.8;0.8;0.8;0.869741291442886;1.19539073524468;1.2;1.2;1.2;1.2;1.94;2.68;2.68;2.68;1.59754155969952;1.18161794649506;1.01154878037532;1.46899192698297;1.52
0.90188571616883;0.808939478889426;0.8;0.8;0.8;0.8;0.8;0.8;0.8;0.8;0.8;0.8;0.8;0.8;0.8;0.8;0.8;0.8;0.8;0.8;0.8;0.8;0.8;0.8;0.8;0.8;0.8;0.8;0.8;0.8;0.8;0.8;0.8;0.8;0.430615687192285;0.373846727852959;0.375392628736396;0.950088558365369;1.2;1.2;1.2;1.40933323389604;2.13322686057051;2.68;2.68;1.37821294643162;1.35267471370631;0.748418983014734;0.262553443720838;1.00410887746733
1;0.912588002025779;0.8;0.8;0.8;0.8;0.8;0.8;0.8;0.8;0.8;0.8;0.8;0.8;0.8;0.8;0.8;0.8;0.8;0.8;0.8;0.8;0.8;0.8;0.8;0.8;0.8;0.8;0.8;0.8;0.8;0.8;0.799456949033203;0.632002971330276;0.568746683198602;0.792315877753698;0.750104997263157;0.424204173052873;1.14340909733178;1.2;1.2;1.2;1.34388683834527;2.68;2.68;1.05246528544631;0.960462845318655;0.623356515523068;0.692509659189539;0.435330589219296
1;1;0.868090772971247;0.8;0.8;0.8;0.8;0.8;0.8;0.8;0.8;0.8;0.8;0.8;0.8;0.8;0.8;0.8;0.8;0.8;0.8;0.8;0.8;0.8;0.8;0.8;0.8;0.8;0.8;0.8;0.8;0.8;0.628889645317613;0.344167332496278;0.8;0.8;0.8;0.575443694085256;0.794578083219786;1.2;1.2;1.2;1.64209162827264;2.67540439933852;2.46236103623177;0.653586397874729;0.424154164909716;0.8;0.8;0.8
1;1;0.975257486229227;0.8;0.8;0.8;0.8;0.8;0.8;0.8;0.8;0.8;0.8;0.8;0.8;0.8;0.8;0.8;0.8;0.8;0.8;0.8;0.8;0.8;0.8;0.8;0.8;0.8;0.78598859479744;0.696822833633982;0.596646221060306;0.29688184583924;0.546266483082141;0.8;0.8;0.8;0.8;0.8;0.446791369357434;0.613296581894745;1.11744687133173;1.2;1.50536823099256;2.59023127080122;2.49967402772731;4.88161503632269;8.58629562669366;0.658805506780054;0.8;0.8
1;1;1;0.805504285115749;0.8;0.8;0.8;0.8;0.8;0.8;0.8;0.8;0.8;0.8;0.8;0.8;0.8;0.8;0.8;0.8;0.8;0.8;0.8;0.8;0.8;0.776758190060162;0.457044959895154;0.372177075666677;0.409959930539131;0.336668182893052;0.443100269748643;0.599822766088027;0.8;0.8;0.8;0.8;0.8;0.8;0.778206624948489;0.59484851251783;0.262719227244851;0.782434703083762;1.09283257825633;1.33510872867439;1.28440507925134;30.9941750971756;34.1652102614328;0.18655223948064;0.781940503577693;0.8
1;1;1;0.826099505886203;0.8;0.8;0.8;0.8;0.8;0.8;0.8;0.8;0.8;0.8;0.8;0.8;0.8;0.8;0.8;0.8;0.8;0.804968198269368;1.25370564951442;0.8;0.795229870720092;0.369192030619229;0.590274885324761;0.781270587171441;0.8;0.749591822279372;0.632965158040077;0.336578576892021;0.8;0.74616731982003;0.649973751553148;0.579461780910972;0.8;0.8;0.8;0.8;0.8;0.670408925602319;0.532195586652194;0.263249393220947;20.3177777194785;52.3266447108487;6.33357839705403;0.325586204083945;0.761590576242573;0.8
1;1;0.980522001286362;0.823605008042913;0.8;0.8;0.8;0.8;0.8;0.8;0.8;0.8;0.8;0.8;0.8;0.8;0.8;0.8;4.3359748180324;0.8;0.8;1.52060327743848;3.1368067565804;1.85794932188867;0.345062243534772;0.598371884280067;0.8;0.8;0.8;0.8;0.8;0.641720046432137;0.637754056541567;0.649030673793952;0.626790356683731;0.417032710964032;0.35054884048576;0.413275407154113;0.33335338800326;0.482206352144329;0.8;0.8;0.8;2.59518178549821;44.9148521497945;53.44;1.61925258472616;0.759631421871051;0.8;0.8
1;1;1;0.895374359357364;0.8;0.8;0.8;0.8;0.8;0.8;0.8;0.8;0.8;0.8;0.8;0.8;0.8;0.8;32.2042710776344;1.90575231090863;0.8;2.66689451923834;2.84762618148228;1.20460104982919;0.672902921971965;0.8;0.8;0.8;0.8;0.8;0.8;0.8;0.8;0.8;0.8;0.8;0.46858065357376;0.380632614979388;0.620182182244212;0.786968820558823;0.8;0.8;0.8;1.9069261130821;53.44;29.8718288572523;2.09937084363578;0.702147065792232;0.8;0.8
1;1;1;0.980684780902015;0.825758469068529;0.8;0.8;0.8;0.8;0.8;0.8;0.8;0.8;0.8;0.8;0.8;0.8;0.8;29.7652297027324;10.8883967993953;38.7333978388618;2.65632713936733;0.732953898779512;0.652159445957813;0.8;0.8;0.8;0.8;0.8;0.8;0.8;0.8;0.8;0.8;0.8;0.8;0.797358468258573;0.311721716752836;0.8;0.8;0.8;0.8;0.8;0.8;27.2542074738841;0.8;0.737092882442844;0.333949175296541;0.8;0.8
1;1;1;1;0.917502495425898;0.8;0.8;0.8;0.8;0.8;0.8;0.8;0.8;0.8;0.8;0.8;0.8;3.65968665651038;32.2414326889643;33.8758937657638;25.06647244192;0.699641060829323;0.727243422998864;0.8;0.8;0.8;0.8;0.8;0.8;0.8;0.8;0.8;0.8;0.8;0.8;0.8;0.8;0.390873091548479;0.52833231803689;0.8;0.8;0.8;0.8;0.8;0.8;0.8;0.8;0.548810363462567;0.511577046834066;0.467178900230151
1;1;1;1;0.985712352510542;0.8;0.8;0.8;0.8;0.8;0.8;0.8;0.8;0.8;28.0432310874611;5.90570170377919;14.3398644356705;22.5076725901217;41.138947265774;44.36;27.3464913802835;0.584679801137356;0.8;0.8;0.8;0.8;0.8;0.8;0.8;0.8;0.8;0.8;0.8;0.8;0.8;0.8;0.8;0.704316249975331;0.248519567558856;0.717545713513009;0.8;0.8;0.8;0.8;0.8;0.8;0.8;0.767977790349424;0.758541908164322;0.77224431618797
1;1;1;1;1;0.848441371795436;0.8;0.8;0.8;0.8;0.8;0.8;0.8;0.8;34.7086865504314;22.3107423226743;19.0322432428335;37.4884345039455;36.5407247897226;44.36;14.5892182875257;0.8;0.8;0.8;0.8;0.8;0.8;0.8;0.8;0.8;0.8;0.8;0.8;0.8;0.8;0.8;0.8;0.8;0.599817373137986;0.312568767092016;0.8;0.8;0.8;0.8;0.8;0.8;1.08398705917692;0.8;0.8;0.8
1;1;1;1;1;0.95513939104577;0.828997786379652;0.837671170172789;0.8;0.8;0.8;0.8;0.8;0.8;14.9399833611921;28.3168610233642;33.9201218043488;44.36;44.36;43.2855546157713;2.37679001320919;0.8;0.8;0.8;0.8;0.8;0.8;0.8;0.8;0.8;0.8;0.8;0.8;0.8;0.8;0.8;0.8;0.8;0.8;0.748883045234108;0.518814424238917;0.798376409085405;0.8;0.8;0.8;0.8;1.44176574071642;0.924353797269803;0.8;0.8
1;1;1;1;1;1;1;0.99100418854498;0.840490407848488;0.8;0.8;0.897362051280883;0.8;0.8;20.8298519271924;8.23528150025624;21.9938970647482;44.36;44.36;38.8652822483739;0.532658949212819;0.8;0.8;0.8;0.8;0.8;0.8;0.8;0.8;0.8;0.8;0.8;0.8;0.8;0.8;0.8;0.8;0.8;0.8;0.8;0.497248249018192;0.509097600267828;0.8;0.8;0.8;0.8;1.12843869818002;1.66959372291379;1.59593526614396;0.965262576265142
1;1;1;1;1;1;1;1;0.959884360109575;0.8202643033595;0.800304623409153;1.3496131311409;22.9907902567049;6.38410721582614;14.8277692863012;34.7931658644208;41.0195207354857;43.4801017680917;44.36;29.7006913373139;0.379853305244818;0.8;0.8;0.8;0.672731530213531;0.727013718501211;0.567553337018427;0.8;0.8;0.8;0.8;0.8;0.8;0.8;0.8;0.8;0.8;0.8;0.8;0.8;0.782010773146813;0.340226595385961;0.768911659426891;0.8;0.8;0.8;1.29742089871764;1.76;1.76;1.67190678840636
1;1;1;1;1;1;1;1;1;0.928178772934304;1.1631541169564;1.64215888814448;19.902180485061;43.3484884218348;34.6993028540517;44.36;44.36;25.6257856599404;38.6953648842285;38.49282056944;8.00480675488205;0.8;0.8;0.8;0.41218374915317;0.349150242499084;0.722873880282377;0.8;0.8;0.8;0.8;0.8;0.8;0.8;0.8;0.8;0.8;0.8;0.8;0.8;0.8;0.667145046272919;0.331480703475649;0.8;0.8;0.8;1.28019021310935;1.76;1.76;1.76
1;1;1;1;1;1;1;1;1;1;1.29236135597166;1.4016799672131;2.24202468207436;7.70492667076347;39.4762411524829;14.513889523351;44.36;30.0017799028629;1.64;25.277990241228;20.5064502062741;0.507182900013897;0.764882363206707;0.629783617148309;0.279460445552215;0.470153192193061;0.8;0.8;0.8;0.8;0.8;0.8;0.8;0.8;0.8;0.8;0.8;0.8;0.8;0.8;0.8;0.8;0.694317504845009;0.8;0.8;0.8;0.834568955281934;1.67470670731981;1.76;1.76
1;1;1;1;1;1;1;1;1;1;1;1.02265676182998;1.48273133268168;5.37669849590135;13.3668265854163;1.64;44.1631274857271;34.228391533669;1.64;7.14511373653621;15.1393756972079;0.9946227825502;0.325407934818707;0.289907352336478;0.75009674465618;0.522347902655609;0.8;0.8;0.8;0.8;0.8;0.8;0.8;0.8;0.8;0.8;0.8;0.8;0.8;0.8;0.8;0.8;0.8;0.8;0.664074472256176;0.574051034542595;0.79179099205331;0.959805610038452;1.41475203183405;1.65432393441722
1;1;1;1;1;1;1;1;1;1;1;1;0.877680503793169;0.825062852142006;1.10623116326912;12.3888527087605;33.3095316112289;5.16119974768211;8.4336027097126;1.64;1.64;1.6401035150457;0.993784056985073;0.388030670837828;0.719284076389701;0.355272905842864;0.8;0.8;0.8;0.8;0.8;0.8;0.8;0.8;0.8;0.8;0.8;0.8;0.8;0.8;0.8;0.8;0.8;0.8;0.745076535985049;0.330488307509383;0.715679810372182;0.8;0.8;0.811152272155935
1;1;1;1;1;1;1;1;1;1;1;1;0.924534762597613;0.8;0.838304451723371;4.32462468746463;26.1305756504648;32.553830663813;1.64;1.52313957320893;1.08664137060954;0.888645186812952;0.564354582564122;0.680608282239254;0.794542503952143;0.780483457393944;0.8;0.8;0.8;0.8;0.8;0.8;0.8;0.8;0.8;0.8;0.8;0.8;0.8;0.8;0.8;0.8;0.8;0.8;0.8;0.523466237479448;0.540449512856122;0.8;0.8;0.8
1;1;0.942270971193211;0.815814584835898;0.984453808996769;1;1;1;1;1;1;1;0.972050022568978;0.820866342989554;0.86074397849692;1.33843951577105;1.64;1.90026918119305;1.50475892042025;0.573313125511134;0.66586209809687;0.766395102705806;0.8;0.8;0.8;0.8;0.8;0.8;0.8;0.8;0.8;0.8;0.8;0.8;0.8;0.8;0.8;0.8;0.8;0.8;0.8;0.8;0.8;0.8;0.8;0.636204465700591;0.489132425767674;0.8;0.708348812637198;0.66473108946085
1;0.769159052146358;0.353342702778877;0.574990655887378;0.442700817640676;0.994587149210912;1;1;1;1;1;1;1;1.40340083895434;1.5381203718672;1.33158895398621;1.12512938644411;0.918741669407021;0.440174033369092;0.68397065243481;0.8;0.8;0.8;0.8;0.8;0.8;0.8;0.8;0.8;0.8;0.8;0.8;0.8;0.854696045926743;1.19475267310823;0.8;0.8;0.8;0.8;0.8;0.404986851050736;0.448346223257887;0.795216700755205;0.8;0.8;0.8;0.385515384673022;0.396282942623543;0.393685026286013;0.316272783157676
0.926991823498741;0.50429515563499;1.08;1.08;0.616659677135195;0.9091521790158;1;1;1;1;1;0.861254712000562;0.244781058857241;0.121098874606973;0.0445620007022284;0.0546368287217803;0.32256838267701;0.59664055271786;1.03519343111477;0.831811266929327;0.8;0.8;0.8;0.8;0.8;0.8;0.8;0.8;0.8;0.8;0.8;0.8;0.8;0.833210628991577;1.3373365984661;0.8;0.8;0.8;0.8;0.8;0.202935637035615;0.00493138638463261;0.601830831489497;0.8;0.8;0.8;0.8;0.681539668698402;0.510955909603268;0.732481357624753
0.453683341584681;1.04627050988204;1.08;1.08;0.82750473464001;0.636815998667497;1;1;1;1;0.919609305984915;0.131037390306688;0.187704652739693;0.495749230114743;0.292664036210496;0.08;0.866252945250169;1.08;1.03476970425574;0.822373321223105;0.792565033983728;0.8;0.8;0.7672574740563;0.823932937748172;0.833973088803142;0.844416050110105;0.814841928518134;0.808258458620639;0.8;0.8;0.8;0.8;0.8;0.833658877147023;1.0481037539951;0.8;0.8;0.8;0.8;0.737561240960429;0.313265455091311;0.116463805880329;0.643043874332958;0.8;0.8;0.8;0.8;0.540052636649356;0.602396850940585
0.925542643213761;1.08;1.08;1.08;1.04725193707537;0.451080402769555;0.677724262289652;0.85129185308353;0.725042010908946;0.40945073912543;0.0395099406462671;0.178340366923752;0.660083560321737;1.08;0.846972639444702;0.631157900018378;0.20859318573699;0.165671526271617;0.08;0.0880506349534786;0.23247020752034;0.220297230236385;0.588551283305911;0.688085520328633;0.88;0.88;0.88;0.88;0.871842629865806;0.86244179398379;0.828127512938874;0.800535547757124;0.8;0.8;0.8;0.926602920911762;0.8;0.8;0.8;0.8;0.8;0.799020340219446;0.742148963981672;0.4967140883014;0.745413745794197;0.8;0.8;0.8;0.786353188604861;0.388965247829115
1.08;1.08;1.08;1.08;1.08;1.01900071772368;0.681744165614511;0.695086610363703;0.831438127371669;0.967742324991105;0.67524455010854;0.654147573491114;0.988107594431273;1.08;1.08;1.08;0.502860223290501;0.08;0.304560880133882;0.60457904393971;0.561381655581528;0.238998468414554;0.380129251446113;0.88;0.88;0.88;0.88;0.88;0.88;0.88;0.88;0.838089291134278;0.800123987860548;0.8;0.8;0.8;1.00416948149346;0.8;0.8;0.8;0.8;0.8;0.8;0.8;0.8;0.8;0.8;0.8;0.8;0.514766014503688
1.08;1.08;1.08;1.08;1.08;1.08;1.08;1.08;1.08;1.08;1.08;1.08;1.08;1.08;1.08;1.08;1.04145078572379;0.474580217075173;0.781210423616963;0.88;0.88;0.856037932172407;0.678746305216361;0.88;0.88;0.88;0.88;0.88;0.88;0.88;0.88;0.88;0.843648463223355;0.813529395765761;0.8;0.8;1.30284678378615;1.11503489586974;0.8;0.8;0.8;0.8;0.8;0.8;0.8;0.8;0.8;0.8;0.8;0.505572462778539
1.08;1.08;1.08;1.08;1.08;1.08;1.08;1.08;1.08;1.08;1.08;1.08;1.08;1.08;1.08;1.08;1.08;0.945939736743175;0.481001215258634;0.872227635807401;0.88;0.88;0.88;0.88;0.88;0.88;0.88;0.88;0.88;0.88;0.88;0.88;0.88;0.874871455274184;0.834747592483035;0.960150046961379;1.59726873321128;0.932210602375941;0.843154956246872;0.805828525305543;0.8;0.8;0.8;0.8;0.8;0.8;0.8;0.8;0.8;0.780177714717662
1.08;1.08;1.08;1.08;1.08;1.08;1.08;1.08;1.08;1.08;1.08;1.08;1.08;1.08;1.08;1.08;1.08;1.08;0.937205054522153;0.629634224755631;0.88;0.88;0.88;0.88;0.88;0.88;0.88;0.88;0.88;0.88;0.88;0.88;0.88;0.88;0.88;0.873320935773525;0.973413893896775;0.88;0.88;0.871122628739689;0.815640236435478;0.8;0.8;0.8;0.8;0.8;0.8;0.8;0.8;0.8
1.08;1.08;1.08;1.08;1.08;1.08;1.08;1.08;1.08;1.08;1.08;1.08;1.08;1.08;1.08;1.08;1.08;1.08;0.932001112883689;0.242526374713034;0.799070587379235;0.88;0.88;0.88;0.88;0.88;0.88;0.88;0.88;0.88;0.88;0.88;0.88;0.88;0.88;0.88;0.88;0.88;0.88;0.88;0.633065176677188;0.531893995712171;0.8;0.8;0.8;0.8;0.8;0.8;0.8;0.8
1.08;1.08;1.08;1.08;1.08;1.08;1.08;1.08;1.08;1.08;1.08;1.08;1.08;1.08;1.08;1.08;1.08;1.08;1.08;0.887114905498456;0.692437259881757;0.88;0.88;0.88;0.88;0.88;0.88;0.88;0.88;0.88;0.88;0.88;0.88;0.88;0.88;0.88;0.88;0.88;0.88;0.88;0.43093432557201;0.0584642729276064;0.772639816263691;0.8;0.8;0.8;0.8;0.8;0.8;0.8
1.08;1.08;1.08;1.08;1.08;1.08;1.08;1.08;1.08;1.08;1.08;1.08;1.08;1.08;1.08;1.08;1.08;1.08;1.08;0.995731939601145;0.663875948491999;0.88;0.88;0.88;0.88;0.88;0.88;0.88;0.88;0.88;0.88;0.88;0.88;0.88;0.88;0.88;0.88;0.88;0.88;0.877437479455646;0.500107308197238;0.123180842479322;0.749880908626312;0.8;0.8;0.8;0.8;0.8;0.8;0.8
1.05107976463732;1.0749892694827;1.08;1.08;1.08;1.08;1.08;1.08;1.08;1.08;1.08;1.08;1.08;1.08;1.08;1.08;1.08;1.08;1.08;1.06380761065965;0.88;0.88;0.88;0.88;0.88;0.88;0.88;0.88;0.88;0.88;0.88;0.88;0.88;0.88;0.88;0.88;0.88;0.88;0.88;0.88;0.83480054131512;0.183024701659614;0.8;0.8;0.8;0.8;0.8;0.8;0.8;0.8
1;1.33312636546608;1.49755780850048;1.13855988440339;1.12823065778026;1.08;1.08;1.08;1.08;1.08;1.08;1.08;1.08;1.08;1.08;1.08;1.08;1.07515235498641;0.991332019713242;0.894742841352583;0.88;0.88;0.88;0.88;0.88;0.88;0.88;0.88;0.88;0.88;0.88;0.88;0.88;0.88;0.88;0.88;0.88;0.88;0.88;0.88;0.838497119262617;0.683036137290994;0.8;0.588705907991906;0.73556632073316;0.430630484057016;0.8;0.8;0.8;0.8
1.09632720412624;1.79512300104972;1.53875206980966;1.62168536048119;1.62507734203249;1.48079779309626;1.44776550342668;1.49250925738393;1.12916529646034;1.08;1.08;1.08;1.08;1.08;1.08;1.08;1.05124762312316;0.924746989973075;0.88;0.88;0.88;0.88;0.88;0.88;0.88;0.88;0.88;0.88;0.88;0.88;0.88;0.88;0.88;0.88;0.88;0.88;0.88;0.88;0.88;0.847811411874547;0.815362630604858;0.678887824437693;0.762265461294798;0.135026108599141;0.133167430881168;0.0802272589830663;0.680661602379638;0.8;0.8;0.8
1.65295925297582;1.42131239894642;1;1;1;1;1.01551810149053;1;1.49206313113442;1.08;1.08;1.08;1.08;1.08;1.08;0.969923726445064;0.901476531900254;0.88;0.88;0.88;0.88;0.88;0.88;0.88;0.88;0.88;0.88;0.88;0.88;0.88;0.88;0.88;0.88;0.88;0.88;0.88;0.88;0.88;0.850387250077511;0.43944152996361;0.626813247738118;0.251197492130856;0.0865496704529656;0.04;0.04;0.04;0.449577589700744;0.8;0.8;0.8
1.64778388787687;1.0206926037317;1;1;1;1;1;1;1.35996686755631;1.17845063944668;1.08;1.08;1.07869231298543;1.02338682703348;0.918195160734905;0.88;0.88;0.88;0.88;0.88;0.88;0.88;0.88;0.88;0.88;0.88;0.88;0.88;0.88;0.88;0.88;0.88;0.88;0.88;0.88;0.88;0.877552117898607;0.815950092383474;0.801709760673358;0.265346391561202;0.671845826356627;0.197566104014803;0.04;0.04;0.04;0.04;0.0694764406441062;0.8;0.8;0.8
1;1;1;1;1;1;1;1;1;1.14052676644994;1.08;1.07478011193429;0.858141604904543;0.44759172636831;0.651282725967673;0.88;0.88;0.88;0.88;0.88;0.88;0.88;0.88;0.88;0.88;0.88;0.88;0.88;0.88;0.88;0.88;0.88;0.88;0.88;0.88;0.88;0.88;0.829324641128617;0.8;0.178962655579493;0.289565555770723;0.531261501295855;0.04;0.04;0.04;0.04;0.04;0.783559627533712;0.8;0.8
