1.76;1.76;1.2523803522583;0.88;0.88;0.88;0.88;4.85428892083898;6.02038499716385;39.6957938828741;42.49186704898;43.32;42.0007726761124;20.968100704006;0.88;0.88;0.88;0.88;0.88;0.88;0.953549930848926;1.76;1.76;1.76;1.76;1.76;1.76;1.76;1.76504484464779;1.52538475446086;0.92;0.92;0.92;0.92;0.904682973144009;0.893235991576081;0.899970135276485;0.909290136428537;0.92;0.92;0.92;0.92;0.92;0.92;0.92;0.92;0.92;0.92;0.92;0.92
1.76;1.72749929787501;1.03085821962075;0.88;0.88;0.88;0.88;23.97540715843;20.7275468094623;16.6841009525695;24.5413111580631;7.32911847158135;1.45997184504033;0.88;0.88;0.88;0.88;0.88;0.88;0.88;0.88;1.0950235928428;1.39815816756253;1.64715127176795;1.74242728810217;1.65570512965226;1.76;1.76146656028181;1.79097257824054;1.75854577409271;1.3752724304256;1.53035739009581;1.15867591065118;0.92;0.92;0.92;0.92;0.92;0.92;0.92;0.92;0.92;0.92;0.92;0.92;0.92;0.92;0.92;0.92;0.92
1.51894162259909;1.36145166797768;0.88;0.88;0.88;0.88;0.88;14.0861020551;5.1090320754167;0.88;7.13199295658691;0.88;0.88;0.88;0.88;0.88;0.88;0.88;0.88;0.88;0.88;0.88;0.88;0.938134510542732;0.90168693490345;0.919148616277043;1.03744606022547;1.26297989019576;1.37631852587754;1.66039147915034;1.84;1.84;1.75996484636076;1.27021213632127;0.92;0.92;0.92;0.92;0.92;0.92;0.92;0.92;0.92;0.92;0.92;0.92;0.92;0.92;0.92;0.92
0.885915908184508;0.946817295107991;0.891885983126799;0.88;0.88;0.88;0.88;0.88;0.88;0.88;0.88;0.88;0.88;0.88;0.88;0.88;0.88;0.88;0.88;0.88;0.88;0.88;0.88;0.88;0.88;0.88;0.897572667879146;0.92;0.92;1.06611517979584;1.72963012209566;1.84;1.84;1.22033579482449;0.92;0.92;0.92;0.92;0.92;0.92;0.92;0.92;0.92;0.92;0.92;0.92;0.92;0.92;0.92;0.92
1.30616321211746;1.32;1.25467273089962;1.11535646777672;1.06518036584942;0.886076659424777;0.88;0.88;0.88;0.885323571665026;0.952663512794079;0.88;0.88;0.88;0.88;0.88;0.88;0.88;0.88;0.88;0.88;0.88;0.88;0.88;0.88;0.881853323364466;0.911492573108932;0.92;0.92;0.971298294515451;1.81322931143457;1.84;1.6457750723945;1.0142665688082;0.92;0.92;0.92;0.92;0.92;0.92;0.92;0.92;0.92;0.92;0.92;0.92;0.92;0.92;0.92;0.92
1.32;1.32;1.32;1.32;1.32;1.16006085952499;0.905078194033826;0.952868344302655;1.58051789750139;1.72590832903087;1.59070888906028;0.88;0.88;0.884898802780127;0.886067672611981;0.88;0.88;0.88;0.88;0.88;0.88;0.88;0.88;0.88;0.88;0.898430707467695;0.92;0.92;1.02087036801572;1.17311232393482;1.83059356079834;1.81818652632154;1.01085889085657;0.92;0.92;0.92;0.92;0.92;0.92;0.92;0.92;0.92;0.92;0.92;0.92;0.92;0.92;0.92;0.92;0.92
1.32;1.32;1.32;1.32;1.32;1.32;1.23607738547686;1.44381579015313;2.2659904649826;2.47697439104215;2.20505628278611;2.05098084509121;1.05772247584249;0.92;0.917599501536712;0.909768903011253;0.896087309257673;0.88514016998638;0.88;0.88;0.88;0.88;0.890357029042987;0.911008544847323;0.917636131072231;0.911690433290994;0.92;1.46186535915083;1.84;1.84;1.84;1.84;0.974873609866574;0.92;0.92;0.92;0.92;0.92;0.92;0.92;0.92;0.92;0.92;0.92;0.92;0.92;0.92;0.92;0.92;0.92
1.32;1.32;1.32;1.32;1.32;1.32;1.32;1.34750156823278;2.28085077385863;2.35375950313408;2.36145581517903;2.52;1.59934651337367;0.92;0.92;0.92;0.92;0.917044731764087;0.908280461345287;0.894777950108971;0.910317049692159;0.917235580532812;0.92;0.92;0.92;0.92;0.92;1.75464152978902;1.84;1.84;1.84;1.84;1.21511303998212;0.92;0.92;0.92;0.92;0.92;0.92;0.92;0.92;0.92;0.92;0.92;0.92;0.92;0.92;0.92;0.92;0.92
1.32;1.32;1.32;1.32;1.32;1.32;1.32;1.35873580467835;1.88573340292592;1.40081956978476;1.58331742434237;2.21815285005095;1.85901379775423;0.999307961229135;0.92;0.92;0.92;0.92;0.92;0.92;0.92;0.92;0.92;0.92;0.92;0.92;1.12028313540261;1.82285859692571;1.84;1.84;1.84;1.84;1.67728233127021;0.92;0.92;0.92;0.92;0.92;0.92;0.92;0.92;0.92;0.92;0.92;0.92;0.92;0.92;0.92;0.92;0.92
1.32;1.32;1.32;1.32;1.32;1.32;1.32;1.32;1.32;1.32;1.32;1.32;1.09162228660249;0.92;0.92;0.92;0.92;0.92;0.92;0.92;0.92;0.92;0.92;0.92;0.92;0.92;1.36948561741448;1.84;1.84;1.84;1.84;1.84;1.80970186018567;1.07060777613213;0.92;0.92;0.92;0.92;0.92;0.92;0.92;0.92;0.92;0.92;0.92;0.92;0.92;0.92;0.92;0.95056406145487
1.32;1.32;1.32;1.32;1.32;1.32;1.32;1.32;1.32;1.32;1.32;1.31446806435788;0.943868272733112;0.92;0.92;0.92;0.941576620402485;0.92;0.92;0.963773827807283;0.92;0.92;0.92;0.92;0.92;0.92;1.65493631504445;1.84;1.84;1.84;1.84;1.84;1.76128797224802;1.0303734351862;0.92;0.92;0.92;0.92;0.92;0.92;0.92;0.92;0.92;0.92;0.92;0.92;0.92;0.92;1.26655460292532;1.82977524465993
1.32;1.32;1.32;1.32;1.32;1.32;1.32;1.32;1.32;1.32;1.32;1.32;0.961165452822112;0.92;0.92;1.12983015712316;1.61653815268523;1.10326065085433;0.92;1.49827691968827;1.28548895934368;0.92;1.07681236457271;10.0352657020106;6.17073763493418;1.03723057995399;1.60717732197977;1.64107097100599;1.84;1.84;2.9955005416615;21.4473556697654;1.13105357886788;0.92;0.92;0.92;0.92;0.92;0.92;0.92;0.92;0.92;0.92;0.92;0.92;0.92;0.92;0.92;1.53354945979042;1.84
1.32;1.32;1.32;1.32;1.32;1.32;1.32;1.32;1.32;1.32;1.32;1.30274048834684;0.983146853276622;0.92;0.92;1.35200930734891;1.84;1.68793698346787;1.50749375668005;1.83847236337476;1.75960225230198;1.32361320043456;21.2804272784527;26.5565804143123;4.33596593421955;0.92;0.92;0.94655936078652;1.65027744902917;1.84;8.98120117881121;32.0692450776315;0.92;0.92;0.92;0.92;0.92;0.92;0.92;0.92;0.92;0.92;0.92;0.92;0.92;0.949344437627557;1.01924044549558;1.04697284580569;1.58988402871261;2.0355751355751
1.32;1.32;1.32;1.32;1.32;1.32;1.32;1.32;1.32;1.32;1.32;1.29319731421256;0.92;0.92;0.92;1.58300484192624;1.84;1.84;1.84;1.84;1.84;4.92387657545087;30.7806548235965;9.07701157113156;0.92;32.7333078206409;12.0279850648877;0.980743386003577;1.94131207591266;14.591702693256;35.823065400688;4.53533334853838;0.92;0.92;0.92;0.92;0.92;0.92;0.92;0.92;0.92;0.92;0.92;0.922698164391331;1.01782140132424;1.09322915134436;1.12;1.12;1.21400816586304;2.04908956049433
1.32;1.32;1.32;1.32;1.32;1.32;1.32;1.32;1.32;1.32;1.32;1.20329018444748;0.920931987899167;0.92;0.92;1.51474332540324;1.84;1.84;1.84;1.84;1.69220121258803;12.5777117482083;45.44;31.2986163554838;15.0803050742349;38.3759167354041;3.49001188272598;0.92;2.37448653411721;42.9207201823003;31.0883091067152;0.92;0.92;0.92;0.92;0.92;0.92;0.92;0.92;0.92;0.92;0.92;0.92;1.01820850398372;1.12;1.12;1.12;1.12;1.12;1.12
1.32;1.32;1.32;1.32;1.32;1.32;1.32;1.32;1.32;1.32;1.32;1.12000086574643;0.92;0.92;0.92;1.22616285388185;1.41608293697298;1.84;1.84;1.71146042858844;0.96836202784927;3.67125220501678;33.4562180691991;28.1869881060378;40.9212750892957;37.2262504758953;32.8334449044511;37.5409785326497;35.5314642843482;36.5627863719708;30.9143603559857;1.35536521637398;2.87203090115049;0.92;0.92;0.92;0.92;0.92;0.92;0.92;0.92;0.92;0.92;0.992116793082096;1.12;1.12;1.12;1.12;1.12;1.12
1.32;1.33324657658548;1.50070272798417;1.32;1.32;1.32;1.32;1.32;1.32;1.32;1.32;1.30083407435708;1.20756014502485;0.980503957391284;0.930699677037957;0.92;0.92;1.24035526128262;1.34319453743437;1.31921677787558;0.92;0.92;0.92;0.92;8.94629196476119;1.0307760608376;9.77458496774087;15.430976572812;45.44;45.44;45.44;44.1030374727375;38.2848532529071;24.329093272478;0.92;0.92;0.92;0.92;0.92;0.92;0.92;0.92;0.92;0.962602170653408;1.09750032701856;1.10934427672216;1.12;1.11875587409283;1.12;1.12
1.32;1.70647980083892;2.52;1.85205730946944;1.32;1.32;1.32;1.32;1.32;1.32;1.32;1.32;1.32;1.31713069740863;1.18770973196645;0.92;0.92;0.92;0.92;0.92;0.92;0.92;0.92;0.92;0.92;0.92;0.92;1.31433400792614;15.4634944914343;34.7259771921711;45.44;45.44;45.44;40.0406205750493;12.2952687507408;0.92;0.92;0.92;0.92;0.92;0.92;0.92;0.92;0.920358995705195;0.92;0.949619919918306;0.954033778158043;1.10517336518123;1.12;1.12
2.27742750256788;2.47373108820291;2.52;1.99543383529302;1.32;1.32;1.32;1.32;1.32;1.32;1.32;1.32;1.32;1.32;1.18141600724083;0.92;0.92;0.92;0.92;0.92;0.92;0.92;0.92;0.92;0.92;0.92;0.92;0.92;0.92;24.014334434969;45.0407447956431;28.2444685022949;43.3565034859245;24.8367047671084;0.92;0.92;1.35433075349596;0.936223643117578;0.92;0.92;0.92;0.92;0.92;0.92;0.92;0.92;0.942926596627338;1.12;1.12;1.12
2.52;2.52;2.0650769447517;1.4258914315012;1.32;1.32;1.32;1.32;1.32;1.32;1.32;1.32;1.32;1.32;1.19177128320888;0.932481777982979;0.92;0.92;0.92;0.92;0.92;0.92;0.92;0.97583428730068;1.16653332826905;0.92;0.942060060085091;0.92;0.92;16.9498993621883;22.1308702088575;1.92018928895762;9.31719151184186;1.01068796793528;0.92;0.944927998708876;1.46397100831067;0.932698657012499;0.92;0.92;0.92;0.92;0.929588039038867;0.94204602857335;0.927956490331382;0.92;1.00823369073605;1.12;1.12;1.12
2.52;2.52;1.42534967431071;1.32;1.32;1.32;1.32;1.32;1.32;1.32;1.32;1.32;1.32;1.32;1.32;1.06759014454897;0.92;0.92;1.04389338770574;1.09685499310256;0.92;0.92;0.92;1.46760464464123;1.84;1.77870959941856;1.6750227884187;2.64956869985005;3.02711397822816;3.17161639175183;2.11287308794251;1.84;1.84;1.52559410924149;1.29762342546145;1.50225142767707;1.57545316124136;0.92;0.92;0.92;0.92;0.92;1.02305723967047;1.11092441987665;1.10239238477084;1.04053625626345;1.0838412980886;1.12;1.12;1.12
2.32128064668247;1.86221671858961;1.32;1.32;1.32;1.32;1.32;1.32;1.32;1.32;1.32;1.32;1.32;1.32;1.32;1.26446436642576;0.92;0.92;1.33230016627431;1.82429552968257;1.26267682370282;0.927113373089849;1.40879981390675;1.82684659273966;1.84;1.84;2.0743773133675;2.99426046017749;3.2;2.72818165598687;1.84;1.84;1.84;1.84;1.84;1.84;1.49947623100905;0.92;0.92;0.92;0.92;0.958429030311684;1.11453957632411;1.12;1.12;1.12;1.12;1.12;1.12;1.12
1.78036984243795;1.32;28.6825022152918;33.2808308437251;24.8923272700955;1.89168590430761;1.32;1.32;1.32;1.32;1.32;1.32;1.32;1.32;1.32;1.13226819673057;0.92;0.967154676848554;1.68660139227652;1.84;1.84;1.45021113562439;0.983856488854726;1.11216722031691;1.75526827844701;1.84;1.82358250299338;1.7870600845622;2.23269079218864;2.19390450673661;1.84;1.84;1.84;1.84;1.84;1.84;1.84;1.74500588794573;0.952208912225538;0.92;0.92;0.956611998746917;1.10984039961429;1.12;1.12;1.12;1.12;1.12;1.12;1.12
2.52;2.41197780624883;39.9245024767718;79.36;78.6375979875128;28.3425142633683;1.32;1.32;1.32;1.32;1.32;1.32;1.32;1.32;1.32;1.03690833388504;0.92;0.92;1.03840267152601;1.31689257304327;1.83561773157665;1.84;1.61473692727312;1.01374844283831;1.0215916666265;1.4775771221227;1.52166989158713;1.03854071619296;1.84;1.84;1.84;1.84;1.84;1.84;1.84;1.84;1.84;1.23072648475954;0.920231665556244;0.92;0.92;0.92;0.969001371676001;1.12;1.12;1.12;1.12;1.12;1.12;1.12
57.8671566651837;70.6784382067736;79.36;71.9963490651957;49.666225524086;37.2356955615525;1.32;1.32;1.32;1.32;1.32;1.32;1.32;1.32;1.32;1.28203572128948;0.972910064597522;0.92;0.92;0.92;1.12561792259268;1.76666896327402;1.54216817861727;0.92;0.92;0.92;0.92;0.924100385813934;1.28873757649015;1.76575108149598;1.40424468658904;1.61366984040705;1.84;1.84;1.84;1.84;1.84;1.48545813285587;1.08141333926687;0.92;1.06829198049344;0.92;0.920363515115576;1.11627434883779;1.12;1.12;1.12;1.12;1.12;1.12
63.9230998076106;68.2485157838776;79.36;63.4368852489053;47.9886252467768;8.32602905792629;1.32;1.32;1.32;1.32;1.32;1.32;1.32;1.32;1.30660308824515;1.03360123140593;0.92;0.92;0.92;0.92;0.92;1.03308052073242;0.999418921079442;0.92;0.92;0.92;0.92;0.92;0.92;0.926729335122102;0.92;1.57248105132154;1.84;1.84;1.84;1.84;1.48315170560781;1.81790850175317;1.5862132607412;1.54487191117275;1.45756782257864;0.92;0.92;1.09041404305957;1.12;1.12;1.12;1.12;1.12;1.12
2.52;6.25262890373343;60.6688019805502;79.36;61.3554572928535;11.8326329471144;1.32;1.32;1.32;1.32;1.32;1.32;1.32;1.32;1.09333592953804;0.92;0.92;0.92;0.92;0.92;0.92;0.92;0.92;0.92;0.92;0.92;0.92;0.92;0.92;0.92;0.987707758894992;1.79480263375281;1.84;1.84;1.84;1.82136636844296;1.12264240603709;1.04178891641381;0.938398199609481;1.2192753495203;1.00799771753503;0.92;0.925295400814768;1.07945462395874;1.12;1.12;1.12;1.12;1.12;1.12
12.8193230233088;30.2254631742582;77.1941786661297;53.0808325675922;8.42271969210514;1.32;1.32;1.32;1.32;1.32;1.32;1.32;1.32;1.2108450498213;0.923698234571414;0.92;0.92;0.92;0.92;0.92;0.92;0.92;0.92;0.92;0.92;0.92;0.92;0.92;0.92;0.92;1.20878573788516;1.84;1.84;1.84;1.8284680606478;0.945553917045333;0.92;0.92;0.92;0.92;0.92;0.92;0.926089170377003;1.12;1.12;1.12;1.12;1.12;1.12;1.12
38.9071836132802;61.1025217457342;13.2252254276402;13.9276824262697;1.32;1.32;1.32;1.32;1.32;1.85788970096966;2.14588452501517;1.91673027651245;2.12014267832134;1.76865778469842;1.34660041830855;0.92;0.92;0.92;0.92;0.92;0.92;0.925680902416941;1.42661769094987;1.37083589075422;1.22909098364906;0.999861473644069;0.92;0.92;0.92;0.92;1.47538792428797;1.84;1.84;1.84;1.84;1.40557207812951;1.29724714886926;1.22838977848421;1.50177436870535;1.0438275516212;1.19575000649751;1.35056385948765;1.08131503446108;1.1083460678313;1.12;1.12;1.12;1.12;1.12;1.12
2.52;7.62022492239501;1.85744697856884;1.32;1.32;1.32;1.32;1.32;1.32;2.01825910334802;2.52;2.52;2.52;1.98568110523256;1.0763249741886;0.92;0.92;0.92;0.92;0.92;0.92;0.92;1.60341975578949;1.84;1.84;1.69153039278393;1.07652627935615;0.92;0.92;0.922952048868848;1.7635903602502;1.84;1.84;1.84;1.84;1.84;1.84;1.84;1.84;1.84;1.84;1.84;1.40728211532707;1.12;1.12;1.12;1.12;1.12;1.12;1.12
2.42338217792324;2.4230406285055;2.24516751058382;1.31934360109053;1.30479006066643;1.05716178686867;0.735063773147214;1.23689631338517;1.32;2.22449686691155;1.8770766727523;2.25804511841526;2.24594054060635;1.14917914791625;0.936271192112726;0.92;0.92;0.92;0.92;0.92;0.92;0.92;1.29153554808952;1.84;1.84;1.70992220354251;0.956444239877134;0.92;0.92;1.32828702229679;1.84;1.84;1.84;1.84;1.84;1.84;1.84;1.84;1.84;1.84;1.84;1.84;1.3652577105572;1.16116390917688;1.28822478261884;1.12;1.12;1.12;1.12;1.12
0.994394610014813;1.40346593538532;1.24678948856248;1.25922731482341;1.18072880881753;0.281022372558899;0.24;0.362228568837013;0.736552047828752;1.32;1.32;1.32;1.1200988434185;0.92;0.92;0.92;0.92;0.92;0.92;0.92;0.92;0.856761118000373;0.857966826231877;1.56709744477329;1.64824145826822;1.06126778577783;0.92;0.92;0.92;1.60174804345167;1.84;1.84;1.84;1.84;1.84;1.84;1.74747191318489;1.84;1.84;1.84;1.84;1.84;1.97374213146881;2.04427363573288;2.21688756447937;1.12;1.12;1.12;1.12;1.12
0.215780900642279;0.787713042940981;1.2;1.2;0.733837081816384;0.333170174760814;0.235585794057604;0.228925053069321;0.545106655652113;1.32;1.32;1.32;1.00334718930092;0.92;0.92;0.92;0.92;0.92;0.92;0.92;0.92;0.567659911950575;0.12;1.00639521876983;1.07885156328821;0.92;0.92;0.92;0.92;1.74307956682304;1.84;1.84;1.84;1.8210463585698;1.47978360273289;0.985354083249764;0.92;1.3463625593041;1.82331483200311;1.84;1.84;1.94088634829533;2.32;2.32;2.32;1.17832600244833;1.12;1.12;1.12;1.12
0.116928603510372;0.968387685855774;1.2;1.2;1.17125665368539;0.390847506756917;0.297449681453872;0.865201673324873;1.17501706854655;1.30929648525582;1.32;1.28424219796256;0.92;0.92;0.92;0.92;0.92;0.92;1.2279056803441;1.01013255246019;0.92;0.359590535694438;0.12;0.438236634964539;0.925219585918891;0.92;0.92;0.92;0.92;1.11165112499027;1.51006722623219;1.44034551787931;1.84;1.79972412644485;0.92;0.92;0.92;0.92;1.31300528015573;1.81643150878095;1.84;2.08441325665816;2.32;2.32;2.32;1.34971369545529;1.12;1.12;1.48209439402269;1.12
0.61300159768976;0.98542098095932;1.2;1.2;1.19026482580928;0.893991121552526;1.2;1.2;1.2;1.21540613993214;1.2801734929057;1.1738365253484;0.951047929194447;0.92;0.92;0.92;0.92;0.92;1.72837415278995;1.74528668827731;1.54927883490467;1.43398901698323;1.0145627856099;1.70523978087714;1.16584466933837;0.92;0.92;0.92;0.92;0.92;0.92;0.980007430071999;1.5544166063654;1.31316021149019;0.929513601522123;0.92;0.92;0.92;0.934398027407724;1.03950906284186;1.16873670525518;1.87039821695567;2.32;2.32;1.67609580520278;1.13643213381136;1.80852637068061;1.90508815759485;2.3195947447844;1.71722895068274
0;0.162656617640052;1.2;1.2;1.2;1.2;1.2;1.2;1.2;1.2;1.2;1.2;1.2;0.977781657995546;0.92;0.92;0.92;1.02229451172073;1.6343282371192;1.79636576968288;1.84;1.84;1.84;1.84;1.6991374120587;0.92;0.92;0.92;0.92;0.92;0.92;0.92;0.961727218397106;0.92;0.92;0.92;0.92;0.92;0.92;0.92;0.960354100924516;2.05191578985692;2.32;2.32;1.97364357005708;1.17602039766723;1.47160050044768;1.55015635911832;1.67191104260914;2.32
0;0.00645170647611922;0.710120902785824;1.2;1.2;1.2;1.2;1.2;1.2;1.2;1.2;1.2;1.2;1.14000051428379;0.942034510832146;0.920650493260523;0.92;0.92;0.92;1.07820555941009;1.60581879244215;1.84;1.84;1.84;1.82448320728671;1.14020323755047;0.92;0.92;0.92;0.92;0.960226797282126;1.11296161230556;1.07474188143002;0.92;0.92;0.92;0.92;0.92;0.92;0.92;1.29648820873834;2.12636351033989;2.32;2.32;2.32;2.0919615624456;1.19192329350402;1.12;1.18798927769942;1.89785561720345
0;0;0.760440055139213;1.19948241652546;1.56752402095178;1.55225008087097;1.2;1.2;1.2;1.2;1.2;1.2;1.2;1.2;1.18065438304625;1.10615386324186;1.00937157626568;0.936485219515622;0.92;0.934853254767524;1.61293586033129;1.33852182130264;1.54404335145094;1.74371723970989;1.3417730191973;0.942357917996927;0.92;0.92;0.92;0.92;1.58701491600992;1.77798035020888;1.06917787196148;0.92;0.92;0.92;0.92;0.92;0.92;0.92;1.37352062573674;1.86815798608705;2.31480660876334;2.32;2.32;2.30699560643753;1.34230659802235;1.12;1.12;1.13672280114091
0;0.0801886624031622;0.835822018902243;1.6288945150496;2.01299043254589;1.78946106013194;1.2;1.2;1.2;1.2;1.2;1.2;2.76282616181025;25.8857093093019;23.6921616393084;1.2;1.2;1.13736860993998;0.959721880446784;0.92;0.960385971384601;0.92;0.981624640332881;1.62299455200835;1.32062584969234;0.960445249923929;0.92;0.924671391026104;1.05119955846648;1.12247068894305;2.05730135220918;1.7412582212384;0.92;0.92;0.92;0.92;0.92;0.92;0.92;0.92;1.51961700145522;1.84;2.2536319684867;2.21113682576944;1.35451527956721;1.64453018884909;1.12;1.12;1.12;1.12
0;0.0864370336087886;2.2;2.2;2.2;1.50113119731036;1.2;1.2;1.38336535672147;1.22982819580381;1.2;1.2;16.2576074840138;57.76;35.2214388207662;2.87589150821977;24.9174494915179;12.7329238177988;17.5976429240785;18.0909848240349;0.943573562383195;0.92;0.92;1.42055738521495;1.59933016813169;1.45047724036361;0.92;0.974585594920356;1.12;1.12;1.78343247893223;2.02492569176472;1.44848608269615;0.92;0.92;0.92;0.92;0.92;0.92;0.92;1.01550628736402;1.74011761877814;1.61275943929522;1.39926554911974;1.12;1.12;1.12;1.12;1.12;1.12
0;0.759495102277611;2.18308934453977;2.2;2.04732972026471;1.26643220676146;1.2;1.2;1.55298283957876;2.18792750814993;1.40970849895936;1.80415140453077;5.29904018384604;24.5046993779627;41.5110178474953;56.8973329087649;57.76;52.5945520540242;57.7261141725629;55.8716086421252;28.6633779779204;1.15448918742399;1.0736654030595;0.980163913606179;0.924626434571623;0.92;0.92056061650043;1.07641416916254;1.12;1.32007591618189;2.07248568740289;2.08;1.65305913537809;0.925690179788294;0.92;0.92;0.92;0.92;0.92;0.92;0.92;1.02875610029152;1.09450651392831;1.12;1.12;1.12;1.12;1.12;1.12;1.12
0;1.55786522240075;2.2;2.2;1.84194804452969;1.21846884403526;1.2;1.2;1.79555742789666;2.2;2.2;2.2;1.95051266691531;1.85070197603288;2.87459173845595;37.3164028084959;55.5842195593726;57.76;57.76;57.76;26.889017729287;2.178817993619;1.96571157266293;1.73942025939487;1.68836202826914;1.11140328074129;0.945804080969794;1.11541271149779;1.12;1.71471060650803;2.08;2.08;2.03517197491147;1.20275682864656;0.922886115321668;0.92;0.92;0.92;0.92;0.92;0.94226654137309;1.08008642182312;1.12;1.12;1.12;1.12;1.12;1.12;1.12;1.12
0;0.509767020696452;1.95260260578053;2.2;2.2;2.05179227221915;1.30878732866128;1.2;1.31809665779182;1.76083063945012;2.15957840795383;2.2;2.2;2.2;2.2;2.81900343441971;35.667396686726;57.76;57.76;57.76;12.3527191183234;2.2;2.19775298692385;2.03655201777812;1.91285069129967;1.77689059053259;1.2085852538523;1.12316872836229;1.65207481986709;2.06907482601088;2.08;2.08;1.82018403082197;1.13930248824621;1.02337469511708;0.78603794859604;0.92;0.92;0.92;0.927516876738256;1.09364917488193;1.12;1.12;1.12;1.12;1.12;1.12;1.12;1.12;1.12
0;0;1.0840036660214;2.1953432986114;2.2;2.2;2.03085900250869;1.4439771741103;1.24253940379206;1.42645849323461;2.01691868885823;2.2;2.2;2.2;2.2;22.7848276803822;57.76;57.76;57.76;54.2487235043184;11.3139021460278;2.2;1.92814488840778;1.96142238002367;2.19844516135268;1.93283273378225;1.34699167341218;1.27991346722506;2.04900469623857;1.88577256243813;2.08;2.08;1.76225394107674;0.90540600730777;0.440418027671651;0.418719846069227;0.92;0.92;0.943017087041903;1.05907788609714;1.12;1.12;1.12;1.12;1.12;1.12;1.12;1.12;1.12;1.12
0;0.219512889627159;0.897570613355456;1.23986821315833;1.570066778017;1.83918889035558;2.2;2.2;2.05373739764738;2.15994368409854;2.2;2.2;2.2;2.2;2.2;14.532693208768;57.76;57.76;57.76;50.9954337535005;8.61445056698465;2.2;1.86416805073509;1.32564932716512;1.47636731264781;1.32014610067192;1.13218872680469;1.14664694855213;1.44774387637517;1.15182115518704;1.21270862727897;1.59613900171516;0.735871485167462;0.141231332699159;0.12;0.492472796744425;0.995717978584898;0.935460480078426;1.05598618804751;1.12;1.12;1.12;1.12;1.18413477187415;1.33400442288124;1.12;1.12;1.12;1.12;1.12
0.97282428281079;1.87099689321768;1.98873657376738;1.2;1.2;1.73007288307378;2.2;2.07638323248161;1.47835622467962;2.04179043041736;2.17797824248876;2.2;2.2;2.2;2.2;5.30851440886215;45.9414529460247;57.76;42.8433933183153;8.02553454486677;30.0429480172374;14.919146090651;2.2;1.79150472353596;1.35185082479193;1.05696798297472;1.12;1.12;1.12;1.12;0.583210182215553;0.12;0.12;0.12;0.12;0.436342819059274;1.11331571491943;1.0787259305983;1.10090381973866;0.762580859977848;1.12;1.12;1.12;1.78789808010608;2.06169953864887;1.49903601352838;1.13346500922698;1.12;1.12;1.12544574437477
2.2;1.86563785260889;1.41185284388931;1.2;1.2;1.36664914810649;1.26391337978886;1.2;1.2;1.21457928229234;1.45968346068329;2.10935784655626;2.2;2.2;2.2;15.0730412334231;53.9884438867285;28.6405141317678;25.1819507698188;53.7873108965338;57.76;39.786328887799;2.2;2.2;1.14499667527844;0.166070277174483;0.360137758395867;0.840812672831217;1.12;1.12;1.10349565825036;0.398400583175398;0.12;0.12;0.12;0.312496198860517;0.838860218337446;1.04550823972095;0.417429426936692;0.148858485503588;0.864143024863452;1.12;1.31897186330309;2.08;2.08;2.08;1.60967561409378;1.13067430655295;1.17562503379104;1.2368516586736
1.27721846682834;1.2;1.2;1.2;1.2;1.2;1.2;1.2;1.2;1.2;1.25065945861188;1.80561651108727;2.2;2.2;2.2;2.2;10.0380865248618;3.589829896914;2.22788936282571;4.51250796019848;52.5359421419584;35.2344405933588;2.2;2.15810443502025;1.7489157364001;0.169611567905411;0.12;0.205410060170217;0.905254708007323;1.12;1.01461681686609;0.192617535938693;0.12;0.12;0.12;0.12;0.131753914975834;0.12;0.12;0.12;0.519990629099569;0.972763831810506;0.331481788110625;1.6455217188019;1.93245580363281;1.34602001406402;1.12;1.17819798249484;1.2;1.94857649308237
1.2;1.21797704229836;1.43701307743089;1.28682281939245;1.2;1.2;1.41945655228778;1.7381140299421;1.43695094815688;1.32348271610762;1.76689990749534;2.2;2.2;2.2;2.2;2.2;2.2;2.2;2.2;2.2;27.7793225728944;30.9432615877595;2.19485951685961;2.09229765628708;1.18480041137352;0.131167716874435;0.12;0.12;0.834069525985339;0.955293639286621;0.212940127888834;0.221649232787489;0.319879706807766;0.12;0.12;0.12;0.12;0.12;0.12;0.635392095211185;0.933459595136443;0.332908768633363;0.12;1.0609364868853;1.34081869289381;1.12;1.12;1.17028855131505;1.2;1.61021583424372
1.2;1.30464559988789;2.2;1.78171609105066;1.2;1.2;1.22551152678223;1.6128657391938;2.1717546984728;2.157118431734;2.2;2.2;2.2;2.2;2.2;2.00967525441084;1.6506479183123;1.99859162362502;2.2;2.2;15.5505123161412;10.6173239488236;2.1682841475814;2.08;2.06444340023827;1.37828674197727;0.182269634407728;0.12;0.274863867709013;0.293810765995671;0.304878572950602;0.219541661268014;0.827387879371035;0.250722346229834;0.12;0.12;0.12;0.12;0.12;0.92834205541707;1.85189218824357;0.832701373143809;1.58003260938276;2.07270233791573;1.96815493202313;1.31615119766577;1.12;1.12893760811873;1.2;1.47277032335589
