3.68585689503275;2;2;2;2;2;2;2;2;2;2;2;2;2;2;2;2;2;2;2;2;2;2;2;2;2;2;2;1.99497977494406;1.92928218465224;1.91581817656297;1.99823669263092;2;2;96.3865270976764;149.007549924117;2;2;2;2;2;1.95329616148375;1.62546535772195;1.44;1.44;2.95873439924616;2.43216957501551;1.44;1.44;1.44
11.7257237343373;2;2;2;2;2;2;2;2;2;2;2;2;2;2;2;2;2;2;2;2;2;2;2;2;2;1.99817335529172;1.85884336486906;1.83080776752067;1.76;1.76110770486052;1.77099894890236;9.98902815430631;115.537640136625;136.613601497231;101.089322611379;1.88323649281608;1.92432931642616;1.95316552424554;1.84158204911826;1.76065825540206;1.45130559692113;1.44;1.44;1.44;1.56910010793193;1.44;1.44;1.44;1.44
2;2;2;2;2;2;2;2;2;2;2;2;2;2;2;2;2;2;2;2;2;2;2;2;2;1.96214958857439;1.83210536866432;1.76;1.76;1.76;1.76;1.76;42.7271555310991;113.136995934172;54.7721743088378;2.09414623016005;1.76;1.76;1.76;1.53359602091944;1.50219730614396;1.44;1.44;1.44;1.44;1.44;1.44;1.44;1.44;73.1178852812413
2;2;2;2;2;2;2;2;2;2;2;2;2;2;2;2;2;2;2;2;2;2;2;2;1.97940462884853;1.80272068125497;1.76;1.76;1.76;1.76;1.76;1.76;1.76;30.380636860133;4.94871483218035;1.76;1.76;1.76;1.76;1.76;1.74674976361068;1.54902736299899;1.44;1.44;1.44;1.44;1.44;1.44;1.44;62.179857394118
2;2;2;2;2;2;2;2;2;2;2;2;2;2;2;2;2;2;2;2;2;2;2;1.94591585846575;1.80288943616731;1.76;1.76;1.76;1.76;1.76;1.76;1.76;3.89672229470765;52.853497855564;14.5774305007827;1.76;1.76;1.76;1.76;1.76;1.76;1.51518650641198;1.44;1.44;1.44;1.44;1.44;1.44;1.44;1.44
2;2;2;2;2;2;2;2;2;2;2;2;2;2;2;2;2;2;1.99721422650873;1.94099222433517;2;2;1.9737782855496;1.79167182530831;1.76;1.76;1.76;1.76;1.76;1.76;1.76;1.76;20.9484099936055;80.0622177557829;1.76;1.76;1.76;1.76;1.76;1.76;1.76;1.71884890774948;1.59007085276105;1.45361619109788;1.44;1.44;1.44;1.44;1.44;1.44
2;2;2;2;2;2;2;2;2;2;2;2;2;2;2;2;2;1.98617033796213;1.84374109651857;1.76199110160209;1.91271859388982;1.82718954996409;1.76;1.76;1.76;1.76;1.76;1.76;1.76;1.76;1.76;1.76;59.8588408781557;56.8525759995332;1.76;1.76;1.76;1.76;1.76;1.76;1.76;1.76;1.76;1.56806514526196;1.44;1.44;1.44;1.44;1.44;1.44
2;2;2;2;2;2;2;2;2;2;2;2;2;2;2;1.9682387998508;1.89152198019959;1.77047215338463;1.76;1.76;1.76;1.76;1.76;1.76;1.76;1.76;1.76;1.76;1.76;1.76;35.1252128781741;48.1474402256124;103.625559459439;104.8;43.1548863057231;1.76;1.76;1.76;1.76;1.76;1.76;1.76;1.76;1.62450008566969;1.44117892252651;1.44;1.44;1.44;1.44;1.44
2;2;2;2;2;2;2;2;2;2;2;2;2;1.99005185806965;1.90792348249686;1.7871684124043;1.76;1.76;1.76;1.76;1.76;1.76;1.76;1.76;1.76;1.76;1.76;1.76;1.76;19.606400224541;96.4823285486751;66.6220294359968;93.9216332213487;104.8;55.1614701692849;1.76;1.76;1.76;1.76;1.76;1.76;1.76;1.76;1.76;1.46875572242551;1.44;1.44;1.44;1.44;1.44
2;2;2;2;2;2;2;2;2;2;2;2;1.97415650984049;1.83040366040726;1.76;1.76;1.76;1.76;1.76;1.76;1.76;1.76;1.76;1.76;1.76;1.76;1.76;1.76;1.76;1.76;13.7912628903421;3.70090138319166;14.4355088729986;77.6233545649653;20.2708685529862;1.76;1.76;1.76;1.76;1.76;1.76;1.76;1.76;1.76;1.53568634932291;1.44;1.44;1.44;1.44;1.44
2;2;2;2;2;2;2;2;2;2;2;2;1.8644749299706;1.76;1.76;1.76;1.76;1.76;1.76;1.76;1.76;1.76;1.76;1.76;1.76;1.76;1.76;1.76;1.76;1.76;1.76;1.76;1.76;1.76;1.76;1.76;1.76;1.76;1.76;1.76;1.76;1.76;1.76;1.76;1.69016095852405;1.44;1.44;1.44;1.44;1.44
1.99462817967988;2;2;2;2;2;2;2;2;2;2;2;1.88752221613266;1.76;1.76;1.76;1.76;1.76;1.76;1.76;1.76;1.76;1.76;1.76;1.76;1.76;1.76;1.76;1.76;1.76;1.76;1.76;1.76;1.76;1.76;1.76;1.76;1.76;1.76;1.76;1.76;1.76;1.75879476680045;1.72237900179811;1.58005101738106;1.44;1.44;1.44;1.44;1.44
1.86400777134559;1.92018476228903;1.9418721275567;1.98164132739902;1.99408163741144;2;2;2;2;2;2;2;1.91112739024581;1.76;1.76;1.76;1.76;1.76;1.76;1.76;1.76;1.76;1.76;1.76;1.76;1.76;1.76;1.76;1.76;1.76;1.76;1.76;1.76;1.76;1.76;1.76;1.76;1.76;1.76;1.76;1.76;1.76;1.75383013422415;1.44121576535702;1.44;1.44;1.44;1.44;1.44;1.44
1.84;1.84;1.84;1.84;1.87383461388065;1.86993520945068;1.8749098892759;1.91800051849317;1.90166342982464;1.9459041303288;1.95001845118031;1.9509489382695;1.93318579806759;1.76;1.76;1.76;1.76;1.76;1.76;1.76;1.76;1.76;1.76;1.76;1.76;1.76;1.76;1.76;1.76;1.76;1.76;1.76;1.76;1.76;1.76;1.76;1.76;1.76;1.76;1.76;1.76;1.76;1.76;1.4657539178066;1.44;1.44;1.44;1.44;1.44;1.44
1.84;1.84;1.84;1.84;1.84;1.84;1.84;1.84;1.84;1.84;1.84;1.84201929164815;1.82769889920294;1.76229001463964;1.76;1.76;1.76;1.76;1.76;1.76;1.76;1.76;1.76;1.76;1.76;1.76;1.76;1.76;1.76;1.76;1.76;1.76;1.76;1.76;1.76;1.76;1.76;1.76;1.76;1.76;1.76;1.76;1.76;1.51182259753505;1.44;1.44;1.44;1.44;1.44;1.44
1.84;1.84;1.84;1.84;1.84;1.84;1.84;1.84;1.84;1.84;1.84;1.84;1.84;1.81841874217088;1.76;1.76;1.76;1.76;1.76;1.76;1.76;1.76;1.76;1.76;1.76;1.76;1.76;1.76;1.76;1.76;1.76;1.76;1.76;1.76;1.76;1.76;1.76;1.76;1.76;1.76;1.76;1.73405751574824;1.6015534092389;1.53874087845913;1.44;1.44;1.44;1.44;1.44;1.44
1.84;1.84;1.84;1.84;1.84;1.84;1.84;1.84;1.84;1.84;1.84;1.84;2.76898513138861;2.17365435253784;1.79644482318482;1.76076565010653;1.76;1.76;1.76;1.76;1.76;1.76;1.76;1.76;1.76;1.76;1.76;1.76;1.76;1.76;1.76;1.76;1.76;1.76;1.76;1.76;1.76;1.76;1.76;1.74274707352805;1.54131276789368;1.47089956207442;1.44;1.44;1.44;1.44;1.44;1.44;1.44;1.44
1.84;1.84;1.84;1.84;1.84;1.84;1.84;1.84;1.84;1.84;1.84;63.394547344014;74.0238615977089;13.5076013310581;1.84;1.77975581662564;1.76;1.76;1.76;1.76;1.76;1.76;1.76;1.76;1.76;1.76;1.76;1.76;1.76;1.76;1.76;1.76;1.76;1.76;1.76;1.76;1.76;1.76;1.76;1.76;1.64318679125972;1.44041084781033;1.44;1.44;1.44;1.44;1.44;1.43986457853857;1.43524101994141;1.44
1.84;1.84;1.84;1.84;1.84;1.84;1.84;1.84;1.84;1.84;24.558279094619;104.973726425898;78.0777695512544;1.84;1.84;1.83516094396887;1.77421226750854;1.76;1.76;1.76;1.76;1.76;1.76;1.76;1.76;1.76;1.76;1.76;1.76;1.76;1.76;1.76;1.76;1.76;1.76;1.76;1.76;1.76;1.76;1.76;1.76;1.4644889567852;1.44;1.44;1.44;1.41491345802017;1.26927992755402;1.24529771783343;1.27915170761678;1.43367542405719
1.84;1.84;1.84;1.84;1.84;1.84;1.84;1.84;15.6357835976817;73.7327622101985;68.773997951192;31.6436205878006;4.31332632988896;1.84;1.84;1.84;1.82485482441105;1.7715669287044;1.76;1.76;1.76;1.76;1.76;1.76;1.76;1.76;1.76;1.76;1.76;1.76;1.76;1.76;1.76;1.76;1.76;1.76;1.76;1.76;1.76;1.76;1.76;1.63289898010934;1.44;1.44;1.44;1.29481147935747;1.24;1.24;1.24;1.34871639247809
1.84;1.84;1.84;1.84;1.84;1.84;1.84;3.60250868191788;80.8540676351316;60.5170636811934;12.7347568077726;1.84;1.84;1.84;1.84;1.84;1.84;1.81089017655027;1.76150544548144;1.76;1.76;1.76;1.76;1.76;1.76;1.76;1.76;1.76;1.76;1.76;1.76;1.76;1.76;1.76;1.76;17.6856373201883;79.9981041044968;16.1270811655527;6.72133249102172;1.76;1.69849974600616;1.59537190128815;1.44;1.44;1.39118829114222;1.25183110013881;1.24;1.24;1.24;1.25880339048509
1.84;1.84;1.84;1.84;1.84;1.84;1.84;1.84;1.84;1.84;1.84;1.84;1.84;1.84;1.84;1.84;1.84;1.83997838155511;1.79213760831895;1.75993057918035;1.76;1.76;1.76;1.76;1.76;1.76;1.76;1.76;1.76;1.76;1.76;1.76;1.76;1.76;1.76;4.53317159379841;70.3257569223873;103.310455786543;87.277842981847;1.76;1.60287684582267;1.44;1.44;1.4251302134291;1.2641006834487;1.24;1.24;1.24;1.24;1.24
1.84;1.84;1.84;1.84;1.84;1.84;1.84;1.84;1.84;1.84;1.84;1.84;1.84;1.84;1.84;1.84;1.84;1.84;1.69301192757704;1.7479128655308;1.76;1.76;1.76;1.76;1.76;1.76;1.76;1.76;1.76;1.76;1.76;1.76;1.76;1.76;1.76;1.76;71.2234081361737;102.788972096644;2.0454685246788;1.76;1.75603579674464;1.56484508854211;1.44;1.42330628209089;1.24;1.24;1.24;1.24;1.24;1.24
1.84;1.84;1.84;1.84;1.84;1.84;1.84;1.84;1.84;1.84;1.84;1.84;1.84;1.84;1.84;1.84;1.84;1.755173834433;1.68;1.70172976242695;1.75642021617449;1.76;1.76;1.76;1.76;1.76;1.76;1.76;1.76;1.76;1.76;1.76;1.76;1.76;1.76;23.0512625757619;45.7203785958794;29.6915107071784;4.41317784025667;1.76;1.76;1.74107763032574;1.52551568902919;1.35034837501391;1.24;1.24;1.24;1.24;1.24;1.88920615539934
1.84;1.84;1.84;1.84;1.84;1.84;1.84;1.84;1.84;1.84;1.84;1.84;1.84;1.84;1.84;1.84;1.78303665273479;1.68321104374895;1.68;1.68;1.72839112629706;1.76;1.76;1.76;1.76;1.76;1.76;1.76;1.76;1.76;1.76;1.76;1.76;1.76;1.76;1.76;1.76;1.76;1.76;1.76;1.76;1.76;1.75590420029446;1.50104076854887;1.24;1.24;1.24;1.24;1.24;1.92456227459453
1.84;1.84;1.84;1.84;1.84;1.84;1.84;1.84;1.83506479283786;1.83198691855329;1.84;1.84;1.84;1.83926934499354;1.8178860499274;1.75341324849789;1.69070357986147;1.68;1.68;1.68;1.68839596193086;1.75024034653496;1.76;1.76;1.76;1.76;1.76;1.76;1.76;1.76;1.76;1.76;1.76;1.76;1.76;1.76;1.76;1.76;1.76;1.76;1.76;1.76;1.76;1.48864185911193;1.24;1.24;1.24;1.24;1.24;1.24
1.83096746410738;1.84;1.84;1.84;1.84;1.84;1.84;1.77527695081921;1.71961791176604;1.74501453313245;1.83854744276514;1.84;1.84;1.75504020246015;1.68;1.68;1.68;1.68;1.68;1.68;1.68;1.72307972377352;1.76;1.76;1.76;1.76;1.76;1.76;1.76;1.76;1.76;1.76;1.76;1.76;1.76;1.76;1.76;1.76;1.76;1.76;1.76;1.76;1.57129053139447;1.24;1.24;1.24;1.24;1.24;1.24;1.24
1.48556424544168;1.76234430675027;1.77296594888922;1.75658925600387;1.74021905406304;1.75292542758833;1.71883145426321;1.68174109158608;1.68;1.68;1.78980739173084;1.71625455461263;1.69151192134302;1.68;1.68;1.68;1.68;1.68;1.68;1.68;1.68;1.74761089708504;1.76;1.76;1.76;1.76;1.76;1.76;1.76;1.76;1.69913585694255;1.59082873003637;1.53902155337594;4.55727352908299;1.8533704432574;1.6437228197745;1.75951393509425;1.76;1.76;1.76;1.76;1.65090523324028;1.26251249426482;1.24;1.24;1.24;1.24;1.24;1.24;1.24
1.2;1.55312551864665;1.68;1.68;1.68;1.68;1.68;1.68;1.68;1.68;1.68;1.68;1.68;1.68;1.68;1.68;1.68;1.68;1.68;1.68;1.68;1.71510183787374;1.76;1.76;1.76;1.76;1.76;1.76;1.76;1.60559858032003;1.3293518682793;1.24;95.9247895547116;114.923515294673;51.615632860439;3.56406538996984;1.32809355475983;1.52864343802132;1.72658930165192;13.9365963375622;14.7803995571466;65.2281396905887;4.23152848429979;1.24;1.24;1.24;1.24;1.24;1.24;1.24
1.2;1.50571771559101;1.68;1.68;1.68;1.68;1.68;1.68;1.68;1.68;1.68;1.68;1.68;1.68;1.68;1.68;1.68;1.68;1.68;1.68;1.68;1.68342428105629;1.7419348909386;1.76;1.76;1.76;1.76;1.76;1.6806371465209;1.2798214561308;1.24;1.24;41.4574286793751;68.5258499252735;90.9342753041317;72.0525433982618;74.5680914274796;47.9376187634139;59.436712644445;108.875851319049;98.0674066442019;85.5949801120072;10.0795084120667;1.24;1.24;1.24;1.24;1.24;1.27520898934466;1.27260969038466
1.2;1.45831081799325;1.68;1.68;1.68;1.68;1.68;1.68;1.68;1.68;1.68;1.68;1.68;1.68;1.68;1.68;1.68;1.68;1.68;1.68;1.68;1.68;1.69562053998267;1.76;1.76;1.76;1.76;9.49264006965596;49.7377109880741;6.9077328313466;36.0907817005791;28.5273655606549;2.99216279615896;1.7179936672702;1.24;27.0001600169592;115.12;115.12;114.421335992835;89.8771197613001;34.8310577373511;6.73962668814323;1.24;1.24;1.24;1.24;1.24;1.24;1.28408332936796;22.5421957506873
1.2;1.41220383541826;1.68;1.68;1.68;1.68;1.68;1.68;1.68;1.68;1.68;1.68;1.68;1.68;1.68;1.68;1.68;1.68;1.68;1.68;1.68;1.68;1.68045548334758;1.72444012233338;1.76;1.76;1.76;8.17721514180078;91.4043434944685;93.4471724951793;107.493123976039;10.6171124525767;1.24;1.24;1.24;27.9867489816398;93.3904985433364;60.8597873770708;29.9252787559498;1.24;1.24;1.24;1.24;1.24;1.24;1.24;1.24;1.24;1.24872777764479;68.5770256478938
1.30755395082837;1.36480799928568;1.68;1.68;1.68;1.68;1.68;1.68;1.68;1.68;1.68;20.8195564421326;9.0216166401168;1.68;1.68;1.68;1.68;1.68;1.68;1.68;1.68;1.68;1.68;1.68;1.75435185674184;1.76;1.75907254421888;1.28294863393196;83.8122992838135;76.3719419301066;113.078541822966;2.27859536274504;1.24;1.24;1.24;49.1490937065591;100.384049410773;1.24;1.24;1.24;1.24;1.24;1.24;1.24;1.24;1.24;1.24;1.24;1.24;41.1737654162418
1.67988980642376;1.61869817966066;1.68;1.68;1.68;1.68;1.68;1.68;1.68;1.68;1.68;112.656083536393;33.4989773084793;1.68;1.68;1.68;1.68;1.68;1.68;1.68;1.68;1.68;1.68;1.68;1.70659195872019;1.75803587564195;1.59946283595243;1.24618564606758;53.9689370685562;5.10241863997116;65.9408159146085;69.1747511977354;5.79059181603232;1.24;1.24;1.24;107.915359013922;7.80135988024012;1.24;1.24;1.24;1.24;1.24;1.24;1.24;1.24;1.24;1.24;1.31595996593457;84.4185470934886
1.72;1.69427564313547;1.68;1.68;1.68;1.68;1.68;1.68;1.68;1.68;1.68;114.239442440897;49.3423664607054;1.68;1.68;1.68;1.68;1.68;1.68;1.68;1.68;1.68;1.68;1.68;1.68;1.7421650374772;1.53867985473254;1.24;1.24;1.24;12.2233730108025;79.7938656640393;12.2157177742359;1.24;1.24;1.24;81.3765976439564;47.09862185794;1.24;1.24;1.24;1.24;1.24;1.24;1.24;1.24;1.24;1.24;50.0914572224847;41.5998578693171
1.71914576333296;1.68438953796745;1.68;1.68;1.68;1.68;4.08641032116526;58.0068161046215;1.68;59.6004806747423;110.704283402361;147.810813324994;65.1854529574919;1.68;1.68;56.8643933220247;1.68;1.68;1.68;1.68;1.68;1.68;1.68;1.68;1.68;1.70458273111665;1.45943218068372;1.24;1.24;1.24;1.24;31.7833203848314;70.804349209501;1.24;1.24;1.24;7.33240140088999;5.11034732309543;1.24;1.24;1.24;1.24;1.24;1.24;1.24;1.24;1.24;1.27618933926901;1.31924141861191;1.32
1.70811153448859;1.6803101648672;1.68;1.68;1.68;1.68;1.77081668045539;159.033331823461;117.666889054216;162.8;162.8;162.8;80.8000591676358;1.68;2.40346218132535;132.765164440391;1.68;1.68;1.68;1.68;1.68;1.68;1.68;1.68;1.68;1.68;1.6698464834864;1.49089109855408;1.32337373435714;1.24;1.24;1.24;20.3262292891582;68.9123957921381;3.15954161804351;1.24;1.24;1.24;1.24;1.24;1.24;1.24;1.24;1.24;1.24;1.24260016793647;1.26918899263118;1.31651592854713;1.32;2.84698779518748
1.70331669235127;1.68;1.68;1.68;1.68;1.68;1.68;53.557564354318;48.8141220070365;146.511996351321;148.149970082348;162.8;96.4120340569433;1.68;7.31486123246559;140.851041528148;9.08529402632068;1.68;1.68;1.68;1.68;1.68;1.68;1.68;1.68;1.68;1.68;1.68;1.67143744423579;1.38072219470126;1.24073083568441;1.24;1.87847426855734;36.9898036758811;52.0844484273903;1.24;1.24;1.24;1.24;1.24;1.24;1.24;1.24;1.24;1.2404637995631;1.27924890519676;1.32;1.32;1.32;7.27688514921106
1.69030313726314;1.68;1.68;1.68;1.68;1.68;1.68;1.68;1.68;77.6179856721922;26.4223863007318;146.856395973394;156.464121913255;29.5393953758927;58.188348544855;57.4720909252587;1.68;1.68;1.68;1.68;1.68;1.68;1.68;1.68;9.52016330855395;15.1486680496916;1.68;1.68;1.68;1.68;1.44914836202968;1.25058387450364;1.24;1.24;1.24;1.24;1.24;1.24;1.24;1.2442254057005;1.2521733588215;1.26011816214044;1.24102894824737;1.24;1.26401030654091;1.32;1.32;1.32;1.32;1.32
1.70722890822957;1.68;1.68;1.68;1.68;1.68;23.3467316069579;82.5706718384854;24.4647012264762;24.0371378675084;113.53348036397;122.723757516225;146.506733624651;138.461450214215;143.687370892787;97.4939874771529;11.1863197060903;118.931907316722;76.1376793681003;7.09549976259699;1.68;1.68;1.68;19.6036856898824;109.295414068229;37.7533635352436;1.68;1.68;1.68;1.68;1.68;1.48051399898816;1.24;1.24;1.24;1.24;1.24;1.25004030881158;1.31123156563407;1.32;1.32;1.32;1.27305497346787;1.27550142242461;1.3170799204952;1.32;1.32;1.32;1.32;1.32
1.86832012558027;1.69311075457853;1.68;1.68;1.68;1.68;12.4862434566596;107.987854622906;87.7764761861327;75.0625928206745;51.9508263268952;1.68;67.0095211143393;92.5992635820063;75.2454680529;50.1251562603719;23.8814363911341;72.5503180504662;102.34690473237;89.2227701733266;1.68;1.68;86.4942565183964;142.516890010459;48.2977861044422;1.68;1.68;1.68;1.68;1.68;1.68;1.65466273713317;1.41519200882728;1.24;1.24;1.24;1.24;1.28091579606553;1.32;1.32;1.32;1.32;1.32;1.32;1.32;1.32;1.32;1.32;1.32;1.32
3.47008837996955;2.36664109379815;2.16693661866687;1.68;1.68;1.68;1.68;1.68;1.68;2.78488247401108;2.06862691914756;3.7087785550162;4.21041884655745;32.7240670640217;1.68;1.68;3.98528019430499;13.345116278736;5.06832385868017;1.68;1.68;1.68;14.1604366985666;22.0122353410559;108.55768890488;51.7421966449019;1.68;1.68;1.68;1.68;1.68;1.68;1.67047123903278;1.48455592055739;1.24197732288617;1.24;1.24;1.24208672623417;1.295686660408;1.32;1.32;1.32;1.32;1.32;1.32;1.32;1.32;1.32;1.32;1.32
4.56;4.51581711559505;3.76883597071272;1.85625027000097;1.68;37.0886618236034;44.2555622755333;30.9520047533222;96.9747659074959;97.6603585115674;6.23233699126221;34.3849081745823;119.581043080981;112.718053594879;46.4509523287804;1.68;1.68;1.68;1.68;1.68;1.68;1.68;1.68;1.73790545381404;35.0335851871159;90.4333210597604;72.4092930474583;2.50009391178728;1.68;1.68;1.68;1.68;1.68;1.67874395152455;1.56001745540534;1.26176386709922;1.24;1.24;1.24628129927516;1.30195574364901;1.32;1.32;1.32;1.32;1.32;1.32;1.32;1.32;1.32;1.32
4.48573121888582;4.44809711901824;4.44;2.32545566514311;1.68;17.5481390056339;125.927089294056;142.271793242004;140.625436304853;149.32;47.0769389151838;101.540488825989;64.9341970666636;86.6654744604088;47.7342652118102;1.68;1.68;1.68;1.68;1.68;1.68;1.68;1.68;1.68;1.68;1.68;68.5895994374889;69.5149809391292;1.68;1.68;1.68;1.68;1.68;1.68;1.68;1.60584473658131;1.25469883887791;1.24;1.24;1.26011507352906;1.31879175266818;1.32;1.32;1.32;1.32;1.32;1.32;1.32;1.32;1.32
4.44;4.44;4.31017093288469;2.2164647213792;52.3330906987782;92.7259580561946;136.137201874726;149.32;149.32;148.215036580518;117.121965231273;13.3990194199786;1.68;1.68;1.68;1.68;1.68;1.68;1.68;1.68;1.68;1.68;1.68;1.68;1.68;1.68;1.62327946212617;90.5937804829394;56.7980890900212;2.98547887025216;1.68;1.68;1.68;1.68;1.68;1.68;1.49027968278923;1.25962926731264;1.27675212491283;1.31600603991096;1.32;1.32;1.32;1.32;1.32;1.32;1.32;1.32;1.32;1.32
4.15563955077762;3.87713476098608;2.77114488965158;1.68;47.7004864314402;143.946598954447;147.080817530669;59.4809504822494;65.021609572653;94.8510409457467;1.68;1.68;1.68;1.68;1.68;1.68;1.68;1.68;1.68;1.68;1.68;1.68;1.68;1.68;1.68;1.68;1.4537284514606;18.8694075121608;100.347596826901;113.825755613766;25.4842450305675;1.68;1.68;1.68;1.68;1.68;1.68;1.4942606894072;1.35660963612285;1.33886676928846;1.32077702167767;1.32;1.32;1.32;1.32;1.32;1.32;1.32;1.32;1.32
1.68;1.68;1.68;1.68;1.68;29.6641418550234;81.0563739951526;1.68;1.96282140159469;2.96319126316326;1.68;1.68;1.68;1.68;1.68;1.68;1.68;1.68;1.68;1.68;1.68;1.68;1.68;1.68;1.68;1.68;1.48501511185691;1.36;44.4449719118411;106.04;39.7759244371206;5.61672362722521;40.8024027346941;1.68;1.68;1.68;1.60719869584554;1.38081566785734;1.36;1.36;1.34517009752314;1.32228500291103;1.32;1.32;1.32;1.32;1.32;1.32;1.32;1.32
1.68;1.68;1.68;1.68;1.68;1.68;1.68;1.68;1.68;1.68;1.68;1.68;1.68;1.68;1.68;1.68;1.68;1.68;1.68;1.68;1.68;1.68;1.68;1.68;1.68;1.68;1.51580902129561;1.36;1.74095376433075;57.819008355426;56.5794302874903;53.326694870423;112.631228582674;91.9701185968999;25.7925201331804;1.64984267286029;1.40164201566414;1.36;1.36;1.36;1.36;1.35068803275184;1.32446985562013;1.32;1.32;1.32;1.32;1.32;1.32;1.32
1.68;1.68;1.68;1.68;1.68;1.68;1.68;1.68;1.68;1.68;1.68;1.68;1.68;1.68;1.68;1.68;1.68;1.68;1.68;1.68;1.68;1.68;1.68;1.62973533574768;1.58261711942693;1.67737903073262;1.54659770866409;1.36;19.1474359077418;76.2748530756833;100.829326408248;36.3696959650347;46.8911542913684;103.446956732569;57.2514666755626;1.7001390231432;1.36;1.36;1.36;1.36;1.36;1.36;1.35598041762554;1.34494091951251;1.32;1.32;1.32;1.32;1.32;1.32
8.3426052930554;22.0837658191326;28.5129547130279;1.68;1.92424703442247;1.68;1.68;1.68;1.68;1.68;1.68;1.68;1.68;1.68;1.68;1.68;1.68;1.68;1.68;1.68;1.68;1.68;1.68;1.62039564007272;1.39278248567334;6.46620043695999;43.3704120326849;74.3643812426288;57.1358557120975;96.8378493339316;73.8070455744794;4.3822507360693;1.36;11.2069718776482;1.76147004678043;1.36;1.36;1.36;1.36;1.36;1.36;1.36;1.36;1.36;1.35029837695854;1.32314968962438;1.32;1.32;1.32;1.32
