1.52;1.52;1.52;1.52;1.3049015550017;0.76;0.778151218989128;1.25984950910043;1.52913943424599;1.63725674554622;1.70722799182786;1.69372991186031;1.72435133520933;1.64;1.65227483882634;1.74389854401906;1.8255763176826;1.76793238361748;1.8079730367063;1.88783278832093;1.65653050647752;2.26737271486719;1.94317609691605;0.901558272549765;0.585217446702336;1.2;1.2;1.2;1.2;2.27598307420068;33.5341977985338;38.2230575840028;24.8675213661607;3.13550316934531;3.09565035396867;1.2945051547233;1.2;1.52761124990373;1.72052714461697;1.25372278737305;1.45547672136894;1.2;1.85556924289251;1.75203611345979;1.6;1.6;1.6;1.35568165207841;0.8;0.8
1.52;1.52;1.52;1.52;1.50782731488921;1.56055060547382;1.78165018656144;1.67278947748738;1.69945833096094;1.83093060797449;1.84;1.84;1.84;1.66325580175338;1.64;1.64;1.67145733745668;1.64647960830498;1.64842844711718;1.81023088941883;1.91158267935596;2.56;1.37923613962044;0.222027660143243;0.893002159063516;1.2;1.2;1.2;1.2;27.7226420607509;13.3331965472654;19.8653306467624;5.04489193052328;2.81143616609499;2.95196046052475;1.55293798872735;1.2;2.27991542209638;2.94921558440656;1.83523583402084;2.42532810055787;2.30868608167595;2.1256517848447;1.6;1.6;1.6;1.6;1.45869183693547;0.8;0.8
1.52;1.52;1.52;1.52;1.52;1.62053850973618;1.84;1.84;1.84;1.84;1.84;1.84;1.84;1.84;1.70004563592506;1.64;1.64;1.64;1.66666045931259;1.42331975922277;1.37067534920061;2.56;1.48869651422901;1.20770931501634;1.2;1.2;1.2;1.2;1.2;14.2813850603387;2.56;2.56;2.95447677794745;2.71781718259337;2.92119932999312;1.83387934192804;2.33202201497275;2.43744076056594;2.23844478287875;1.2;2.12826625411493;1.71929445122853;1.88974560933567;1.6;1.6;1.6;1.16686772318341;1.40513943818261;0.918388131467324;0.8
1.52;1.52;1.52;1.52;1.52;1.52;1.81690274904855;1.84;1.84;1.84;1.84;1.84;1.84;1.84;1.74744614190503;1.73005574648376;1.64344935766501;1.66184338710307;1.77307034393979;1.50905506980694;1.31247165312063;2.53074287282756;1.93722729284616;1.32715516933794;1.2;1.2;1.2;1.2;1.2;1.55181201257797;2.55418302108981;2.56;3.03379105276763;2.65692089628652;2.76911693679593;2.22384439176599;3.2;3.05516861393547;1.92832709372508;1.2;1.39609085217546;1.31308231426765;1.79134953290427;1.62519470225261;1.04769534875442;0.487455979140547;0.133836089994711;0.740294386079023;1.19968474232405;0.8
1.52;1.52;1.52;1.52;1.52;1.52;1.7112776957858;1.84;1.84;1.84;1.84;1.84;1.84;1.84;1.84;1.83127205611019;1.83544040746894;1.7737801908304;1.5220294340007;1.16158101382485;1.69032487949014;2.21426409698781;1.20074304924948;1.2;1.2;1.2;1.2;1.2;1.2;1.2;2.4163889471137;2.56;2.78218969670341;2.59297702988212;1.73818262706602;2.69412092372314;2.55699631625268;1.68280233820669;1.2;1.21641638141512;1.39693059674399;1.59762953626029;1.84;1.7444936887005;0.800987095255015;1.28251909589118;1.28096748444638;0.694288086242801;0.965299528716577;0.8
1.52;1.52;1.52;1.52;1.54647107466553;1.61284454372786;1.77424498282375;1.84;1.63895682695087;1.15627452712956;1.84;1.84;1.84;1.84;1.84;1.84;1.83867567320913;1.72852445646846;0.366694599146288;0.126157301507176;0.856739712314308;1.2;1.2;1.2;1.2;1.2;1.2;1.2;1.2;1.32197193548729;2.44416488561405;2.56;2.56;2.30975401243046;1.28306216535853;1.32563593006327;1.2000669286734;1.61051481697596;1.37459124963285;1.60323094950585;2.24397039487567;1.82798095257908;1.84;1.67394143387418;1.7588981909867;1.84;0.541973675950664;0.12;0.136631739129979;0.680765969018375
1.52;1.52;1.52;1.52;1.62204587858818;1.8320349432962;1.84;1.84;1.31100936148302;0.12;1.78612016857779;1.84;1.84;1.83731143144033;1.71886207219289;1.6767649961398;1.64691008105129;1.34867139404163;0.188980538590531;0.12;0.994809220510979;1.2;1.2;1.2;1.2;1.2;1.2;1.2;1.2;1.3107797556675;2.4226602121915;1.61960464944746;1.43078380780588;1.34337024845171;1.45339414879497;1.32065927820696;1.31849824468744;1.82276867477354;1.83209191886043;1.88894653528677;1.96173640635977;1.84;1.78647784866874;1.60641683129351;1.77414050370686;0.962521050911695;0.529925273804284;1.2804223021866;0.654563783847347;0.695785107746747
1.52;1.52;1.52;1.52;1.51351872364242;1.65873874826934;1.84;1.84;1.69124080399777;0.343041920617613;1.54738396944399;1.84;1.84;1.7510590766904;1.64;1.64;1.64;1.41853133968242;0.229324091249168;0.901360364833137;0.975536635362526;1.2;1.2;1.2;1.2;1.2;1.2;1.2;1.2;1.2;1.72272593643765;1.32;1.32;1.32;1.32;1.59592975835391;1.83028367826939;1.84;1.84;1.83129597160397;1.70242559030691;1.84;1.83596967255273;1.72773342226623;1.81788931589353;1.80704279310735;1.83008697025888;1.82124439579845;1.25373836366701;0.8
1.52;1.51631972902253;1.46226969100074;1.44370159208402;1.44416035293469;1.46714640749308;1.68796520815511;1.83863121498537;1.80693605681214;1.00472057163136;0.346097151003896;1.61894256158715;1.84;1.68902407721888;1.64;1.64;1.64;0.887646292479802;0.237558719233475;0.481290111281006;0.494882993504824;1.2;1.2;1.2;1.2;1.2;1.2;1.2;1.2;1.23737292273674;1.32;1.32;1.32;1.32;1.32;1.68048189649319;1.84;1.84;1.84;1.74331313061848;1.77933078851098;1.84;1.84;1.69906364068467;1.62900223523501;1.635337897955;1.79080510125543;1.74695580232294;1.04307847540736;0.800018073114027
1.51998011375387;1.48101340065801;1.44;1.44;1.44;1.44;1.44553728968955;1.64472764762744;1.84;1.79018197061778;1.00143712247238;1.66221493266421;1.84;1.69853005716654;1.64;1.64;1.64;1.04382109088022;0.12;0.12;0.354784374490567;1.2;1.2;1.2;1.2;1.2;1.2;1.2;1.2;1.24633305616735;1.32;1.32;1.32;1.32;1.32;1.34540248511893;1.56767893843646;1.80866828219285;1.78275288693191;1.67323818861024;1.80211900691289;1.84;1.81723773304175;1.600372985675;1.6;1.6;1.60417551411726;1.6;1.26827050320154;1.0123204290514
1.50419291575089;1.44;1.44;1.44;1.44;1.44;1.44;1.4752866441396;1.73033363444926;1.84;1.84;1.84;1.84;1.77424306484242;1.64;1.64;1.64;1.24115825922024;0.12;0.12;0.214688688871684;1.2;1.2;1.2;1.2;1.2;1.2;1.2;1.2;1.28330562658975;1.32;1.32;1.32;1.32;1.32;1.32;1.41058348016534;1.6;1.60324015001367;1.64412910303243;1.84;1.84;1.83986739480572;1.77315035802342;1.6;1.6;1.60283038587719;1.7476501997315;1.29428325339979;1.08
1.45312077168499;1.44;1.44;1.44;1.44;1.44;1.44;1.44;1.50270832961705;1.84;1.84;1.84;1.84;1.75612806169152;1.58289236999129;1.09194650100185;1.59244751982912;1.42524436349213;0.12;0.12;0.159651314341282;0.867446030843385;1.2;1.2;1.2;1.2;1.2;1.24677833166399;1.24266380907978;1.31203845232839;1.32;1.32;1.32;1.32;1.32;1.32;1.37442569814115;1.6;1.6;1.60628829468759;1.84;1.84;1.84;1.73682486115492;1.70300745923438;1.72321205927144;1.802712778207;1.82598411804919;1.17469167832988;1.08
1.44;1.44;1.44;1.44;1.44;1.44;1.44;1.44;1.45183186680265;1.78893689933929;1.84;1.84;1.84;1.80015098285467;0.621538342567611;0.297142753977391;0.805376335768537;0.556555570275404;0.12;0.12;1.0653870693141;1.09706394733345;1.2;1.2;1.23727860028801;1.21969803198602;1.2;1.29607124346595;1.32;1.32;1.32;1.32;1.32;1.32;1.32;1.32;1.33382492203119;1.53604254628939;1.6;1.63768742013472;1.83714452611003;1.84;1.84;1.83818060548759;1.84;1.84;1.84;1.71147984979168;1.40805991659821;1.08
1.44;0.972212932201705;0.603525925734591;1.32917366896063;1.43933957257237;1.44;1.44;1.44;1.44;1.4746248010949;1.75958751363954;1.84;1.84;1.11265966093797;0.656665537672279;0.12;0.785267823096575;1.60266381322229;0.206891093436562;0.12;0.854311307480238;1.39976227968166;1.2;1.2;1.27296864475051;1.31342883661325;1.30972350476487;1.32;1.32;1.32;1.32;1.32;1.32;1.32;1.32;1.32;1.32;1.35062946032717;1.5759973636096;1.60482218495677;1.79594539538734;1.84;1.84;1.84;1.84;1.84;1.84;1.70144060512995;1.47498084617094;1.08
1.44;0.777412078549527;0.08;0.176322641477725;1.13879456362454;1.44;1.44;1.44;1.44;1.44;1.44417873230609;1.84;1.84;1.81314084468025;1.84;1.11980733354954;1.00202597048366;0.912936577521341;0.668015200546966;0.761098955631569;1.7938759056611;1.79670274313791;1.47002891340129;1.24927502795226;1.3138686154868;1.32;1.32;1.32;1.32;1.32;1.32;1.32;1.32;1.32;1.32;1.32;0.954497217044456;0.29327574377804;1.12081446887296;1.61002435596881;1.80555386341461;1.84;1.84;1.84;1.84;1.84;1.84;1.71625863124774;1.58399605023202;1.23195602610348
1.44;1.21868977307716;0.464135800060539;0.191747062619465;1.43400166075436;1.44;1.44;1.44;1.44;1.44;1.65559397686199;1.84;1.84;1.84;1.3723040055999;0.579553839121859;0.194806157198735;0.175458133899115;1.34677234011272;1.84;1.84;1.84;1.84;1.7196051514027;1.36639387659774;1.32;1.32;1.32;1.32;1.32;1.32;1.32;1.32;1.32;1.32;1.32;1.18004062753446;0.309892760622827;0.08;1.30343478164485;1.84;1.84;1.84;1.84;1.84;1.84;1.80440264632209;1.69696961222258;1.60479277112019;1.23191069649758
1.22366467620223;1.44;0.75539705886894;0.641020190418639;1.44;1.44;1.44;1.44;1.43845415114283;1.45025059016195;1.76410638474046;1.84;1.84;1.77748816238025;0.560804459204143;0.358563097352538;0.376411129911668;0.940998479724097;1.84;1.84;1.84;1.84;1.58409375644285;1.48020681351284;1.32;1.32;1.32;1.32;1.32;1.32;1.32;1.32;1.32;1.32;1.32;1.32;1.32;1.21066192208074;0.822311030992218;1.10506308052531;1.83974929898416;1.84;1.84;1.84;1.84;1.84;1.84;1.83460201086927;1.59484826144168;1.10607987069668
0.742764681952074;1.44;1.3223816956201;0.381343151009049;0.987281883932366;1.22299848833972;1.44;1.43536383153796;1.40814273291771;1.58410259148202;1.84;1.84;1.84;1.84;1.83995453775713;1.76016271608065;1.68730512748424;1.80089655631501;1.84;1.84;1.84;1.84;1.15695842340831;0.184393980223425;1.32;1.32;0.973775030677473;1.22787019271717;1.32;1.32;1.32;1.32;1.32;1.32;1.32;1.32;1.32;1.28846601142298;0.592902857426617;1.30141575657406;1.84;1.84;1.84;1.84;1.84;1.84;1.84;1.79772631343046;1.24141650838234;1.04275499458263
1.28306470986448;1.43725982418939;1.41841065679905;0.831652193613122;0.570167327554217;0.101679358049933;1.36964118389799;1.40193936351668;1.43501769603261;1.62866428701392;1.82175345496507;1.84;1.84;1.84;1.84;1.84;1.84;1.84;1.84;1.84;1.84;1.79498627569214;0.988446168825455;0.188610711564602;1.23395736429268;1.11476051295015;0.1522551643248;0.476683107803009;1.32;1.32;1.32;1.32;1.32;1.32;1.32;1.32;1.32;1.08420633369161;0.322142189658058;0.997086209948951;1.57159757732881;1.84;1.84;1.84;1.76541003726684;1.71372035775765;1.67325439106336;1.62999250408984;1;1
1.4;1.4158629080133;1.40740657000274;1.4;0.99302185863795;0.204875038320982;0.323378422606515;1.33946068379406;1.55502259974923;1.64;1.76118605153108;1.83782900982476;1.84;1.84;1.7653625412849;1.49510004792716;1.41881488243863;1.61398316539211;1.79321651835894;1.79538040499709;1.3881439259097;1.31093172542635;0.445280985684117;0.492285339007119;1.0732945279988;0.744353588457964;0.08;0.318017263819644;1.32;1.32;1.32;1.32;1.32;1.32;1.32;1.32;1.32;1.32;0.894770041691901;0.993267385450011;1.0566725859273;1.39549425544344;1.68403516295619;1.84;1.83218378574783;1.6;1.6;1.38437978765159;1;1
0.276482926336769;0.953399834200341;1.36180411425501;1.2138240956148;0.460309211309646;0.40072209770554;0.810833392946452;1.46538709502273;1.61083747296362;1.61513867600935;1.4442560996289;1.61481746673856;1.7827979258505;1.41541154269907;1.33035484385863;1.32;1.32;1.32;1.33927490685196;1.42096638843403;1.32;1.32;0.412768599203812;1.17483391311304;0.912635056848032;0.984431521574707;0.4848004417405;0.990145106379717;1.32;1.32;1.32;1.3137844708485;1.32;1.32;1.32;1.32;1.32;1.31457832793073;1.0974948119359;1;1;1;1.03555920431342;1.38893252439545;1.70885543735192;1.70744056897884;1.74112935286359;1.4509551981183;1;1
0.08;0.685201953733111;0.936214034565212;1.11110056819263;0.724964303239517;0.737365063798893;0.850279833946982;1.07488987055845;0.527064992484756;1.29317876231921;0.207321177023413;0.128416071049403;1.24978726801024;1.58766051114262;1.32;1.32;1.32;1.32;1.32;1.32;1.32;1.32;1.32;0.839345049372693;1.30796475823516;1.32;1.32;1.32;1.00551981765185;0.355146527072042;0.166145033334056;0.600414359262375;1.2609617778118;1.32;1.32;1.32;1.2293796914003;0.713665543689276;0.646039444394631;1;1;1;1;1;0.954859166807176;1.2566860265003;1.57739754576362;1.2726244469159;1;0.752165301236515
0.417840432647773;1.35155433345901;1.16071492331272;1.22085440539373;1.07021611026059;0.935219853651288;0.553309252839261;0.175309001834345;0.913771381466355;0.821563247325214;0.143929235555776;0.12;0.351809159266619;1.07648267836793;1.20851089546527;1.32;1.32;1.22040665197241;0.864602400569378;1.32;1.32;1.32;0.829842374512895;0.171766879933807;1.21369222327167;1.32;1.32;1.32;0.957632597982416;0.0836175366351551;0.957258176473176;1.32;1.32;1.32;1.30512671582298;1.00156069976334;0.250451778389959;0.0922562003586091;0.950631743944847;1;1;1;1;0.998078424370402;0.249475656875497;0.149261803281008;0.653228817234617;1.16207315720827;1;0.823950795629621
0.394801243244915;1.25781946287248;1.4;0.74110683346993;0.93102286957781;1.38349260228127;1.13442507876326;0.628896408489686;1.74821909023775;0.696657356263357;0.12;0.450822665533495;0.158592587157745;0.0834930305349799;0.940342689897399;1.32;1.15786635013247;0.9927254129746;0.860376566072786;1.32;1.32;1.32;1.26816845661802;1.12062116389889;1.3093966502687;1.32;1.32;1.32;0.758977972267357;0.335029888290208;1.28442498090801;1.32;1.30620330769134;1.08025319601806;1.00346620885208;0.967597663307392;0.192552303033221;0.314973593241512;1;1;1;1;1;1;0.347009646229671;0.141259847191608;0.110019017501603;0.814330690594141;1;0.942291188873909
0.08;0.936374311540974;1.28536935055534;0.807511831431565;0.138157340183823;0.819708878966757;1.26544162600272;0.481852340354978;1.78855171579023;1.7894076252212;1.53117255440488;1.38349118320012;0.164756587411038;0.08;0.514980208778319;1.15943403141098;0.59931762709894;0.174803791314333;0.370126601549536;1.32;1.32;1.32;1.32;1.32;1.32;1.32;1.32;1.32;1.2389392482382;1.22137275951443;1.32;1.32;1.26083706347309;1;1;1;0.481217385046281;0.597275786565186;1;1;1;1;1;1;1;0.773442140944478;0.136383538134992;0.834787781809259;1;1
0.536800104026841;1.03853082023561;0.572047895544069;0.366326930734038;0.478179084952524;0.423524342305167;1.44;1.5421492118758;1.83791967257503;1.82305575089402;1.70923600336656;0.646116116841614;0.128920232726845;0.534544679139529;0.110031075885225;0.623815843478916;0.80061355822555;0.257150024047192;0.333027745813641;1.30932347124865;1.32;1.32;1.32;1.32;1.32;1.32;1.32;1.32;1.32;1.32;1.32;1.32;1.15325565630132;1;1;1;1;0.526582708400611;1;1;1;1;1;1;1;0.518969429189233;0.110649593351815;0.972227444791911;1;0.923573252178086
0.518663242689153;0.772606347898869;0.696986332577607;0.08;0.08;0.08;0.469824789945627;0.701826336926865;1.66451068819739;1.68687901082567;1.06333497751579;0.12256931750656;0.607615100371201;1.01049699284094;0.08;0.08;0.08;0.08;0.103470039894943;1.16661309542596;1.32;1.32;1.32;1.32;1.32;1.32;1.32;1.32;1.32;1.32;1.32;1.31674247513906;1.06337267003262;1;1;1;1;1;1;1;1;1;1;1;1;1;0.570094601333595;0.757537244676684;1;0.634516520849748
0.08;0.08;0.347446685542363;0.08;0.08;0.08;0.08;0.08;1.57243680547658;1.27609838858947;1.170819405531;0.659656183159673;0.962087634564635;0.336508934067432;0.08;0.08;0.08;0.08;0.458050658187637;0.708468881331628;1.32;1.32;1.32;1.32;1.32;1.32;1.32;1.32;1.32;1.32;1.32;1.28702407258272;1;1;1;1;1;1;1;1;1;1;1;1;1;0.827447626789816;0.294325965159576;0.905046762504125;1;0.955627969113505
0.08;0.08;0.08;0.08;0.08;0.08;0.08;0.751890283028014;0.955410103264406;0.52562968072777;0.250022710423954;0.280426484108787;0.723309598141393;0.08;0.08;0.08;0.08;0.08;0.0805092056013337;0.706662943250616;1.32;1.32;1.32;1.32;1.32;1.32;1.32;1.32;1.32;1.32;1.32;1.10845207359466;1;1;1;1;1;1;1;1;1;1;1;1;1;0.469660681433769;0.40437164948908;0.674712395025836;1.00261262700106;1.01849005898936
0.08;0.08;0.08;0.08;0.08;0.08;0.0823332696722791;0.938297305625751;0.663833227076072;0.383049706008185;1.64692986705587;0.798489063575209;0.981001930108746;0.385479947746232;0.08;0.0808630635304377;0.08;0.08;0.08;0.797077336777202;0.857233368947907;0.563933460808726;1.17246668427175;1.32;1.32;1.32;1.32;1.32;1.32;1.32;1.2115831986488;1.00309489743166;1;1;1;1;1;1;1;1;1;1;1;1;1;1;0.476352338165006;0.73190928831318;1.01453459997205;1.08
0.08;0.08;0.08;0.08;0.08;0.08;0.300107209254589;1.12082607602663;1.64607895094871;0.464853004061478;2.98679683247638;2.43814838529536;1.32;1.24380743461105;1.17203603177355;0.795598990645403;0.0852611286397421;0.08;0.08;0.08;0.269379718173576;0.71619061654387;1.32;1.32;1.32;1.32;1.32;1.32;1.32;1.32;1.27148846587269;1;1;0.889705943608246;0.816254077842771;1;1;1;1;1;1;1;1;1;1;1;0.282691712005204;0.695147975886282;1.00424273823909;1.08
0.0354356891156002;0.0589060229736925;0.08;0.08;0.08;0.0865277319560135;1.40781750043969;2.32719979361308;1.0152757836996;2.95188376326577;3.56;1.82117722015165;1.30371195158146;0.890147493219766;0.869878386407904;0.676378474041261;0.122627400298123;0.08;0.08;0.08;0.531632077603089;1.32;1.32;1.32;1.32;1.32;1.32;1.32;1.32;1.32;1.32;1.00338407986611;1;0.628177365578183;0.442157731335377;1;1;1;1;1;1;1;1;1;1;1;0.852023453918735;0.973417510954896;1;1.06285289670485
0.0974972462159723;0.0786224786231313;0.105724994718451;0.106804895901307;0.0939808728186996;0.866861648308407;1.91569727832709;2.63536144629755;0.442454003623921;1.97211387903949;3.15787104514799;2.15538096028543;0.445539592534732;0.381454070604661;0.08;0.376896384651034;0.730999536262609;0.231445833022266;0.08;0.168986506460795;0.596815600954199;0.974353646047903;1.32;1.32;1.32;1.32;1.32;1.32;1.32;1.32;1.19198949924076;1.00230608843013;0.998270732133198;0.362166854213399;0.492535196469747;1;1;1;1;1;1;1;1;1;1;1;1;1;1;1
0.12;0.12;0.12;0.12;0.12;1.26840036150508;1.72751587966402;2.60652314457062;3.39679869581841;3.51990824420451;2.97681775754004;2.9656665696605;1.74800560467735;0.905775433219558;0.305619352798874;1.01384129863566;1.0950153925059;0.319044833288918;0.294998725483101;0.557000934397169;1.09907102296124;1.02651214408724;1.32;1.32;1.32;1.32;1.32;1.32;1.02743220518762;0.566155075666971;0.764391177367937;0.897475611756642;0.955094531310817;0.111947268649343;0.629482883926552;0.997559780343889;1;1;1;1;0.917787900327326;0.928102544922591;1;1;1;1;1;1;1;1
0.530706804694314;0.162023244296755;0.312845923712943;0.611313982722955;0.587260412351813;0.644788516931981;1.19230529235106;1.74145552653864;2.86898565595414;3.03031669975686;3.06719504959474;3.180826896857;3.03710666043547;2.53687281913712;1.62912404234658;1.30360965506271;0.376365787103263;1.16821673080689;1.25846132490063;1.32;1.32;1.32;1.32;1.32;1.32;1.32;1.32;1.06947158076163;0.120229331345111;0.08;0.08;0.205440343505533;0.412396103060503;0.113500626670375;0.0826286673154317;0.596034373894986;1;1;1;0.996499468301889;0.619051332168098;0.633038881108161;0.896921986439113;1;1;1;1;1;1;1
0.734987856560762;0.160544829478756;0.564206670678957;0.88;0.806303189022653;0.313208803206224;0.262826226744128;1.47732458148259;2.0502544571411;2.99727023392639;3.41677616938162;3.04029600872969;3.54113439568267;3.05952503267002;2.90901418115987;1.94802447047898;1.01081196781099;2.28026991698128;2.67374236245154;1.3446283732987;1.32;1.32;1.32;1.32;1.12689078022579;1.30392750523762;0.839801623500186;0.839670344978601;0.08;0.08;0.08;0.0868367074108526;0.843608225569278;0.67189798985097;0.674868186624647;0.995490862897132;1;1;1;1;0.570056233469298;0.0970729413476122;0.479846000918165;1;1;1;1;1;1;1
0.453133345733606;0.12;0.48697752896647;0.897309313651343;0.88;0.611158121788451;0.12;1.27431057769465;0.498961791137411;2.2209877542123;2.96410712603592;1.44180423023713;2.82597008877254;2.96;2.83359873867986;0.460941680117883;2.21912303493414;3.4185822790838;3.4224236550004;2.13096550142293;1.32;1.32;1.32;1.29458857903137;0.52004621765418;0.721588663638523;0.08;0.08;0.08;0.08;0.457995398785843;0.449262753287842;0.994489572532852;0.195199961665303;0.30808948899596;1;1;1;1;1;1;0.498992835876738;0.669426930828719;1;1;1;1;1;1;1
0.170851753790016;0.224658142064809;1.40566527408429;1.40583398911922;0.88;0.520394080951434;0.988115459619167;1.50521848318811;0.829259585454053;0.687245530829066;1.04964119452297;0.271002257566191;1.00474913689419;2.53270194509293;2.96;2.16017936732538;1.33071334184407;2.20327959169378;1.93706146704967;2.64579696106853;1.61969855601317;1.32;1.36454226784082;1.46719263732427;1.0628068345158;0.353290456903921;0.08;0.08;0.265851524323804;0.331770522103429;0.655976480910275;0.898476215516572;0.912746440767259;0.187481728832781;0.344683179888065;0.889175274791895;0.662452290617073;1;0.988815485430061;0.435570892493147;0.427108209442503;0.210012903161662;0.947246771119687;1;1;1;1;1;1;1
0.491842258781098;0.934625202920348;1.81156859597548;1.37496437394038;0.919643513914857;1.29131025299454;1.68;1.68;0.849537292592022;0.8650768195733;1.93121483559337;1.87102755579033;0.975621010246803;2.31021033050222;2.72453948783498;0.516022263582761;1.12347625348286;0.803481289542171;0.444285085968612;1.26188768137451;1.31184338922338;2.72615104216575;2.93707088365518;2.39880241170937;0.755179170283442;0.656756141349962;0.08;0.08;0.556530260667593;0.593353771188855;0.194255748523139;0.173016879875244;0.738543713796744;0.580398867305587;0.363398691483393;0.302232097656825;0.688142279610666;0.818401332498982;1;0.102801039469242;0.08;0.301196302610546;0.790998640449785;0.665027501596883;1;1;1;1;1;1
0.472151858061859;1.23977316063768;1.84;1.57136179564586;1.2554307521154;1.68;1.05660256422443;1.5072676620992;1.59674051029938;1.64594740328763;1.78176119895603;2.73915997523834;1.63201049041648;0.67459281905118;2.85533327535007;2.76056617490803;2.96;0.986257577767421;0.83703752138751;2.02933595016259;2.56512342397364;2.96;2.96;2.14080206942386;1.12429681069906;0.847230830556044;0.138833869613902;0.216679401884296;0.807417076255099;0.478926299035415;0.08;0.08;0.391355701850316;0.360494746627824;0.580118803716953;0.128133527950844;0.588650680893025;0.579942485296136;1;0.409660946803285;0.419429906034742;0.649959165990893;0.582505213834066;0.81435342534575;1;1;1;1;1;0.986670061834438
0.855153849931853;1.73504375888411;1.84;1.70321916415023;1.00000789734629;1.11117117694863;0.537196286322377;0.683030885545496;1.14462192922612;0.790182957151437;1.32863135747119;2.43183344314019;2.95484683086565;2.96;2.96;2.96;1.84167044043886;0.8502420859994;0.911933159462789;2.26418282569524;2.72108389999474;2.96;2.96;1.86986796593971;0.909201935965942;0.106838333620443;0.276617597168929;0.866911847630395;0.549907522726914;0.155864205284588;0.686908144812136;0.472858130411124;0.549046809891658;0.682107345135185;0.822164812904137;0.0914102553661288;0.08;0.557349676866271;0.668309972463071;0.08;0.169749933683607;0.200095558831065;1;1;1;1;1;1;1;0.924717070460552
0.745610480209254;1.77529411942624;1.84;1.84;1.37206910921152;0.808718130542422;0.141244314151311;0.12;0.471727531796036;0.76;0.829000337313908;1.23215854678998;2.75717100811231;2.88707822953178;2.96;1.00449782503196;1.08591310138596;1.0810398637728;0.2;0.236344563150885;0.8499866812214;2.96;2.94993398597809;2.91594722368107;1.18576550208795;0.08;0.468898529346161;0.954848048460312;0.968973647044039;0.312247652874811;0.349336441916269;1;0.627585130867644;0.232494236359016;0.239380664118639;0.08;0.08;0.165062334116356;0.355525110566445;0.161273057018879;0.741321671811258;0.574506860409783;0.716082645556832;0.716559602442325;1;1;1;1;1;0.95043354046857
0.827092301641252;1.69441128146526;1.84;1.83941486237281;1.52657279394815;0.407987332334607;0.589286811881402;0.624068802098231;0.228442566372013;1.19231678978968;1.4518492128543;1.57508961039994;1.70378193565782;1.75072352363517;2.56579849606494;2.30241969639464;0.904057983298415;1.58596452020528;2.09219895844891;2.03689855875486;1.06068527816613;2.6215698005931;1.92024670038343;1.09287174348529;0.527937890768085;0.08;0.165440793367962;0.867930746101407;0.656357563325623;0.739952538396852;0.135928642673604;0.740519814852133;0.0920597580033614;0.08;0.08;0.08;0.093302175755057;0.142300922319918;0.434881083884842;0.397061037733804;0.797962662763767;0.853369841546102;0.368477514418656;0.592907980469553;1;1;1;1;1;0.976149471386802
1.66939968091448;1.84;1.84;1.84;1.60441504957153;0.831066461109416;1.66518503923827;1.0812237361127;0.140198811080307;1.68;1.68;1.68;0.762331519830933;0.435897683678736;1.28490772067229;2.29718247831274;2.3017546751261;0.322432399070451;0.818096077812621;2.71050423222678;1.3370301933876;1.16100733121341;0.399111750304483;1.22261435289247;0.665419313433348;0.08;0.263276984901546;0.924890337089216;0.08;0.217692552314229;0.119454278224261;0.176444159720452;0.08;0.08;0.08;0.08;0.0943169690799279;0.157370540933174;0.512714632234219;1;1;1;0.992937041209162;0.740655821566913;0.800682983619955;1;1;1;1;0.895518177425527
1.84;1.84;14.8929960817369;22.1609963137927;2.90096050291313;7.96954374142645;1.68;1.53743121909334;1.36148895222349;1.67313629590886;1.68;1.45238692231328;0.164427564376925;0.152157988733551;0.702008091549061;1.44873670503636;1.45577880909205;0.105273562113114;0.0131589816310552;2.173868699362;0.753066267066752;2.22503117801072;2.35071894486136;1.86235704771692;0.482264506559772;0.08;0.266771159555079;0.976653870043517;0.094147931203153;0.08;0.08;0.08;0.08;0.112958345033877;0.08;0.08;0.13469594768997;0.2;0.469241688276389;0.713617469246945;0.881788409105916;1;0.970076273095518;0.231014158507077;0.687289832192376;1;1;1;1;0.83825723617799
1.72889882549793;1.84;8.50000495624656;55.64;19.2929641212182;29.5886220182496;3.21313220922078;1.68;1.68;1.68;1.68;1.64787669173822;1.51996166431583;1.47869479901913;0.56685819734204;1.5026285516379;0.750690060163064;0;0.0288361479483836;1.30778723603352;0.896303544420902;0.556806438928375;0.531738013763534;1.32514112492613;0.889860712091946;0.429941370395431;0.853579220094498;1;0.530474853411043;0.08;0.150162174607556;0.08;0.414069296710413;0.536316402487375;0.199585172512377;0.08;0.170059192330763;0.2;0.12292114007218;0.081862216390813;0.399442525540084;0.662900445537036;0.916224026000209;0.260248269834703;0.746421017662398;1;1;1;0.977604445184988;0.8
1.84;22.7652668078054;37.5705100090063;55.64;50.9963079040001;43.2634070916441;5.80092293268611;1.68;1.68;1.68;1.68;1.68;1.68;1.68;1.68;1.68;1.29000777240355;0.0781704447385389;0.110958185348035;0.390431572887545;0.232724182244125;0.198984679020778;0.924653899309331;1.49761286876153;1;1;0.972261566923757;0.490334804347412;0.591471877120311;0.08;0.442532168463117;0.743139630936653;0.337032188700479;0.436150846847929;0.613066173996123;0.461667195209545;0.150902415679505;0.175513238825129;0.0827634928828862;0.08;0.094807310248018;0.376158698367474;0.287429042228763;0.317250525126118;0.547839675495627;0.853910071474768;1;1;0.96447392537831;0.883493646709366
1.84;1.84;18.7916937435872;55.4943742591258;48.6380926261856;9.97095788675134;1.68;1.68;1.68;1.68;1.6383033925136;1.68;1.68;1.68;1.68;1.68;1.68;0.381831256169528;1.34996583002504;0.655030715331601;0.12;0.299760787942312;0.935675442357943;0.888332131410597;0.930199775230475;0.580519092394258;1;0.390042849690834;0.150842539256575;0.08;0.08;0.504807627019983;0.774634818063667;1;1;0.551506646613033;0.10223375920794;0.163028814067701;0.391517095020087;0.17164998768679;0.0888038895422593;0.98085677102786;0.785006099399863;0.261983885830147;0.08;0.136500533718486;0.956544656766418;0.860575532317097;0.958281791581724;0.715161475032074
1.84;1.84;3.41286472840551;11.8512977496692;13.7656728427809;1.68286469503476;1.68;1.68;1.68;1.13792070111736;0.840783132996758;1.18354378031684;1.32023098397187;1.68;1.68;1.68;1.68;1.06780238821408;1.33395494329032;0.62441490508843;0.122189040288808;0.541532333870698;1.08714114668858;0.12;0.161981151701303;0.825093640496233;0.675394148803655;0.853937879962563;0.102145392647991;0.08;0.496626604370063;0.610531398068849;0.349088975873685;0.994402490187697;0.932890535821859;0.896290748317167;0.130450273183309;0.0956513570121173;0.543301151512622;0.865954445469474;0.666040370829869;0.987453237109184;0.977968879913112;0.359456896872509;0.765379178812727;0.200444505084863;0.309811211690908;0.75716851977167;0.936752353946678;0.222311353064049
1.84;1.84;1.84;1.84;1.84;1.77829454886723;1.68578976967867;1.68;1.43344160417492;0.900083753974619;1.63902920175569;1.42403585940679;1.05212092489915;1.68;1.68;1.68;1.68;1.4055901652935;0.306957110716243;0.24;0.177723114345396;0.183104041647377;0.270134759275509;0.12;0.332649792473629;0.63396503681415;0.0874496820337658;0.664317005167308;0.172191756782552;0.103357820900175;1;0.940505486700535;0.200748451990328;0.433655835076831;0.174547656631995;0.585310608311901;0.209592434514367;0.147881084098773;0.220356446547425;0.623107869236393;1;1;0.77828187925297;0.568653287905413;0.8867612520884;0.366507759143719;0.772228547425193;0.959213544094201;0.694514358912877;0.0521819915420758
