0.12;0.12;0.12;0.086738451876114;0;0;0;0.0192211079583626;0.0699707787325157;0.00820407244173193;0.0651252909688473;0.101524129642267;0.103893876705159;0.0170020390879262;0;0;0;0;0;0;0;0;0;0;0;0;0;0;0;0;0;0;0;0.024805893781269;0.12;0.12;0.00100284610390663;0.0162360023860061;0.0957133089317194;0.0708046945178881;0.0930386738841132;0.12;0.0874856466770799;0;0;0;0;0;0;0
0.12;0.12;0.114832916446345;0.0189583658753802;0;0;0.050139315577499;0.0111130760354691;0;0.0400511686260899;0.0797564472178214;0.08;0.0252777545854688;0;0;0;0;0;0;0;0;0;0;0;0;0;0;0;0;0;0;0;0.000259685143354156;0.0292059793413767;0.12;0.109704190759483;0.0059426599112805;0.0147651793701109;0.0914292580098845;0;0.0798370733167962;0.0590195214536972;0.0189050441248402;0;0;0;0;0;0;0
0.12;0.12;0.113654462465225;0.000876635790207267;0;0;0.114648129588598;0.0915141196387256;0.015570477702862;0.0775305373709432;0.0139794984089515;0.0467496125055868;0.045633835616574;0;0;0;0;0;0;0;0;0;0;0;0;0;0;0;0;0;0;0;0.00405672532909121;0.12;0.0941596934775646;0.0200041574896013;0.0292042908917551;0.0236654436427206;0.054988380624781;0.0147719899353278;0.111604000608431;0.029786559889333;0;0;0;0;0;0;0;0
0.12;0.12;0.119975243399397;0.0545870469985738;0.00944696894469671;0.0633915876549677;0.116934056178389;0.110023782071611;0.0262724410858366;0.08;0.0103385748140514;0.000166844192007725;0.00037580815428936;0;0;0;0;0;0;0;0;0;0;0;0;0;0;0;0;0;0;0;0.0526172154503599;0.10545224131984;0.0159106844475491;0.0354513402405798;0.115922154475028;0.111931617315505;0.0696464088013449;0.058528125780685;0.12;0.0608675199885084;0;0;0;0;0;0;0;0
0.12;0.12;0.12;0.12;0.12;0.12;0.12;0.115928289632013;0.0566569658919835;0.0728128118983946;0.00835678557952002;0;0;0;0;0;0;0;0;0;0;0;0;0;0;0;0;0;0;0;0;0;0;0.000231020957372091;0.0245016129191275;0.108849537404991;0.123632449755148;0.154208821031248;0.122130890647529;0.0164850153576361;0.0695231792790065;0.00116909269015724;0;0;0;0;0;0;0;0
0.12;0.12;0.12;0.12;0.12;0.12;0.12;0.105471991319505;0.08;0.0679427217142685;0.0202576077849525;0;0;0;0;0;0;0;0;0;0;0;0;0;0;0;0;0;0;0;0;0;0.0514919511243774;0.0694556193288881;0.12;0.121586791018403;0.0734905551856118;0.0345640212858096;0.0574904101123544;0.0111639773380523;0.0637179698575772;0.0349652583291033;0;0;0;0;0;0;0;0
0.12;0.12;0.12;0.12;0.12;0.12;0.114737734093891;0.0884462786747278;0.08;0.0754523896752331;0.0173444640772871;0;0;0;0;0;0;0;0;0;0;0;0;0;0;0;0;0;0;0;0;0.025151153101417;0.12;0.12;0.12025930682234;0.136696430856139;0.111545295918515;0.0122537123666589;0;0;0;0;0;0;0;0;0;0;0;0
0.12;0.12;0.12;0.12;0.12;0.113750317281053;0.0835835920200948;0.08;0.08;0.069247476572264;0.00735483721693879;0.0489935954235096;0.0402616404259037;0;0;0;0;0;0;0;0;0;0;0;0;0;0;0;0;0;0;0.0718782707214105;0.12;0.12;0.111993175698084;0.0454980142198391;0;0;0.0249241413282939;0.140125898179971;0.081840339306863;0;0;0;0;0;0;0;0;0
0.272396831538666;0.12;0.12;0.12;0.118585492427929;0.0867772813932313;0.08;0.08;0.0697907059001739;0.0319587679418378;0.0473099381760229;0.08;0.0451661398595199;0;0;0;0;0;0;0;0;0;0;0;0;0;0;0;0;0;0;0.0681400472075678;0.12;0.12;0.0580671227533651;0.0145030543753841;0.0628338917222004;0;0.069226056789516;0.131110946773791;0.144413881417638;0.0212246308381246;0.000174797419701111;0;0;0;0;0;0;0
0.954518595056533;0.493243630293757;0.444825789036797;0.12;0.101253838937124;0.08;0.08;0.0747187109132068;0.0341044103777406;0;0.0351327419247122;0.0709620117402589;0.00823731331868005;0;0;0;0;0;0;0;0;0;0;0;0;0;0;0;0;0;0;0.0342821471085794;0.0971136059580902;0.11338994788276;0.0479598345432108;0.107435237936339;0.152543642727009;0.0345349897319261;0.01365119166919;0.104253744128353;0.16;0.135009165638441;0.011656548616404;0;0;0;0;0;0;0
1.06553339270263;0.886406657549979;0.341385213062809;0.119975299682852;0.0934195242072198;0.08;0.0726912743524193;0.0362303700308199;0;0;0.00129495061005483;0.0379502158848288;0;0;0;0;0;0;0;0;0;0;0;0;0;0;0;0;0;0;0;0;0.000150790776830511;0;0;0.000805948233790696;0.14612474283634;0.0986789583517338;0.101404153976813;0.150423292738991;0.16;0.12937698040586;0;0.002861655714119;0;0;0;0;0;0
1.03463619840723;0.659764692493325;0.12;0.10088024754897;0.08;0.08;0.0644257477484914;0.0663746547454202;0.0599266016088426;0.0463814763565494;0.0683131947095506;0.0756478513555365;0.0194153572571865;0;0;0;0;0;0;0;0;0;0;0;0;0;0;0;0;0;0;0;0;0;0;0;0.104502453537657;0.14550153225338;0.16;0.16;0.0575348591574351;0.00612404079283952;0.0158248876959627;0.090819038592948;0.017104031919266;0.00800894846974567;0;0;0;0
0.258390548461617;0.127737724572921;0.108411446321113;0.0804226605759463;0.08;0.08;0.08;0.08;0.08;0.08;0.08;0.08;0.024051849652268;0;0;0;0;0;0;0;0;0;0;0;0;0;0;0;0;0;0;0;0;0;0;0;0;0.0526709749724761;0.13374482939195;0.0690273566514336;0.00610188641562077;0.00690399473287653;0.0893091330703393;0.12;0.12;0.050474708344797;0;0;0;0
0.12;0.113426641262742;0.0818019629056569;0.08;0.08;0.08;0.08;0.08;0.08;0.08;0.08;0.08;0.0276206520025618;0;0;0;0;0;0;0;0;0;0;0;0;0;0;0;0;0;0;0;0;0;0;0;0;0.0175745723238631;0.0707611700270325;0;0;0.0426024150067399;0.152595249390175;0.120365654796775;0.0905913810449096;0.00104904006902621;0;0;0;0
0.101877369868775;0.0834097321672408;0.08;0.08;0.08;0.08;0.08;0.08;0.08;0.08;0.08;0.08;0.0311893794535659;0;0;0;0;0;0;0;0;0;0;0;0;0;0;0;0;0;0;0;0;0;0;0;0;0;0.0146185452977155;0;0;0.0793768839710738;0.0130293298238965;0.101508193941937;0.0431694678513829;0;0;0;0;0
0.08;0.08;0.08;0.08;0.08;0.08;0.08;0.0725669894206338;0.0377805891320217;0.0625479287524241;0.08;0.0636850983251756;0.00256419925065675;0;0;0;0;0;0;0;0;0;0;0;0;0;0;0;0;0;0;0;0;0;0;0;0;0;0;0;0;0;0;0;0;0;0;0;0;0
0.08;0.08;0.08;0.08;0.08;0.08;0.08;0.0474801516290038;0.00748277115121675;0.0214092123452565;0.0540224834138527;0.0268898223802068;0;0;0;0;0;0;0;0;0;0;0;0;0;0;0;0;0;0;0;0;0;0;0;0;0;0;0;0;0;0;0;0;0;0;0;0;0;0
0.08;0.08;0.08;0.08;0.08;0.08;0.08;0.0683776782740597;0.0469251293168785;0;0;0;0;0;0;0;0;0;0;0;0;0;0;0;0;0;0;0;0;0;0;0;0;0;0;0;0;0;0;0;0;0;0;0;0;0;0;0;0;0
0.08;0.08;0.08;0.0454631507777376;0.079827465086244;0.08;0.08;0.0347298215462082;0.0217357019240039;0;0;0;0;0;0;0;0;0;0;0;0;0;0;0;0;0;0;0;0;0;0;0;0;0;0;0;0;0;0;0;0;0;0;0;0;0;0;0;0;0
0.08;0.08;0.08;0.0476639028012752;0.0579657963588016;0.08;0.08;0.0553427333152792;0.0013226382523535;0;0;0;0;0;0;0;0;0;0;0;0;0;0;0;0;0;0;0;0;0;0;0;0;0;0;0;0;0;0;0;0;0;0;0;0;0;0;0;0;0
0.08;0.08;0.08;0.0512570195649751;0.0564262240178213;0.0796560367321017;0.0725139586287551;0.037790949059918;0.00271993000223346;0;0;0;0;0;0;0;0;0;0;0;0;0;0;0;0;0;0;0;0;0;0;0;0;0;0;0;0;0;0;0;0;0;0;0;0;0;0;0;0;0
0.08;0.08;0.08;0.0548500609020703;3.97911414055817e-05;0.0348558054077406;0;0;0;0;0;0;0;0;0;0;0;0;0;0;0;0;0;0;0.00215560850027187;0.00784020580515668;0.00131414733365605;0;0;0;0;0;0.0115746428118639;0.0216442494706234;0;0;0;0;0;0;0;0;0;0;0;0;0;0;0;0
0.08;0.0792878286216325;0.0546071448377704;0.0584430268116295;0;0;0;0;0;0;0;0;0;0;0;0;0;0;0;0;0;0;0.0236980682363819;0.0621586178077513;0.0967473948526602;0.0928430444801696;0.0151101019746624;0;0;0;0.0159011968901671;0.0470765812211984;0.118407682651671;0.0504570141922683;0;0;0;0;0;0;0;0;0;0;0;0;0;0;0;0
0.08;0.079829667340219;0.0275190140449898;0.00499326252778798;0;0;0;0;0;0;0;0;0;0;0;0;0;0;0;0;0;0;0.0298091595738477;0.0928792787390761;0.119481886103015;0.118018807384595;0.0264252189932318;0.0125071950216083;0.0533733476554945;0.0739236589325419;0.106383220159281;0.12;0.0874389253458953;0.00161812815203808;0;0;0;0;0;0;0;0;0;0;0;0;0;0;0;0
0.08;0.08;0.0792645111584031;0.0274390032434575;0;0;0;0;0;0;0;0;0;0;0;0;0;0;0;0;0.0162790562787305;0.0427095229125582;0.0755339375049587;0.08675403379981;0.0787954798635536;0.0804055601745844;0.099480246719837;0.101863176011553;0.12;0.12;0.12;0.0290585508884931;0.00514607996824197;0;0;0;0;0;0;0;0;0;0;0;0;0;0;0;0;0
0.08;0.08;0.08;0.0338552360348403;0;0;0;0;0;0;0;0;0;0;0;0;0;0;0;0;0.0445763768333348;0.108580983839164;0.10378934128709;0.0654761295405216;0.00487736597480948;0.100293774062327;0.12;0.12;0.12;0.12;0.110033884781128;0.0133660295993944;0;0;0;0;0;0;0;0;0;0;0;0;0;0;0;0;0;0
0.08;0.08;0.08;0.0402015854793442;0.0163185172886823;0.0134136621857929;0.00571392178122421;0;0;0;0;0;0;0;0;0;0;0;0;0;0.0295363941408828;0.101881048754073;0.037304869123961;0;0.0866309941316973;0.118986731253201;0.110918539198324;0.12;0.12;0.12;0.11519989100728;0.0420374547354631;0;0;0;0;0;0;0;0;0;0;0;0;0;0;0;0;0;0
0.08;0.08;0.08;0.0522741935462022;0.0777100665538477;0.0793706682911829;0.0126132829311066;0;0;0;0;0;0;0;0;0;0.00242398454980833;0.0545845098012887;0.0549344641630538;0.0590969709837809;0.0356274817047701;0.0860171676583813;0.0372255972304847;0.0651285853974638;0.119401855583155;0.0768582113854658;0.0226991547950984;0.116006719494;0.098562089958595;0.100072065996925;0.0603772004587541;0.0280286820934911;0;0;0;0;0;0;0;0;0;0;0;0;0;0;0;0;0;0
0.08;0.08;0.08;0.08;0.08;0.061188554629342;0;0;0;0;0;0;0;0;0;0;0.00149734274037182;0.130463286893972;0.084367876731996;0.0833587580420955;0.117594780660339;0.12;0.111807444022652;0.11803919129495;0.0677334544500802;0;0;0.030694184180541;0.00553958933415735;0.0147054568577509;0;0;0;0;0;0;0;0;0;0;0;0;0;0;0;0;0;0;0;0
0.08;0.08;0.08;0.08;0.0215794465175829;0.000697644013725221;0;0;0;0;0;0;0;0;0;0;0;0.0918790376279827;0.135824898697948;0.109659046336844;0.12;0.12;0.12;0.12;0.0730300786504056;0;0;0;0;0;0;0;0;0;0;0;0;0;0;0;0;0;0;0;0;0;0;0;0;0
0.08;0.08;0.08;0.08;0.0780363209737465;0.0325490601521633;0;0;0;0;0;0;0;0;0;0.0255287302914844;0.0551935697825908;0.159235257743655;0.16;0.146808567654526;0.121929009655991;0.12;0.12;0.12;0.0783265916277654;0;0;0;0;0;0;0;0;0;0;0;0;0;0;0;0;0;0;0;0;0;0;0;0;0
0.08;0.08;0.08;0.08;0.08;0.0720355640954995;0;0;0;0;0;0;0;0.00268766934792284;0.122955074802294;0.159680737221241;0.16;0.16;0.16;0.153615084029362;0.122028809320098;0.12;0.115364063118259;0.050484587148406;0.00238097072302022;0;0;0;0;0;0;0;0;0;0;0;0;0;0;0;0;0;0;0;0;0;0;0;0;0
0.08;0.08;0.08;0.08;0.08;0.0578074432719374;0;0;0;0;0;0;0;0;0.0863317614143714;0.150931467061713;0.159615186724579;0.16;0.16;0.140186301548589;0.12;0.12;0.12;0.102856951799523;0;0;0;0;0;0;0;0;0;0;0;0;0;0;0;0;0;0;0;0;0;0;0;0;0;0
0.08;0.08;0.08;0.08;0.08;0.0401374869599938;0;0;0;0;0;0;0;0;0.143046299889596;0.120221084638722;0.148243333264935;0.158233661689254;0.143861666646134;0.125058377858907;0.12;0.12;0.12;0.108157513283892;0;0;0;0;0;0;0;0;0;0;0;0;0;0;0;0;0;0;0;0;0;0;0;0;0;0
0.08;0.08;0.08;0.08;0.08;0.0619951053316765;0;0;0;0;0;0;0.0147073553757139;0.123212824673729;0.121838306827076;0.12;0.124454947135456;0.130364549661854;0.12;0.12;0.12;0.12;0.10114859409326;0.0104654537665919;0;0;0;0;0;0;0;0;0;0;0;0;0;0;0;0;0;0;0;0;0;0;0;0;0;0
0.08;0.08;0.08;0.08;0.0577460365762097;0.00210915726946495;0;0;0;0;0;0.00482375293782979;0.10998819643727;0.127300554386137;0.12;0.12;0.12;0.12;0.12;0.12;0.12;0.12;0.0545057567584441;0;0;0;0;0;0;0;0;0;0;0;0;0;0;0;0;0;0;0;0;0;0;0;0;0;0;0
0.103062557071004;0.105643609650007;0.103810135865118;0.108028544646129;0.0879999977003961;0.0140257268263943;0;0;0;0;0.0676548938856027;0.0512515804515195;0.133100242638508;0.12;0.12;0.12;0.12;0.12;0.12;0.12;0.12;0.0553593592293811;0.0039336632256307;0;0;0;0;0;0;0;0;0;0;0;0;0;0;0;0;0;0;0;0;0;0;0;0;0;0;0
0.152232228433349;0.16;0.16;0.16;0.155050395843567;0.126346013481501;0.00984974561876065;0;0.00161042945714204;0.0457773433494483;0.15347622689861;0.139441038595979;0.12;0.12;0.12;0.12;0.12;0.12;0.12;0.12;0.118156728348313;0.0317724314616973;0;0;0;0;0;0;0;0;0;0;0;0;0;0;0;0;0;0;0;0;0;0;0;0;0;0;0;0
0.16;0.16;0.16;0.16;0.16;0.16;0.0759530330421154;0.00459497364595203;0.023920617736168;0.151529069905109;0.145963694695412;0.120655010044403;0.12;0.12;0.12;0.12;0.12;0.12;0.12;0.12;0.0740687863884573;0;0;0;0;0;0;0;0;0;0;0;0;0;0;0;0;0;0;0;0;0;0;0;0;0;0;0;0;0
0.16;0.16;0.16;0.16;0.16;0.16;0.0991036787667843;0.0641059508699124;0.131068197095525;0.151972591719464;0.122790472971289;0.12;0.12;0.12;0.12;0.12;0.118259655101784;0.0852478896386293;0.0907017835387963;0.0390116211838089;0.0173040755455645;0;0;0;0;0;0;0;0;0;0;0;0;0;0;0;0;0;0;0;0;0;0;0;0;0;0;0;0;0
0.16;0.16;0.16;0.16;0.16;0.16;0.147206939947205;0.155470543394917;0.157157104964086;0.125671258420743;0.12;0.12;0.12;0.12;0.12;0.12;0.03671445226374;0;0;0;0;0;0;0;0;0;0;0;0;0;0;0;0;0;0;0;0;0;0;0;0;0;0;0;0;0;0;0;0.00519041783395187;0.0224980169325126
0.16;0.16;0.16;0.16;0.16;0.16;0.16;0.159298611851836;0.129833458301233;0.12;0.12;0.12;0.12;0.12;0.12;0.100501998459232;0.0610769423314267;0;0;0;0.010465070358666;0.0151546350653283;0.0299956722290088;0.0521614099366977;0;0;0;0;0;0;0;0;0;0;0;0;0;0;0;0;0;0;0;0;0;0.0245788800439424;0.0195818908248049;0.00954037538169388;0.0457697943954978;0.147153062802255
0.16;0.16;0.16;0.16;0.16;0.16;0.16;0.135548452528397;0.114037110376655;0.0784081362491149;0.12;0.12;0.12;0.12;0.12;0.12;0.0475170685417253;0;0;0;0.0421996217306703;0.0638197106863372;0.0805701784832123;0.095857557056006;0;0;0;0;0;0;0;0;0;0;0;0;0;0;0;0;0;0;0;0;0;0.0426845938594708;0.156548022973858;0.0936227316697723;0.16;0.16
0.16;0.16;0.16;0.16;0.16;0.16;0.147233310476501;0.0466085388193152;0.0227800230335284;0.01763345545006;0.12;0.12;0.12;0.12;0.12;0.12;0.0260423068192787;0;0;0;0.0107535402906665;0.0956813385624903;0.100646583530941;0.0380457104642064;0;0;0;0;0;0;0;0;0;0;0;0;0;0;0;0;0;0;0;0;0;0.0705885946735738;0.135178476945766;0.153788167880636;0.16;0.16
0.16;0.16;0.16;0.16;0.16;0.16;0.147534072272323;0.0430206215535227;0.0250858822464931;0.116923298527759;0.12;0.12;0.12;0.12;0.12;0.12;0.0313745023570955;0;0;0;0;0.0985692302400246;0.0186924856481235;0;0;0;0;0;0;0;0;0;0;0;0;0;0;0;0;0;0;0;0.0174657624165283;0.132861629644241;0.0728782521071738;0.0631807669473023;0.16;0.16;0.16;0.16
0.16;0.16;0.16;0.16;0.16;0.16;0.146163190012239;0.00155398706272244;0.0698634264964243;0.12;0.12;0.12;0.12;0.12;0.0964426411370281;0.0328961383299029;0.000933840069113876;0;0;0.0168327224947046;0.0230743889557198;0.0997504545992471;0.0983073643613206;0.0493971548823529;0;0;0.000181953459085809;0;0;0;0;0;0;0;0;0;0;0;0;0;0;0;0.0686251728344728;0.16;0.155451892805472;0.157928457357899;0.16;0.16;0.16;0.327618183532394
0.16;0.16;0.16;0.16;0.16;0.16;0.149357042287831;0.119817037370335;0.12;0.12;0.12;0.12;0.12;0.12;0.058006033248663;0;0;0;0.031162844435751;0.111123006311199;0.0975652823019773;0.0997983074019561;0.12;0.06;0;0.0136059523661102;0.0638677207760835;0;0;0;0;0;0;0;0;0;0;0;0;0.0535784228585541;0.0792073998143295;0.088524355158506;0.109294497215748;0.16;0.16;0.16;0.16;0.16;0.16;0.517364495548018
0.16;0.16;0.16;0.16;0.16;0.153946869180621;0.122286199557997;0.12;0.12;0.12;0.12;0.12;0.12;0.12;0.0553714006781856;3.34215688724704e-06;0;0;0.0199166773621039;0.0228441016419791;0;0.0421553614999473;0.12;0.018491350127855;0;0.0758380321988653;0.0998556629505132;0.0656641833564732;0.000328045589011162;0;0;0;0;0;0;0;0;0;0.0659767008999796;0.148870132853935;0.16;0.141030858687857;0.149096717302978;0.445545572877753;2.29130597053382;1.94343253083585;0.698481625655275;0.16;0.16;2.14023793042081
0.16;0.16;0.16;0.16;0.16;0.139712731755954;0.12;0.12;0.12;0.12;0.12;0.12;0.12;0.0769683770402463;0.0028456551633243;0;0;0;0.027959677094414;0.0752328803761862;0.0814749585307203;0.108338862985556;0.10914832870033;0.00955628699646082;0.0274003653813673;0.116621839585703;0.11998565668359;0.115293953403225;0.0659173062899388;0.0257518493932535;0;0;0;0;0;0;0;0.0458339390111965;0.136677212965805;0.16;0.16;0.16;0.16;1.77833195271377;2.64;2.64;2.48531263595044;0.612000550393707;0.16;2.42568865986718
0.16;0.16;0.16;0.16;0.16;0.1307089309779;0.12;0.12;0.12;0.12;0.12;0.12;0.110358175015727;0.00791878494871179;0.0147082915717535;0.0492518238206394;0.0266901006966587;0;0.0389346165702937;0.0454072919600643;0.0982429046400072;0.0932479230150115;0.0631069936938869;0;0.0598686050257645;0.12;0.104728300464658;0.0126189857935224;0.0224650837144829;0;0;0;0;0;0;0;0.0337334301197153;0.078974631530419;0.13504924565213;0.156582819096771;0.16;0.16;0.16;1.27113663107906;2.64;2.64;2.64;1.71384960766812;0.222142761800738;2.31848920069775
