0.6;0.6;0.6;0.6;2.56586435804746;0.6;0.6;0.574931622432825;0.525808106253332;0.52;0.52;0.52;0.52;0.52;0.52;0.52;0.748668580037304;1.0932099972355;1.19782906882363;1.28;1.28;1.25680077034522;0.562377980597589;0.44;0.44;0.44;0.44;0.44;0.44;0.44;0.44;0.44;0.44;0.44;0.44;0.44;0.516229393781887;0.89337439388332;0.954516851822526;0.677609704197195;0.52;0.52;0.52;0.52;0.52;0.52;0.57494021831546;0.64;0.64;0.64
0.6;0.6;0.6;0.6;9.19552519215067;5.14168688231878;0.6;0.6;0.581435989168446;0.528721591718103;0.52;0.52;0.52;0.52;0.52;0.52;0.52;0.52;0.554580558319478;0.817412599828828;1.28;1.28;1.02461510563355;0.44;0.44;0.44;0.44;0.44;0.44;0.44;0.44;0.44;0.44;0.44;0.44;0.44;0.44;0.490798574237343;0.86816394595239;0.926493339204085;0.522621865742663;0.52;0.52;0.52;0.52;0.52;0.56220410909946;0.638336871477652;0.64;0.64
0.6;0.6;0.6;0.6;3.36865183286731;3.23557442819786;3.60160007239468;4.43850263828832;0.6;0.592785697625487;0.586882624272266;0.552739328431193;0.52;0.52;0.52;0.52;0.52;0.52;0.583748679101817;1.08171963367306;1.28;1.28;1.10268012756077;0.464899248610747;0.522798418019703;0.44;0.44;0.44;0.44;0.44;0.44;0.44;0.44;0.44;0.44;0.44;0.44;0.44;0.489856335458342;0.728595917299196;0.731903215338863;0.52;0.52;0.52;0.52;0.52;0.52;0.618455327454349;0.64;0.64
0.596439724015165;0.589417012551613;0.586367899030605;0.6;1.77404733589868;9.38115407661501;10.12;7.24627327242903;0.614262513275312;0.6;0.6;0.589405846784171;0.52;0.52;0.52;0.52;0.52;0.52;1.07981120693702;1.28;1.28;1.28;1.27884660713204;1.10436890238025;1.09459540538071;0.44;0.44;0.44;0.44;0.44;0.44;0.445181604082095;0.44;0.44;0.44;0.44;0.44;0.35841132840101;0.416089549165808;0.487612547154825;0.48;0.504914931866925;0.519955495949916;0.52;0.52;0.52;0.52;0.516135568504561;0.496992689656094;0.47982631976367
0.52;0.514422149041949;0.271674993330529;0.153167389470352;0.565527367909583;4.48192546637994;4.71459857320888;2.68145727688256;0.6;0.6;0.6;0.595912994056381;0.52;0.52;0.52;0.52;0.52;0.52;0.770672685886059;1.15036551841386;1.28;1.28;1.28;1.28;1.23414935838887;0.644172371622799;0.44;0.44;0.44;0.441244708302014;0.454358041528314;0.474237575888169;0.456532924400347;0.44;0.440065596922846;0.391159451108187;0.169457325826865;0.143829815570112;0.409171463164748;0.48;0.48;0.48;0.504466167150777;0.52;0.52;0.52;0.517637939369466;0.464302402168781;0.44;0.44
0.52;0.476963082893168;0.04;0.04;0.0488329166830671;0.42625910819358;0.6;0.6;0.6;0.6;0.6;0.6;0.521117092974205;0.52;0.52;0.52;0.52;0.52;0.52;0.595333782105575;1.08823129986644;1.28;1.28;1.28;1.28;1.08446457320392;0.44;0.44;0.453553119018228;0.467671067165536;0.48;0.48;0.468649761414298;0.441168700252058;0.459929192861599;0.372350716302239;0.068309497168183;0.105541604550555;0.48;0.48;0.48;0.48;0.495041136661451;0.52;0.52;0.501685096308267;0.457415204953381;0.44;0.44;0.44
0.52;0.338455930677599;0.137626273424426;0.295312355092056;0.241847087398487;0.539322062519228;0.6;0.6;0.6;0.6;0.6;0.6;0.527113202329725;0.52;0.52;0.52;0.52;0.519273012612527;0.511995190328482;0.49233932657917;0.532632922494687;1.0191132935366;1.28;1.28;1.28;1.26085329485771;0.556266417798769;0.467432372785786;0.47933575975834;0.48;0.48;0.48;0.48;0.476777758869229;0.479918218558982;0.48;0.403661093692579;0.0701866547158454;0.48;0.48;0.48;0.48;0.489612317282626;0.518030202892008;0.493082640160764;0.443372539268482;0.44;0.44;0.44;0.44
0.52;0.52;0.52;0.52;0.52;0.522230828352554;0.580504721852722;0.6;0.6;0.6;0.6;0.6;0.571403300527686;0.573037164116558;0.58001834273031;0.490285566627266;0.48301452732482;0.480200020052819;0.48;0.48;0.48;0.506626370072986;0.964073197427902;1.14541425965827;1.17955208506612;0.748310328459391;0.57098134484794;0.48;0.48;0.48;0.48;0.48;0.48;0.48;0.48;0.48;0.48;0.370881349931557;0.48;0.48;0.48;0.48;0.48;0.509538171925396;0.495463158404641;0.44;0.44;0.44;0.44;0.44
8.88755560663622;10.329059644435;4.31818749222021;0.52;0.52;0.52;0.559133141261712;0.6;0.6;0.6;0.6;0.6;0.6;0.6;0.589188527950561;0.517418179866196;0.48;0.480333020937569;0.859715209769458;0.873163132282914;0.436368468120238;0.377963005738719;0.261728604783626;0.329957450849724;0.261531972661456;0.48;0.48;0.48;0.48;0.48;0.48;0.48;0.48;0.48;0.48;0.48;0.48;0.48;0.48;0.48;0.48;0.48;0.48;0.492691145356355;0.461524553996908;0.44;0.44;0.44;0.44;0.44
16.68;16.68;11.4047720171211;0.52;0.52;0.52;0.553375067444611;0.6;0.6;0.6;0.6;0.423634177437443;0.323065132211298;0.556837167588073;0.293912690330539;0.451225614898964;0.48;0.4862759465307;0.736052547783295;1.09350024812296;0.093467152960453;0.0706910340433621;0.04;0.04;0.143690241918899;0.48;0.48;0.48;0.48;0.48;0.48;0.48;0.48;0.48;0.48;0.48;0.48;0.48;0.48;0.48;0.48;0.48;0.475219512198356;0.444328354743617;0.44;0.44;0.44;0.44;0.44;0.44
12.6090555201843;14.3859552242465;2.42591129366236;0.52;0.52;0.52;0.546853554647602;0.6;0.6;0.6;0.590759129552745;0.0258474140819604;0.326725624198576;0.427907508595784;0.04;0.357827100866241;0.927913212091694;1.11144228834882;0.863190732248878;0.780264674461791;0.0485543169990806;0.04;0.04;0.04;0.068828732608006;0.382143349095178;0.48;0.48;0.48;0.48;0.48;0.48;0.48;0.48;0.48;0.48;0.48;0.48;0.48;0.48;0.48;0.478472468668966;0.448415707807417;0.44;0.44;0.44;0.44;0.44;0.44;0.44
0.671907712736096;0.52;0.52;0.52;0.52;0.52;0.52987363220341;0.588733479627298;0.6;0.6;0.500789228423758;0.116281168044993;0.48;0.462477352788939;0.130276354443059;0.235140380599888;1.01151478550159;0.896848893365272;0.668521107930202;0.296021905686977;0.04;0.04;0.04;0.04;0.04;0.302581804554537;0.48;0.48;0.48;0.48;0.48;0.48;0.48;0.48;0.48;0.48;0.48;0.48;0.48;0.48;0.47998237972352;0.455004390736816;0.44;0.44;0.44;0.44;0.44;0.44;0.44;0.44
0.52;0.52;0.52;0.52;0.52;0.52;0.52;0.550195408426474;0.596125677530669;0.547199001134161;0.163720631875922;0.438682309888482;0.48;0.477384607738117;0.0413075586836785;0.364420396879748;0.604476118729845;0.193156939725338;0.409297262112595;0.15338596067368;0.04;0.04;0.04;0.135025276375466;0.299345520367865;0.41019344332864;0.48;0.48;0.48;0.48;0.48;0.48;0.416644134273774;0.48;0.48;0.48;0.48;0.48;0.48;0.48;0.461913800661232;0.44;0.44;0.44;0.44;0.44;0.44;0.44;0.467518422887662;0.640218679411447
0.52;0.52;0.52;0.52;0.52;0.52;0.52;0.52;0.347640594955355;0.1323211040609;0.373619010900068;0.48;0.48;0.34142397045755;0.046250578509008;0.217542473351443;0.313987479520659;0.274200883768067;0.424746461830816;0.0917463304228428;0.04;0.04;0.0972296170772426;0.0811861149564215;0.330197040958736;0.48;0.48;0.48;0.48;0.48;0.453998895895542;0.458326849628707;0.218317389683547;0.48;0.48;0.48;0.48;0.48;0.48;0.476533183837716;0.440716527513836;0.44;0.44;0.44;0.44;0.44;0.44;0.44;1.18634725438586;1.45072441222593
0.52;0.52;0.52;0.52;0.52;0.52;0.52;0.52;0.467549045780208;0.070320835705474;0.48;0.48;0.414319785144308;0.0703713047365039;0.04;0.224971928305971;0.48;0.167024477999054;0.04;0.04;0.04;0.179154327285651;0.447538393497018;0.476648393034098;0.48;0.48;0.48;0.48;0.48;0.48;0.22295665915868;0.125568218009953;0.0946411128452048;0.48;0.48;0.48;0.48;0.48;0.48;0.479852653994842;0.457417545628363;0.44;0.44;0.44;0.44;0.44;0.44;0.508597044572961;1.54192111832909;2.34536378988037
0.350103083676115;0.52;0.52;0.52;0.52;0.52;0.52;0.52;0.329894148384211;0.177265837446704;0.404162179759954;0.286076056686789;0.202622648667639;0.04;0.04;0.189256984835817;0.48;0.0805806147197261;0.04;0.04;0.04;0.299871265509212;0.48;0.48;0.48;0.48;0.48;0.48;0.48;5.00785083016729;1.01041579334087;0.146793536952257;0.0559881167778745;0.48;0.48;0.48;0.48;0.48;0.48;0.48;0.46074364019488;0.44;0.44;0.44;0.44;0.44;0.44;1.69028848593955;2.6;1.45050686806576
0.405381800047316;0.52;0.52;0.52;0.52;0.52;0.52;0.499280104364317;0.120842913125617;0.19267198258685;0.237500864677364;0.04;0.04;0.04;0.04;0.0633947703213975;0.0952738872965798;0.0440572024765691;0.04;0.04;0.04;0.266577086652396;0.48;0.48;0.48;0.48;0.48;0.48;1.8572936499001;9.43957202875612;8.02668731260578;0.520328959649132;0.0173358841085806;0.48;0.48;0.48;0.48;0.48;0.48;0.48;0.445944560125094;0.44;0.44;0.44;0.44;0.44;1.31379155506931;2.6;2.5125754633601;1.07330676435766
0.51607420174032;0.52;0.52;0.52;0.52;0.52;0.52;0.358372375260247;0;0.160925804937258;0.294742400299759;0.117691010597665;0.04;0.04;0.04;0.04;0.04;0.04;0.04;0.04;0.227479753438575;0.414768462700538;0.48;0.48;0.48;0.48;0.48;3.75109637731012;9.31052708408989;9.96;7.83828175037751;0.32387769191016;0.168504757050767;0.479884674271338;0.48;0.48;0.48;0.48;0.48;0.46918859359433;0.444267890602923;0.44;0.44;0.44;0.44;1.76958343028885;2.10650667716393;2.6;1.52839016706531;0.44
0.497522402205733;0.453909916587546;0.501702834376821;0.493946134656918;0.52;0.52;0.52;0.467891619731418;0.0865588665013162;0.17521505459775;0.4;0.251498048718507;0.04;0.04;0.04;0.04;0.04;0.04;0.0552737150020897;0.0935939737215638;0.263029168967855;0.48;0.48;0.48;0.48;0.48;0.48;4.89431379522255;9.96;8.80535018766125;2.97983741795595;0.0275000117566401;0.368139533543113;0.48;0.48;0.48;0.48;0.48;0.460514000636101;0.442007521862932;0.44;0.373994902461983;0.386975016209597;0.44;0.44;2.1239475696884;2.6;2.47512548608494;0.770497359310185;0.44
0.49827123365078;0.41057628531455;0.4;0.4;0.422997656076867;0.44525972877581;0.495537906353732;0.482479084067693;0.147865766373261;0.396308709193712;0.4;0.280771539339935;0.04;0.04;0.04;0.04;0.04;0.067346641815699;0.392398565607889;0.48;0.418249675262898;0.48;0.48;0.48;0.48;0.48;0.48;1.09641984578753;9.96;3.69874720930009;0;0.270539842185584;0.48;0.48;0.48;0.48;0.48;0.48;0.458114402688295;0.44;0.44;0.243742155535934;0.29837632430877;0.44;0.44;0.974733175123789;2.50203882257566;1.53627924581267;0.44;0.44
0.450275523274466;0.41222329845136;0.4;0.4;0.4;0.4;0.400099594416209;0.431921864502324;0.263690947995094;0.400520821537004;0.4;0.345957014530899;0.0826157860843077;0.04;0.0683506339727292;0.0826164401061917;0.04;0.04;0.167434403823469;0.48;0.48;0.48;0.48;0.48;0.48;0.48;0.48;0.487221063588739;1.15923876025575;0.168160432440159;0.172335987962225;0.421152329771921;0.48;0.48;0.48;0.47959468629905;0.476597412084043;0.476133548008197;0.445908187447492;0.44;0.44;0.383658651380549;0.0318092594716267;0.347692648520545;0.44;0.319598805725124;0.36576715800246;0.44;0.44;0.44
0.4;0.4;0.4;0.4;0.4;0.4;0.4;0.400267170188639;0.215537413713274;0.221521550342441;0.4;0.4;0.273631184649704;0.250475002382044;0.339264060257087;0.25897516146531;0.04;0.04;0.0420702908370279;0.32529567409729;0.48;0.48;0.48;0.48;0.48;0.48;0.48;0.48;0.119496530612049;0.348045210572922;0.48;0.48;0.48;0.48;0.468625097767586;0.445213684693905;0.44;0.446532785797623;0.44;0.44;0.44;0.426171126308031;0.136933571818688;0.271315684597986;0.276904435627959;0.192870639935678;0.368678697087752;0.44;0.44;0.44
0.4;0.4;0.4;0.4;0.4;0.4;0.4;0.4;0.220227699337062;0.195004325157031;0.4;0.4;0.4;0.4;0.4;0.376444998645273;0.342703988561034;0.250331637098307;0.0461479745002463;0.174190610003742;0.479177718788522;0.48;0.48;0.48;0.48;0.48;0.48;0.367362874573392;0.306485103708975;0.48;0.48;0.48;0.474923863978636;0.455759045945185;0.441684998446617;0.44;0.44;0.44;0.44;0.44;0.44;0.44;0.408065232102226;0.191095932289469;0.159490994932615;0.330025127542121;0.44;0.44;0.44;0.44
0.4;0.4;0.4;0.4;0.4;0.4;0.4;0.4;0.274405329396096;0.175897582143084;0.4;0.4;0.4;0.4;0.4;0.4;0.4;0.393932683862818;0.397804183196183;0.4;0.471756522734649;0.48;0.48;0.48;0.48;0.48;0.433134185990696;0.0673901065203344;0.367307286643982;0.48;0.478976735608174;0.466131837366077;0.446001026280792;0.44;0.44;0.44;0.44;0.44;0.44;0.44;0.44;0.44;0.249331322628492;0;0.065917313380306;0.341453511371885;0.44;0.44;0.44;0.44
0.4;0.456465083521215;0.545105271409624;0.4;0.4;0.4;0.4;0.4;0.4;0.248289166774642;0.296874768978874;0.4;0.4;0.4;0.4;0.4;0.4;0.4;0.4;0.4;0.434713640740754;0.459007872677315;0.464248768865576;0.48;0.48;0.465531060106775;0.180123891938471;0.099330708408814;0.4589580521954;0.48;0.457467141096004;0.44;0.44;0.44;0.44;0.44;0.44;0.44;0.44;0.44;0.44;0.436496341713471;0.264114177839413;0;0.0970162217861586;0.434257275843922;0.44;0.44;0.44;0.44
0.893107584320223;2.85758114528803;2.58019077680788;1.88253521241465;0.439438559523225;0.4;0.4;0.4;0.4;0.320907044827634;0.110667725452826;0.370967545021916;1.89834658513467;2.49159396312674;1.41172722737483;0.4;0.4;0.4;0.4;0.4;0.4;0.4;0.418367744008809;0.475192068049141;0.48;0.479457869181152;0.0756713161495677;0.0387827115716413;0.47834927588101;0.448572196289494;0.44;0.44;0.44;0.44;0.44;0.44;0.44;0.44;0.44;0.44;0.44;0.237962391198167;0.00635546927974629;0;0.211087355648815;0.44;0.44;0.44;0.44;0.44
2.13613558459978;3.87626224375069;3.60074061645344;3.57422498597993;0.604853611449628;0.4;0.4;0.4;0.4;0.4;0.122845856445841;0.295591892092954;3.32049016635818;3.3895394804438;0.774387000329191;0.853074417434151;0.4;0.4;0.4;0.4;0.4;0.4;0.4;0.463393270154111;0.479571062553224;0.36161633896711;0.116582402955486;0.0103676575427143;0.380819468027829;0.44;0.44;0.44;0.44;0.44;0.44;0.44;0.44;0.44;0.44;0.44;0.414764877964889;0.227775109058613;0.0613074836070964;0.102189260700845;0.413462816405329;0.44;0.44;0.44;0.44;0.44
0.444909487612874;0.438504814937711;0.4;0.955454987118147;0.4;0.4;0.4;0.4;0.4;0.4;0.155389514363837;0.263063365499955;3.0181155906559;3.58808349735001;2.69950180079245;1.36063402640543;0.4;0.4;0.4;0.4;0.4;0.4;0.4;0.41413794354388;0.4319437620076;0.399366042593786;0.0379203253775441;0.0507133103552213;0.391667290804934;0.44;0.216130000221224;0.389945235276967;0.409114051188324;0.44;0.44;0.44;0.44;0.44;0.44;0.44;0.349110739449784;0.105211542079013;0.0255707648093878;0.384194671621009;0.44;0.44;0.44;0.44;0.44;0.44
0.4;0.4;0.4;0.4;0.4;0.4;0.4;0.4;0.4;0.355784016304747;0.0468829848570399;0.291989571035402;1.66349824486178;1.7495212789049;0.4;0.4;0.4;0.4;0.4;0.4;0.4;0.4;0.4;0.4;0.408360237503437;0.405237885438815;0.0575167161150995;0.0338048847856155;0.257609103302809;0.248641409370955;0.00559142424928901;0;0.240595275085513;0.44;0.44;0.44;0.44;0.44;0.44;0.387153290840085;0.151831274539926;0;0.0143798878314439;0.44;0.44;0.44;0.44;0.44;0.44;0.44
0.317724860189006;0.398409523257986;0.370477606436703;0.344776685927064;0.4;0.4;0.4;0.4;0.4;0.196494727359598;0.293594624929892;0.4;0.4;0.4;0.36214994420128;0.267067428858149;0.4;0.4;0.4;0.4;0.4;0.4;0.4;0.4;0.404730375646925;0.38878438584658;0;0.267823163541321;0.264421521229073;0;0;0.0415968162831035;0.322839610822792;0.44;0.44;0.44;0.44;0.44;0.44;0.413367677583659;0.141470059270483;0;0.225049630498523;0.439289634571692;0.44;0.44;0.44;0.44;0.44;0.44
0.139294384608142;0.00731950937236738;0;0.0111571713469831;0.101402488753665;0.0663261375282891;0.203631819284661;0.4;0.329305546739342;0.021378370521728;0.202331199645551;0.4;0.4;0.286729765099552;0.232891934193193;0.0394849712521191;0.35924402509128;0.4;0.4;0.4;0.4;0.407606154794469;0.425273343175463;0.471633242588823;0.244176245115957;0.181777886416778;0.0402423079821324;0.43801354396852;0.248862442361049;0;0.066128932189166;0.389111377837807;0.266308197209282;0.44;0.44;0.44;0.44;0.44;0.44;0.44;0.42671920270289;0.424146099278517;0.44;0.44;0.881036945446234;1.12282307247614;1.74701219938426;0.44;0.464043975194841;1.48449332261915
0;0;0;0;0;0;0.00357697940475278;0.131847145532863;0.126774545687873;0;0.0279108324325925;0.0584531994890422;0.0234896833915263;0;0;0.00799885168597911;0.230400514240517;0.4;0.4;0.406224826636446;0.425563274723804;0.45892129339659;0.48;0.184549781923613;0.000755961302960926;0;0.0241349784985185;0.48;0.320099027456178;0;0;0.0510626434126707;0.239289598365406;0.44;0.44;0.44;0.430066344223169;0.391377510041837;0.301616606648641;0.44;0.44;0.44;0.44;0.44;1.90502309508372;2.23756536238565;2.6;2.498265711559;1.18198612270971;2.44505288312788
0;0;0.00918884736847141;0.0153580293725955;0.045521841415208;0;0;0;0;0;0;0;0.0054611322282865;0.0208895778998733;0.0244147907791659;0.0394384354253271;0.164825008299589;0.267045237931283;0.247539211133066;0.342814355727567;0.387718906059861;0.375167252860744;0.447703910794026;0.465903928099343;0.0678353029437047;0.00121483964668574;0.149425228965158;0.475429909686153;0.04081901678779;0;0;0.050673157520562;0.332892770779082;0.44;0.388183731290401;0.249862266249349;0.119985229251004;0;0.261207571507897;0.44;0.44;0.44;0.44;0.44;0.44;0.585306501817982;0.691737533461116;1.02004785207041;0.896978949732147;1.17301836397183
0.233724376707578;0.138887519555014;0.04;0.118193112410485;0.38021542621323;0.266263453027783;0.0137807485962694;0.00227482898570318;0.0309409143906087;0.0659558559260331;0.0365998732061763;0.00249750803035463;0.0227286038771783;0.04;0.04;0.04;0.04;0.04;0.04;0.04;0.04;0.04;0.339187676923489;0.48;0.139387569988454;0.0540809730208777;0.27516814067544;0.391633114045579;0.0673290891742435;0;0.098579481813041;0.257918836450818;0.426638239330705;0.419713350973371;0.318247050826025;0;0.0819782104808385;0.0740914213316549;0.413107260788205;0.44;0.44;0.44;0.44;0.44;0.44;0.44;0.44;0.44;0.44;0.44
0.37605214189731;0.175122310202103;0.0433105955477479;0.136228825768922;0.44;0.44;0.21059959071247;0.284222054100053;0.402869340412784;0.425836806431709;0.234515038454724;0.0260529776758802;0.04;0.04;0.04;0.04;0.04;0.04;0.04;0.04;0.04;0.04;0.120084767972085;0.420842572222623;0.269391275468719;0.39138952605743;0.36;0.36;0.261766050496031;0.144551002814574;0.263978990267822;0.36;0.36;0.36;0.156555182031527;0;0.162412529206941;0.35047989533491;0.427614047744421;0.44;0.44;0.44;0.44;0.44;0.44;0.44;0.44;0.44;0.44;0.44
0.400625696662511;0.42384598690188;0.130475847981185;0.241588096066203;0.44;0.44;0.44;0.439445490957868;0.44;0.44;0.400804857048718;0.0961337049836874;0.04;0.04;0.04;0.04;0.04;0.04;0.04;0.04;0.13518018091488;0.0738384563294723;0.0401735873643045;0.067484615774014;0.101756403653996;0.378174836010011;0.36;0.36;0.36;0.36;0.36;0.36;0.36;0.36;0.152561138427816;0;0;0;0.171232641079991;0.417752730944119;0.44;0.44;0.44;0.44;0.44;0.44;0.44;0.44;0.44;0.44
0.370096246006562;0.320313896012912;0.419373326375545;0.435442185087783;0.44;0.44;0.44;0.44;0.44;0.430683079946409;0.401137454668289;0.291563481822477;0.113797186753067;0.04;0.0625365018699426;0.100066793370096;0.04;0.04;0.04;0.04;0.244419819664958;0.23263291839455;0.176805439898272;0.04;0.206084137267024;0.36;0.36;0.36;0.36;0.36;0.36;0.36;0.36;0.36;0.125512987518468;0;0;0;0;0.161758991266121;0.44;0.44;0.44;0.44;0.44;0.44;0.44;0.44;0.44;0.44
0.121671757151268;0.207502894604549;0.275260123220114;0.38185535313286;0.439973005005484;0.44;0.44;0.44;0.44;0.436070460650189;0.410294173691109;0.4;0.250849626108631;0.042809412851464;0.34646957158531;0.430847638916135;0.342766799542587;0.377655227378942;0.412527382802684;0.160436061000685;0.170064459827364;0.32152348323809;0.334583255936918;0.2469645747239;0.267107820344963;0.36;0.36;0.36;0.36;0.36;0.36;0.36;0.36;0.36;0.219400344598802;0.0742414931088404;5.27555895284017e-05;0.113463219717577;0.0213865452199744;0.019045583165541;0.0708424054408446;0.292522671931716;0.399195201316662;0.392191472946852;0.385301660786476;0.435298839367688;0.44;0.44;0.44;0.44
0;0.0132132269498363;0.260885936304267;0.16737782280664;0.352056615717162;0.435766753773496;0.44;0.44;0.44;0.44;0.437386654213525;0.426683003332882;0.406283268571308;0.430973882199427;0.44;0.44;0.44;0.44;0.44;0.439443712821201;0.193977687790188;0.288402030553839;0.36;0.36;0.36;0.36;0.36;0.36;0.36;0.36;0.36;0.36;0.36;0.36;0.36;0.214244444574695;0.00124100747192279;0.265477973271472;0.147763143756847;0;0;0.0794314191232294;0.36;0.36;0.36;0.41819122273599;0.44;0.44;0.44;0.44
0;0;0.0925124507701385;0;0;0.236294249358257;0.44;0.44;0.44;0.44;0.44;0.44;0.44;0.44;0.44;0.44;0.44;0.44;0.44;0.44;0.430024797933828;0.36;0.36;0.36;0.36;0.36;0.36;0.36;0.36;0.36;0.36;0.36;0.36;0.36;0.36;0.349787528343582;0.352962706843112;0.36;0.0723526707003305;0.0859885965879075;0.117053656348726;0.258243674582458;0.36;0.361500322309283;0.373592761197314;0.416806825188428;0.44;0.44;0.44;0.44
0;0;0;0;0;0.0321129111233086;0.389429973646738;0.44;0.435921296177588;0.44;0.44;0.44;0.44;0.44;0.44;0.44;0.44;0.44;0.44;0.44;0.43650008973917;0.36;0.36;0.36;0.36;0.36;0.36;0.36;0.36;0.36;0.36;0.36;0.36;0.36;0.36;0.36;0.36;0.36;0.36;0.36;0.36;0.36;0.36;0.368659078945038;0.435673059599583;0.44;0.44;0.44;0.44;0.44
0.00704860444599763;0.00741266070692644;0;0;0.0569314072236191;0.120570884370363;0.426206321141484;0.371071713970057;0.294198642241711;0.435929857692722;0.44;0.44;0.44;0.44;0.44;0.44;0.44;0.44;0.44;0.44;0.44;0.386292696145106;0.36;0.36;0.36;0.36;0.36;0.36;0.36;0.36;0.36;0.36;0.36;0.36;0.36;0.36;0.36;0.36;0.36;0.36;0.36;0.36;0.36;0.36;0.398172321025332;0.44;0.44;0.44;0.44;0.44
0.0359224438113386;0.0205174049980473;0.000205956851789907;0.0165933624673352;0.286743748387478;0.191686190603813;0.44;0.122258722261118;0;0.371639975482691;0.44;0.44;0.44;0.44;0.44;0.44;0.44;0.44;0.44;0.44;0.44;0.411710844853801;0.361240044789611;0.36;0.36;0.36;0.36;0.36;0.36;0.36;0.36;0.36;0.36;0.36;0.36;0.36;0.36;0.36;0.36;0.36;0.36;0.36;0.36;0.36;0.360988656251878;0.431425668666123;0.44;0.44;0.44;0.44
0.1465550627045;0.118953832553748;0;0.336357496279736;0.430157414237119;0.174204192836956;0.383368262171032;0.377213922078496;0.071133171743997;0.345656645973159;0.44;0.44;0.44;0.44;0.44;0.44;0.44;0.44;0.44;0.44;0.44;0.44;0.370311693608202;0.36;0.36;0.36;0.36;0.36;0.36;0.36;0.36;0.36;0.36;0.36;0.36;0.36;0.36;0.36;0.36;0.36;0.36;0.36;0.36;0.36;0.36;0.369509612290973;0.438999812408257;0.44;0.44;0.44
1.19340772776941;0.352158341469856;0.2158953599595;0.333132616931911;0.44;0.0624695299160982;0.305366993744621;0.421912421652617;0.113060020918858;0.354535918664643;0.44;0.44;0.44;0.44;0.44;0.44;0.44;0.44;0.44;0.44;0.44;0.44;0.385735650519467;0.36;0.36;0.36;0.36;0.36;0.36;0.36;0.36;0.36;0.36;0.36;0.36;0.36;0.36;0.36;0.36;0.36;0.36;0.36;0.36;0.36;0.36;0.36;0.402724694340941;0.44;0.44;0.44
1.92917392302884;0.44;0.44;0.44;0.44;0.191591170310108;0.422454390435852;0.42665870865453;0.0139748807851987;0.369666491413737;0.44;0.44;0.44;0.44;0.44;0.44;0.44;0.44;0.44;0.44;0.44;0.44;0.421377700985596;0.36;0.36;0.36;0.36;0.36;0.36;0.36;0.36;0.36;0.36;0.36;0.36;0.36;0.36;0.36;0.36;0.36;0.36;0.36;0.36;0.36;0.36;0.36;0.365051844646145;0.431531018830042;0.44;0.44
2.454376801896;0.44;0.44;0.44;0.44;0.283699839067459;0.386603253384819;0.44;0.336494164477759;0.44;0.44;0.44;0.44;0.44;0.44;0.44;0.44;0.44;0.44;0.44;0.44;0.44;0.42784617443895;0.36;0.36;0.36;0.36;0.36;0.36;0.36;0.36;0.36;0.36;0.36;0.36;0.36;0.36;0.36;0.36;0.36;0.36;0.36;0.36;0.36;0.36;0.36;0.36;0.390444912528531;0.44;0.44
1.13488546122775;0.44;0.44;0.44;0.44;0.348274735535386;0.163033014782991;0.409812209059191;2.02761656278244;0.894934429856021;1.07242019952107;0.44;0.44;0.44;0.44;0.44;0.44;0.44;1.59132685958267;0.62080862352146;0.44;0.44;0.434314520014636;0.36;0.36;0.36;0.36;0.36;0.36;0.36;0.36;0.36;0.36;0.36;0.36;0.36;0.36;0.36;0.36;0.36;0.36;0.36;0.36;0.36;0.36;0.36;0.36;0.361952319889325;0.422358521434032;0.44
0.44;0.44;0.44;0.44;0.44;0.44;0.297191724518816;0.250619499791106;2.52968128853796;4.08;3.53031199264117;0.561381374423848;0.44;0.44;0.632425508450337;2.65309634283865;2.97083354406282;3.28842261785925;3.96882370606904;2.42099313817914;0.706565715562073;0.44;0.439582849635929;0.360260217111837;0.36;0.36;0.36;0.36;0.36;0.36;0.36;0.36;0.36;0.36;0.36;0.36;0.36;0.36;0.36;0.36;0.36;0.36;0.36;0.36;0.36;0.36;0.36;0.36;0.378180649683221;0.439346677784746
0.44;0.44;0.44;0.44;0.44;0.44;0.427217255760831;0.166283021653344;2.17506595726476;4.03262117554212;1.08780449166745;0.44;0.44;0.44;0.559954598580502;3.7175309715928;3.48113669507916;3.91400397307695;3.04518219318655;1.48570869871839;0.44;0.44;0.44;0.365370351216476;0.36;0.36;0.36;0.36;0.36;0.36;0.36;0.36;0.36;0.36;0.36;0.36;0.36;0.36;0.36;0.36;0.36;0.36;0.36;0.36;0.36;0.36;0.36;0.36;0.360207244035318;0.410465575999229
