0.182510786541069;0.04;0.04;0.04;0.0381713413266421;0.00732711467406936;0.0296546174275223;0.0396848648864359;0.0135851437123688;0.0279724639882259;0.0324065182703082;0.0375923109087612;0.108925492466148;0.12;0.12;0.12;0.12;0.12;0.12;0.12;0.12;0.12;0.12;0.12;0.12;0.634967897421579;1.8;1.8;1.68638613439109;9.89113590000573;18.6725293441914;4.66974798543898;0.92;0.92;0.92;0.92;0.245320684136823;0.556587385241291;0.149170489927658;0.251286961780598;0.725702846362255;0.8909876289167;0.627651593555674;0.902064150943402;0.590327745391381;0.596040198691333;1.26275413721554;1.28;1.28;2.47954696929248
0.04;0.04;0.04;0.04;0.0326474658859093;0.00701145555296044;0.0391092021902108;0.02627731867861;0.0255082535378995;0.0203855714130215;0.00738081884235144;0.0150673092471309;0.0645092740489524;0.117130417513728;0.12;0.12;0.12;0.12;0.12;0.12;0.12;0.12;0.12;0.12;0.12;1.13573005406531;1.8;1.8;12.6075234101961;35.3564282094167;44.84;29.857427035072;0.92;0.92;0.92;0.92;0.56196725886364;0.12;0.14791608034487;0.692038667750461;0.806039305014549;0.655591733332163;0.181885400921441;0.346553721412948;0.354868761123052;1.21816965777356;1.28;1.28;1.31056096635172;8.76153562621541
0.04;0.04;0.04;0.0318494681779873;0.00552113122244799;0.0141984652532083;0.00653751371450055;0.0142574126684615;0.00880291177225488;0.0320991595200263;0.04;0.0333778488595294;0.0455082627947884;0.11300012118819;0.12;0.12;0.12;0.12;0.12;0.12;0.12;0.12;0.12;0.12;0.12;0.226913190249409;0.690548637634423;1.56489480522988;1.8;41.3306122067389;44.84;32.8505597003607;0.92;0.92;0.92;0.92;0.866943162252341;0.621115505473119;0.427609767802991;0.379840246439888;0.92;0.901043659675727;0.769518914247475;0.395417691189031;0.651782742416451;1.28;1.28;1.28;21.7443675530329;56.1768795701607
0.04;0.04;0.04;0.0321351881299291;0.0322713546580635;0.0155610499270769;0;0;0.0234230936853829;0.04;0.04;0.0427481339175666;0.0960016719924641;0.12;0.12;0.12;0.12;0.12;0.12;0.12;0.12;0.12;0.12;0.12;0.12;0.12;0.12;0.791970414730624;10.4729733570686;29.946436280912;29.3472724249247;39.4466337033673;6.23143485570642;0.92;0.92;0.92;0.92;0.92;0.92;0.685628587416118;0.363484459422065;0.378999484774803;0.687396733321542;0.295976065298346;1.13103879931358;1.28;8.58624150090649;32.6357906034032;22.7793505368571;38.4871415550122
0.04;0.04;0.04;0.04;0.027925002231424;0.000379724105611918;0;0.0034046927953346;0.0352926185489162;0.04;0.04;0.0824868227395223;0.12;0.12;0.12;0.12;0.12;0.12;0.12;0.12;0.12;0.12;0.12;0.12;0.12;0.12;0.12;0.323037034194916;0.92;0.92;1.23394521795499;2.9675626425297;0.933769400658914;0.92;0.92;0.92;0.92;0.807558673937387;0.92;0.192676591478131;0.12;0.12;0.12;0.445723691990049;1.27226777047405;1.28;40.8399209034107;15.609044344609;1.5856360689642;2.80903893095832
0.04;0.04;0.04;0.04;0.0130324348037618;0;0;0.0229445467511152;0.04;0.04;0.0636619928681727;0.12;0.12;0.12;0.12;0.12;0.12;0.12;0.12;0.12;0.12;0.12;0.12;0.12;0.480762185362768;0.239905542644067;0.834989509160721;6.8507367248167;0.909667281926244;0.92;0.92;0.92;0.92;0.773425935030766;0.81209037459682;0.92;0.747878920915209;0.650479344489412;0.92;0.535424431583999;0.12;0.12;0.12;0.536611706070136;1.28;1.28;6.00459290898909;1.28;1.28;1.28
0.04;0.04;0.04;0.0221161881266547;0.00245113799083966;0.00519989905088053;0.00146314088010964;0.0299337468353695;0.04;0.04;0.0657888422238263;0.118786228318999;0.12;0.12;0.12;0.12;0.12;0.12;0.12;0.12;0.12;0.12;0.12;0.273363213999507;1.45184363956262;1.6;3.31208890635669;37.8872259656114;9.63066325696452;0.909841105461249;0.92;0.92;0.92;0.824513656561945;0.512078524453897;0.90834808986868;0.529250215121938;0.773261813874216;0.92;0.426465334866696;0.12;0.12;0.12;0.238046970019955;1.15915951264288;1.28;1.28;1.28;1.28;1.28
0.04;0.04;0.0450438701745535;0.00501660485293982;0;0.0169312922678986;0.000507172245727709;0.0388495975099038;0.04;0.04;0.04;0.110859042614326;0.12;0.12;0.12;0.12;0.12;0.12;0.12;0.12;0.12;0.12;0.12;0.272935411719569;0.84393253026302;3.76761494636471;6.70320834315457;24.8610715914397;4.18662700038387;0.821912437366492;0.92;0.92;0.878988171058423;0.747967410805635;0.802302968092889;0.476734109922853;0.421403571755657;0.584819019982591;0.625867863618553;0.485354720545886;0.158890996400647;0.12;0.12;0.12;0.944548764978357;1.28;1.28;1.28;1.28;1.05197375357777
0.0420308863104406;0.0789996268144138;0.105304289207189;0.0417679274321045;0.0017034882761283;0.0192671456247198;0.0179223465164088;0.0384227601164389;0.0399049432630154;0.0389077186477847;0.04;0.106602748618089;0.12;0.12;0.12;0.12;0.12;0.12;0.12;0.12;0.12;0.12;0.12;0.12;0.12;31.1402562707791;39.68;16.9338090015125;0.76;0.767344804175897;0.780544860133901;0.840197355429068;0.899966788539384;0.257805918878543;0.474140388566473;0.675280757099796;0.213966742177704;0.20326060052288;0.165248185391352;0.12;0.12;0.12;0.12;0.12;0.47597202724847;1.28;1.28;1.28;0.928055688889148;0.514220504937874
0.0913776568938139;0.12;0.12;0.0739337402227656;0.0204938102948618;0.0391664333688497;0.0206282766226135;0.04;0.0393812156166102;0.0222048604119382;0.042695671852718;0.105866798714677;0.12;0.12;0.12;0.12;0.12;0.12;0.12;0.12;0.12;0.12;0.12;0.12;0.12;27.9884079732588;37.7026047649633;2.65643191973263;0.76;0.76;0.76;0.824930770940892;0.711326221470328;0.145199977649469;0.189291514053146;0.384742976979353;0.246968902018432;0.12;0.12;0.12;0.12;0.12;0.12;0.12;0.525375028478343;1.14271443717802;1.28;1.28;1.14511580308529;1.12306896580013
0.12;0.12;0.12;0.12;0.0882121960491064;0.0133159527695443;0.0328845476695647;0.04;0.04;0.0206181697011276;0.049497803845544;0.12;0.12;0.12;0.12;0.12;0.12;0.12;0.12;0.12;0.12;0.12;0.12;1.08500437865875;0.125063273831025;10.2812916149121;24.70557869635;0.76;0.76;0.76;0.76;0.763705506559149;0.761859400057906;0.739047371634808;0.269184134194804;0.195429876628234;0.31946567871988;0.236460289363178;0.12;0.12;0.12;0.12;0.12;0.12;0.718282681868258;0.411131331140476;0.563761824851051;1.06627019772222;1.28;1.28
0.12;0.12;0.114894415240431;0.106386274080075;0.0183113458362581;0.0558011306480126;0.102399654392028;0.0488126065712249;0.04;0.0216498200376385;0.0832810620185833;0.0771801575582545;0.113218130860234;0.12;0.12;0.12;0.12;0.12;0.12;0.12;0.12;0.12;0.597461863349162;1.59137928016391;11.3198890040415;31.6639110316837;10.2268775141468;0.76;0.76;0.76;0.76;0.891025447744671;1.34263291932348;0.791809776819707;0.408299588830675;0.486090616361913;0.218174940967149;0.561205697504812;0.134190910402374;0.12;0.12;0.12;0.12;0.12;0.12;0.12;0.25364808829506;0.411118373108776;0.18870509422333;0.838292157942993
0.12;0.118757876348024;0.0706338735273097;0.0612581858327241;0;0.0606151175182778;0.12;0.117126281327567;0.0657840145629708;0.0184586826354136;0.0761675864720033;0.0456323151241522;0.0650762726417189;0.113419008316582;0.12;0.12;0.12;0.12;0.12;0.12;0.12;0.12;0.584374429391651;1.6;28.7692463179384;16.8725904173386;0.76;0.76;0.76;0.76;0.76;1.10726056391692;1.59318954323634;1.42155945800654;0.68038922757066;0.655057447567582;0.12;0.57776882081074;0.506679061388088;0.12;0.12;0.12;0.12;0.12;0.12;0.179038127250397;0.72716766092136;1.22621897693692;1.18980364965813;0.259316028332262
0.12;0.106104103719749;0.00839735398525939;0.0199130465895153;0.0357576231232116;0.10798584457417;0.12;0.12;0.0828501070952131;0;0.00175291972286068;0.0918612762575256;0.00939146248298404;0.0929086655344348;0.12;0.12;0.12;0.12;0.12;0.12;0.12;0.12;0.370193186873008;1.48099485503823;36.512358611156;0.76;0.76;0.76;0.914431008081375;1.0673813347128;1.18222437206674;1.29414732385129;1.6;1.6;0.990563805982662;0.356192364978785;0.12;0.467607433082308;0.670295068588093;0.12679052828234;0.12;0.12;0.12;0.12;0.12;0.428664244838076;1.28;1.12645851217489;1.01492859876499;0.458443642612832
0.12;0.0575398460967056;0.0165743742577291;0.0798701031027851;0.0535907326728133;0.12;0.12;0.12;0.0363277318980992;0;0;0.110314300629789;0.0728616228776304;0.0703618807444229;0.12;0.12;0.12;0.12274707983391;0.12;0.12;0.12;0.199781631678819;0.969490619077898;1.56608032562755;1.84147512562715;0.76;0.76;0.76;0.944918736182856;0.867973969788772;0.76;0.77110475887945;1.18391560609327;1.59877884726646;0.669322173674565;0.234309165794054;0.12;0.358972181443303;0.720377135199031;0.163792130699695;0.12;0.12;0.12;0.12;0.12;0.82636799135941;0.929162488012109;0.371888532540061;0.811989665600827;0.988045961283194
0.12;0.00947576238624752;0.0689118187257239;0.102198251174891;0.095493752561002;0.12;0.12;0.109175964394142;0.00105051315299848;0;0;0.018629176809825;0.014188641568043;0.040490482187967;0.188670678742137;0.193576920488291;0.198479763915017;0.194728015494158;0.168275255791377;0.173167904232349;0.178057154335827;0.182943006097712;0.897131897476505;2.15236617289111;1.32814868028141;1.17535421359618;1.20955225143414;1.019959302873;0.919949184811907;0.795397780513657;0.76;0.728010355787982;0.257087986628803;0.873277600240069;0.370312017400748;0.12;0.12;0.153101711629184;0.534567331541865;0.162919012332934;0.12;0.12;0.366068305962751;0.381661893738273;0.538920386555926;0.914998239599592;0.12;0.12;0.668494001966274;1.22546280157167
0.12;0.0728562242084664;0.119266822223389;0.12;0.12;0.12;0.12;0.114828144869534;0;0;0;0;0;0.00695178274578843;0.07607555823408;0.2;0.2;0.2;0.2;0.2;0.2;0.2;0.576935014633464;2.5784430393632;2.92548541137299;2.36289223471526;1.52;1.52;1.52;1.3831173022724;0.942274432392722;0.76;0.74470899063693;0.464730687276779;0.41536861838464;0.12;0.12;0.198102451297583;0.671944205034484;0.191691751137971;0.12;0.150727201499017;0.876242927479576;1.04;1.04;0.924785494596046;0.80369486414146;0.379483463937385;0.58935791203105;0.686521659704641
0.12;0.12;0.12;0.12;0.12;0.12;0.12;0.0736857202988943;0;0.00117668346962917;0.00794781990124327;0;0;0;0.0210669445374935;0.0965196602627466;0.2;0.2;0.2;0.2;0.2;0.2;0.2;1.8612842271409;2.96;2.43070014073205;1.52;1.52;1.52;1.52;1.47165860901424;1.24356997365187;0.76;0.76;0.458353193992785;0.131344814151907;0.12;0.264478015339993;0.390022806978862;0.12;0.12;0.12;0.629184939307201;1.04;1.04;1.04;1.04;1.01946342530755;0.906055712398384;0.217984166460567
0.12;0.12;0.12;0.12;0.12;0.12;0.12;0.0353212520627572;0;0.04740446229574;0.090175006602332;0;0;0.0265884456733724;0.109016315756137;0.191338660909141;0.2;0.2;0.2;0.2;0.2;0.2;0.2;1.21741583838369;2.83098778946961;1.6866101999685;1.52;1.52;1.52;1.52;1.52;1.52;1.4558417752676;0.733348518132783;0.478303426239465;0.411396700775425;0.12;0.517113968510999;0.369305071488023;0.12;0.12;0.12;0.421791369396436;1.04;1.04;1.04;1.04;4.23460811686915;12.5592155620658;0
0.426943663605829;0.12;0.12;0.12;0.12;0.12;0.12;0.0740237938631326;3.00947950243342e-05;0.119333986443096;0.0988325500622934;0.004301108204826;0;0.0212369267816264;0.184771612562305;0.2;0.2;0.2;0.2;0.2;0.2;0.2;0.2;0.294796580176797;2.46089017054757;2.27133856562906;1.52;1.52;1.52;1.52;1.52;1.52;1.52;1.40102773716723;0.188320541924649;0.236859739603592;0.12;0.522302830741501;0.591077020365556;0.12;0.12;0.12;0.803653861073009;1.04;1.04;1.04;1.04;16.250383546826;1.76614380886239;0
1.28053950067061;0.423546341438677;0.12;0.12;0.12;0.12;0.0970746369475781;0.00842191866866501;0.0240028381431124;0.0905422832298092;0.118474350770667;0.031741725698779;0;0.0458702735753241;0.199575931387529;0.2;0.2;0.2;0.2;0.2;0.2;0.2;0.2;0.2;1.65503534414995;2.08566430816298;1.52;1.52;1.52;1.52;1.52;1.52;1.52;1.51992456132347;1.11802172818561;0.440247809722006;0.130979327476181;0.341636986209877;0.782923910494129;0.532096538939397;0.12;0.456805664970685;1.04;1.04;1.04;1.04;5.17032927590619;18.3770707701286;0;0
1.7332796562395;0.431141186299633;0.12;0.12;0.12;0.12;0.116648678640501;0.103306750399931;0.152567266847538;0.161527386918943;0.151971818319733;0;0;0;0.116858341385432;0.2;0.2;0.2;0.2;0.2;0.2;0.2;0.2;0.2;0.896058407029144;1.52;1.52;1.52;1.52;1.52;1.52;1.52;1.52;1.30666291378921;0.219749386011298;0.619950232106624;0.126743801155632;0.12;0.40787521692169;0.517008458365487;0.851551345475782;0.705963658870529;1.04;1.04;1.04;1.04;18.4868116756125;11.9452613324854;0;0
1.7262614447726;0.12;0.12;0.123666274629759;0.136214513972495;0.141819313615499;0.186307364231348;0.196846995137627;0.2;0.2;0.192858266523108;0;0;0;0.0904899364870507;0.2;0.2;0.2;0.2;0.2;0.2;0.2;0.2;0.2;1.09358485422959;1.52;1.52;1.52;1.52;1.52;1.52;1.52;1.52;1.51188509649578;0.17530682246564;0.910238818820147;0.157005397873121;0.482302046113001;0.421665535889153;0.131479965639814;0.210058945384575;0.489719263506888;0.943524508988554;1.04;6.38825149611272;20.7302888293245;28.1162297855258;4.56657235072962;0;0
1.70955879722515;0.177295553242376;0.16610778061226;0.178437679395387;0.2;0.2;0.2;0.2;0.2;0.2;0.2;0.0583665219511124;0;0;0.107248313746956;0.2;0.2;0.2;0.2;0.2;0.2;0.2;0.2;0.2;1.3743681066121;1.55138089753519;1.52;1.52;1.52;1.39173221130799;1.33999141500715;1.52;1.37224693849515;0.6017403490292;0.366416365651562;0.96520400911333;0.670350151536145;0.784508112682524;1.04;0.664842766834508;0.482641446699109;0.261741634986277;0.268074099718211;0.700649375303663;36.1377754211965;38.2277017831291;15.9759160633886;0;0;0
2.84214875574786;0.401938040458306;0.2;0.2;0.2;0.2;0.2;0.2;0.2;0.2;0.2;0.0898792930532186;0;0.0119762845494632;0.171652109162245;0.2;0.2;0.2;0.2;0.2;0.2;0.2;0.2;0.2;1.30479313784158;45.6194538228473;23.8824131927598;1.52;1.52;0.783983541832957;0.3875693852498;1.06483547217199;0.510489776750905;0.2;0.126291726755529;0.207127875656599;0.324682285889045;0.290489677386592;0.989739787216144;1.04;24.3676026753848;11.4849898667826;6.77407713693584;0.439977958739295;16.6091653624079;29.2955813300065;0.0965956236985781;0;0;0
1.61351843215842;0.308301109042744;0.300137008723393;0.2;0.2;0.2;0.2;0.2;0.2;0.2;0.194775775565999;0.0126038017758242;0.00278407906058952;0.0769927604085563;0.2;0.2;0.2;0.2;0.2;0.2;0.2;0.2;0.2;0.2;30.5223163832059;65.6029129237813;48.9376929622844;4.59240478136447;1.52;1.52;0.318451708760252;0.188923440062578;0.0194418627098203;0.0073259154506959;0.020283778580038;0.0876152062248576;0.0123496430918645;0.149498905555041;0.486474416709251;0.674366022414863;14.689754638955;38.0779216588551;34.8402140784099;5.7082866708137;1.04;0.62;0.173544861236354;0;0;0
1.88;1.17101687925865;1.74867340801555;0.2;0.2;0.2;0.2;0.2;0.2;0.2;0.131035154990963;0;0.00631049502058886;0.2;0.205672669923883;0.228674683560804;0.167153870908227;0.2;0.2;0.2;0.2;0.2;0.2;0.2;30.0419498141779;92.28;67.6844511033333;39.6123562278128;1.52;1.52;0.387732774405461;0.199187383184148;0.142629100940893;0.692229770749435;1.02966531758776;1.34040819470204;0.704168036732463;0.417049930244703;0.35707283226219;0.30946565568218;0.591931151950024;13.9699261255956;35.9572168345127;7.18732175676752;1.04;0.389122841782821;0.183920735846506;0;0;0
1.88;1.60688886150535;0.280405252080072;0.2;0.2;0.2;0.2;0.2;0.2;0.2;0.056497817497002;0;0.0760740775231534;0.221751910824223;0.251650503773495;0.181132391163148;0.071107613328742;0.19400357849232;0.2;0.2;0.2;0.2;0.2;0.2;21.4747545684647;92.28;32.6783960739332;1.52;1.52;1.39589084910607;0.457012400329998;0.2;0.814322723327047;1.52;1.52;1.52;1.43633306435297;1.0191113627634;0.254759034973104;0.631384400689151;0.967307320666904;10.653210555308;19.9038238160533;6.08060596749591;0.522249012308056;0.20248109152522;0.121184682641628;0;0;0
1.88;1.04009249428196;0.209723512269354;0.2;0.2;0.2;0.2;0.2;0.2;0.198046364024013;0.098952802370904;0;0.179560306804089;0.279787785072165;0.205203057702037;0;0.0508296381914047;0.137876085987113;0.199955581236853;0.2;0.2;0.2;0.2;0.2;16.6234684336294;80.6763077267685;28.0601137717158;1.52;1.44224340379936;0.417636348516239;0.277118664268049;0.173144784731004;0.519573162258603;0.843900070336834;0.749859023079369;1.24022080597684;1.32801795288073;0.401317478402935;0;0.0469641864212885;0.455302695622998;1.04;0.202762276098318;0.2;0.157615739101944;0.0114929122922805;0;0;0;0
1.88;1.34011974089555;0.397128627744336;0.219689406454348;0.740794374228067;0.925582486390336;0.197174626325301;0.185983215742512;0.165218795243168;0.160922185782174;0.133873027649894;0;0.175853122906899;0.28;0.0958812662349818;0.0441756423412216;0.223684955137896;0.0229249115572885;0.188263202039169;0.2;0.2;0.2;0.2;0.2;28.4966179318934;39.4551211929043;1.52;1.52;1.46245240569431;0.2;0.186936198774559;0.0430150065215057;0;0;0;0;0;0;0;0;0.0387255602966021;0.526255576130354;0.118648461049112;0.18613194270447;0.0264828299577951;0;0;0;0;0
1.84255280311929;0.537268189265397;1.06572895763123;1.32069804348578;1.57837320232707;0.2;0.198367700565855;0.174768734085126;0.16;0.16;0.143085944332263;0.00770934955862549;0.166399208858498;0.253614775047211;0.00405037198070994;0.0370995997631922;0.28;0.159850918337985;0.0649598171430894;0.136413822645663;0.175850083592876;0.2;0.2;0.2;0.887373685942916;1.52;1.52;1.47799525042407;1.14064224102099;0.50210530381914;0.0746700296639276;0;0;0;0;0;0;0;0;0;0;0;0;0.00134546791354496;0;0.03;0;0.03;0.12;0.12
22.8878358194615;0.2;1.32334463080149;1.88;1.88;0.230017879826017;0.2;0.193532801886934;0.163360803194659;0.16;0.16;0.0927526544643578;0.185574074928506;0.176275966846012;0;0.0656481515270435;0.28;0.28;0.28;0.103929206265144;0.039315888604604;0.2;0.2;0.2;0.288431320370692;1.52;1.370310698488;0.579824726100985;0.412628188820497;0.109782736730469;0;0;0;0;0;0;0;0;0;0;0;0;0.0227836990710236;0.118151770505706;0.140512035394559;0.12;0.12;0.12;0.126488913491465;0.490293401109875
82.1147546893099;0.339252697777541;1.23345152948909;1.88;1.88;1.02301853058813;0.801236123869125;0.2;0.170306241456931;0.16;0.16;0.0953452359559219;0.08477830564555;0.103062390845148;0;0.14;0.28;0.28;0.28;0.28;0.226133068159586;0.22204346132869;0.2;0.2;0.435123778324346;1.52;1.28051412231352;0.2;0.141522283979297;0.00322180854931664;0.065255927729583;0.744408980966754;1.30499111904207;0.459770420359561;3.80965430689022e-05;0.0656732371060643;0.0329810376269348;0.0393997398731891;0.0874248602212407;0.0409241369974097;0.318799019527808;0.389607377998174;0.360429056990001;0.126794769732039;0.64502667414255;0.12;0.12;0.12;0.12;1.19013468135785
105.941063224124;80.3139668222145;2.97947865985311;1.84642794041332;1.63844147340609;1.83591729610931;1.69975072131092;0.773926353140374;0.188462491445974;0.16;0.16;0.0814682914766812;0.0447111568320543;0.168506695651817;0;0.132569663564768;0.28;0.28;0.28;0.28;0.28;0.243301702519757;0.2;0.2;0.747733341732901;1.2246207747608;0.488865212467647;0.169743113466146;0.0163619381007647;0.00973062836880364;0.792804095076833;1.84;1.84;1.79649615213811;1.80588899785252;0.12;0.12;0.12;0.12;0.12;0.462418951246037;0.598820678581484;0.819540120102406;0.805283259843219;1.118099427769;0.12;0.12;0.12;0.270584762399472;1.19076031885729
64.3385020518556;61.8894226218378;104.256962827435;0.785352283812373;0.2;0.612659855937349;1.59472905495669;1.2417502613451;0.192476804820588;0.16;0.16;0.126831853709346;0.0260011165511217;0.244211879365118;0.0500732468587278;0.180510001985434;0.28;0.28;0.28;0.28;0.28;0.276692303944236;0.20755138757429;0.2;0.257508229814514;0.257927904767588;0.193784307983664;0.0379482529538218;0.0566064581659282;0.338876558490031;1.95863090823698;2.31987128098527;1.84;1.84;1.47560717693603;0.16376588294482;0.12;0.12;0.12;0.12;0.12;0.12;0.422812929316402;0.194609899848339;0.329633368217287;0.12;0.12;0.12;0.766992182797162;1.2
3.77596101544485;0.32;1.21115395474306;0.268869824527856;0.236661369395095;0.215621578280531;0.366103427248464;1.83370125636152;0.805866514656695;0.16;0.16;0.16;0.00962204588567897;0.169617256108765;0.112518926608116;0.0705818978952177;0.270673381423223;0.422186581996071;1.86363042632962;0.84838829175165;0.28;0.28;0.245182070084834;0.2;0.2;0.2;0.00955082356809152;0.109032304934063;0.280225575805957;2.47311386103797;3.64;3.62039567522406;3.23087038516759;2.39195390540485;1.23543553864695;0.12;0.12;0.12;0.12;0.12;0.12;0.12;0.12;0.12;0.12;0.12;0.12;0.298098337543252;0.81911141385342;1.2
0.32;1.14752399143883;1.17142073660857;0.32;0.32;0.310146304571781;1.08058421508739;1.00556922960702;0.295944386782447;0.16;0.16;0.16;0.0916489383820334;0.176275582636558;0.235524424069324;0.020374249473074;0.242701678213989;0.28;0.515012284888558;2.63702155170072;2.1358669020502;0.466383836038011;0.276544262056818;0.211776658374351;0.214215900933184;0.216653443325311;0.180374806832771;0.320529326136802;1.00017819896939;3.75129076931376;4.18886751653349;3.99030663432519;3.64;4.0811184172088;1.53454815329265;0.12;0.12;0.12;0.12;0.12;0.12;0.12;0.12;0.12;0.12;0.12;0.12;0.299769824031461;1.2;1.2
0.32;1.12920760272825;1.56840939547271;0.367828583160128;0.300380500602602;0.671401538107979;1.23446624904803;1.06744982624918;0.179003010946483;0.16;0.16;0.16;0.199034226360762;0.28;0.28;0.182041186358624;0.120500532200509;0.28;0.525192366359849;3.52;3.04955202309017;0.510771060912968;0.245288744876982;0.24;0.24;1.29221419538778;2.57297822934177;2.03362467452641;3.05712740896557;4.0329032005544;4.39089208963645;4.17705721367648;3.78005199353676;3.77336889448367;0.609141994465355;0.124835566227288;0.12;0.12;0.12;0.12;0.218609392979025;0.143295096957933;0.12;0.12;0.12;0.12;0.817968594546396;0.718040085917039;6.45248933559718;30.2532617001296
0.65953640925192;1.60562879982709;1.87266208402105;0.704580348941004;0.270918560847617;1.16520172025511;0.595162977918533;0.597353731066271;0.70645659642866;0.667129879848369;0.16;0.162120032595741;0.262955804606848;0.28;0.28;0.268352997254152;0.251883531840023;0.28;2.57986467571956;3.52;1.88930965110705;0.178840478529841;0.226747259529121;0.24;0.24;2.01271137199999;3.93946341485515;4.06407766379789;4.13917909596157;4.44;4.44;4.44;4.37994352997787;4.0792403473442;0.344033236474207;0.403543315251852;0.12;0.12;0.12;0.165470206000729;0.730843666516387;0.215026451637037;0.12;0.12;0.12;0.30835605279882;1.15170513806384;2.20576321976673;34.6331971714753;81.72
1.77425520711225;1.42472460327206;0.430784873239947;0.181239430949993;0.168023273243755;0.16;0.23121863889017;0.221373446452578;1.18699703401476;1.41339025877693;0.419263163477841;0.266913238866074;0.525894583538486;0.28;0.28;0.28;0.28;1.96591014947992;3.51106764855733;3.40555058897711;0.742255567202122;0.134527276639877;0.182203680619831;0.24;0.24;0.932700452507241;4.0802412581371;4.43426467254457;4.44;4.44;4.44;4.44;4.44;2.79156347919934;0.401413333057948;0.721610503399085;0.15147617353291;0.12;0.270995049037039;0.602518373497027;0.92;0.256680369655602;0.12;0.12;0.12;0.159001169058642;1.0686355533187;58.0134761765171;81.72;81.72
0.679694782656192;1.25096902960819;0.835986702061039;0.16;0.16;0.16;0.16;0.426371090234299;1.2898583444634;1.44;1.08910883559837;2.12166435583979;2.11474527567732;0.28;0.28;0.967423858480147;1.44449569046077;3.06258314435808;3.52;2.56299213817309;0.182875764984137;0.12;0.160376075416105;0.24;0.24;0.288637009261904;1.99501707486657;3.77814413787158;4.39624216297637;4.44;4.44;4.44;4.44;1.98879051432539;0.554151158264838;0.92;0.813242616555284;0.620557548948564;0.913517541323951;0.92;0.92;0.298333421682939;0.12;0.12;0.12;2.67247487156332;46.7318700061133;72.1614706277358;81.72;64.9051315511518
1.33944335654837;1.34412373630863;0.284993185962395;0.385931817507086;0.576040887035034;0.172275649061408;0.678647233714052;1.34464931665725;1.44;1.44;1.50389725336242;4.04;3.6782476034206;0.812181358711493;0.28;2.32869458955868;3.30212079516286;1.87763881931341;2.5654059000766;1.2852656871626;0.0877708439875892;0.12;0.129810588475955;0.224767263632852;0.24;0.24;0.56449513474539;3.24485384811872;4.30575407827706;4.44;4.44;4.44;4.44;1.28488482865942;0.889735540864696;0.92;0.92;0.92;0.92;0.92;0.92;0.468812813023804;0.248371419703158;0.315880492260368;0.12;14.4988581385076;62.4585175039145;13.2012587648037;50.7985145780424;67.3140487699466
12.2932760605567;1.43621675580358;1.12227854523614;1.44;1.44;0.294630608676374;0.366202849527162;1.13511282086417;1.44;1.44;2.64618149947982;4.04;4.04;2.12257694775889;0.28;3.33840579732931;2.69394447008937;0.958831977290852;0.306494502304356;0.834143891645229;0.0300702725840488;0.12;0.12;0.200092572626798;0.24;0.24;0.537189485242088;3.12278896500172;3.90572735265216;4.43100360623498;4.44;4.44;3.63055281806933;0.996940117103236;0.92;0.92;0.92;0.92;0.92;0.92;0.92;0.802317242787792;0.785906150231035;0.405412773408647;0.337379183319628;0.503085587342404;13.4130954661847;7.52848467236383;49.9467527757558;80.808158920919
143.173383458062;9.58042079564818;1.44;1.44;1.1700505356093;0.227070555330007;0.16;0.259168294116005;1.09670637302575;1.44;3.63645373619789;4.04;3.99721959776489;2.16044933227311;0.807601600306448;2.54037718906049;3.48943911933602;1.42012855910451;0.247965954514364;0.0247821344620295;0;0.12;0.12;0.153986546628736;0.24;0.24;0.24;1.68034655989036;3.64;4.3285492470311;4.44;4.44;3.15059249685584;0.92;0.92;0.92;0.92;0.92;0.92;0.92;0.92;0.92;0.830023655030817;0.189143825264034;0.868198898338713;0.704327197114751;3.65380268707678;37.2452466484153;81.72;81.72
64.9155609895131;109.530606725561;1.1548446874857;1.41642352782297;1.07824330926704;0.991040369327366;0.784282507369363;0.492072478999774;0.35900534760654;1.44;3.55366992295091;4.04;3.61922840660788;1.74378914915776;3.26358309033593;3.52;3.52;1.74472882987619;0.247312222464562;0.0531789117940117;0.0121021717402109;0.0735469014179262;0.12;0.12673601424309;0.218850904230588;0.24;0.24;0.510985429841896;2.9817185615381;3.88768823936253;4.26106007826491;4.38849425971574;1.85630091086344;0.92;6.37111978943477;0.92;0.92;0.92;3.04147706090182;0.92;0.92;0.92;0.904878506042143;0.575554714199442;0.879746111437481;5.63859840492929;40.9348122509565;74.2848960289383;73.9974531505192;49.8518035274636
0.360080103184365;11.4321411632443;0.132304229761813;0.213630748464481;1.16399192604833;1.44;1.44;1.43707421315228;1.24416674572745;1.44;2.31137692669984;3.22365601074208;1.15451988268877;1.45685694434843;1.63308532502259;3.05535334499907;1.03486293178947;0.492110177812508;0.28;0.145791314214054;0.0751991682559682;0.00684147383500965;0.12;0.12;0.164216608791314;0.24;0.24;0.24;0.557067708323917;2.066965697992;3.55852146134461;2.73305911383738;7.81605241911355;16.0794186107339;25.9604112441308;4.16140110495516;1.98045256284028;5.85821072062596;24.8132823723075;10.2133122734818;1.70321630308488;0.92;0.92;0.92;0.92;42.5437262468481;48.8760864201796;14.6467345506849;14.6967928800683;6.7853840269069
0.48;0.363497407821248;0.127703554262723;0.077883387874129;0.897586844262481;1.44;1.44;1.44;1.44;1.44;1.81990425560004;2.27452402359346;0.710075586600177;0.28;0.28;0.63846356556333;0.28;0.28;1.91719529512925;0.917588708215215;0.0622453627329366;0.0392414102804031;0.0800869570035999;0.12;0.125258030880156;0.21759368154549;0.24;0.24;0.24;0.24;2.5507149282113;1.56105588478487;12.1903886848;30.36;30.36;29.7517826621415;30.36;30.098256863183;26.824781998334;30.36;5.05436942541748;0.92;0.92;0.92;0.92;1.04260610283511;1.2;1.2;1.2;1.2
1.40381075318714;1.20363723186285;2.55561603787118;0.145187767711134;0.490389331942863;1.44;1.44;1.30991278184718;1.41304366551316;1.44;1.44;3.40367659942299;4.04;2.63130276050975;0.97485406003613;0.570232223847156;2.67052873283169;2.71417510044927;4.04;3.45983668212496;0.24749646578768;0.0715784870819207;0.100043635541506;0.12;0.12;0.161492229067508;0.24;0.24;0.24;0.275367031737753;1.3969201522621;1.54709093238896;1.58136581406626;8.52938913764538;30.36;30.36;30.36;20.7923143364687;2.52992646873733;9.4796927094236;2.21741419655652;0.92;0.92;0.92;0.92;1.02807593448665;1.2;1.2;1.2;1.37075511989358
7.13789843953323;7.12762722449789;6.54482231692559;0.813090491573403;0.0989208012410097;1.09990335319457;1.44;1.00821384830326;1.12741644461051;0.367592322990863;1.21890540860326;2.69977432680491;4.04;4.04;4.04;3.44444175720699;3.83759623235134;4.04;4.04;3.6679705456556;0.323258700478012;0.144234657233134;0.103434766692761;0.12;0.12;0.123787455064313;0.216350703341581;0.24;0.236991311464179;0.41843209617534;1.69938187144448;1.84;1.84;1.27808083643055;15.1500750782817;30.36;29.7695078340411;8.3106495047045;0.92;0.92;0.92;0.92;0.92;0.92;0.92;1.083753438904;1.2;1.2;1.46636585733879;2.46867644071702
7.84;7.84;2.94841537082656;0.329152160496351;0.0346733709880038;0.409135234567573;0.564276408495009;0.864355363533447;0.354933978490302;0.168401967981529;0.320611186737282;3.13555147756403;4.04;4.04;4.04;4.04;4.04;4.04;4.04;4.03967791100491;1.8746252117433;0.208151718630688;0.097104241464939;0.12;0.12;0.12;0.20760410331348;0.24;0.15330516671588;0.12;0.706697850193543;1.53106977971922;1.19074250921928;0.923352788592775;1.2782569278265;2.18872743463069;1.70683686363039;2.05257596069695;2.17097238861383;1.7035591942024;1.42230463567157;1.31416063547162;0.92;0.92;0.925599960218416;1.21679887302766;1.37152812403247;2.05148038983313;2.27817500614652;2.67904215872709
