15.800595180497;25.5347144589397;20.5797494216418;11.6983362758985;0.64;0.64;0.860192754994802;1.38952061820407;1.01220996945105;1.10634992364672;0.544736357634422;0.08;0.08;0.08;0.08;0.08;0.08;0.08;0.08;0.575824073707341;0.103549851273345;0.0767933417735993;0.336956566097449;0.4;0.4;0.4;0.4;0.415758535735464;0.561330506118775;0.64;0.64;0.64;0.5287411319001;0.440679747408024;0.476640242686103;0.412536582072172;0.494062201174776;0.638225299892159;0.64;0.64;0.64;0.64;0.64;0.64;0.64;0.638736002862826;0.627489245554328;0.61562161218811;0.522391245635583;0.52
12.7622002560562;28.84;15.8372681405711;0.64;0.64;0.64;0.843489252974973;0.90497914670932;0.838312933183642;0.227588230684916;0.518699338037445;0.603239349445217;0.125945120239286;0.08;0.08;0.08;0.08;0.08;0.130243058383941;0.305844239881011;0.267148904381408;0.286493812067873;0.26362951223352;0.4;0.4;0.4;0.512454715448806;0.616775673694178;0.64;0.64;0.64;0.64;0.64;0.608159106641128;0.637996439663045;0.64;0.64;0.64;0.64;0.64;0.64;0.64;0.64;0.64;0.581652928012946;0.523343521489669;0.525874884772175;0.56912754932556;0.52;0.52
9.00890675784957;19.9815616765674;4.33476161651509;0.64;0.64;0.64;0.64;0.547981796102609;0.175543217200211;0.0885931142012519;0.084114405563874;0.762477370492984;0.634537474385;0.08;0.08;0.08;0.08;0.0779463086089016;0.0451549891187462;0.04;0.230337478384807;0.0524002891037689;0.101766082664253;0.355388064920463;0.4;0.44924388269497;0.628810086824514;0.64;0.64;0.64;0.64;0.64;0.64;0.64;0.64;0.64;0.64;0.64;0.64;0.64;0.64;0.64;0.64;0.613956846293548;0.526028274839499;0.52;0.52;0.52;0.52;0.52
2.79365589499364;12.1877354073177;0.64;0.64;0.64;0.64;0.64;0.64;0.64;0.168132133033033;0.08;0.08;0.08;0.08;0.08;0.08;0.08;0.0535171949719493;0.04;0.04;0.04;0.04;0.04;0.211541466549831;0.332131644045798;0.600791352599586;0.64;0.64;0.64;0.64;0.64;0.64;0.64;0.64;0.64;0.64;0.64;0.64;0.64;0.64;0.64;0.64;0.636620798486913;0.539783976423526;0.52;0.52;0.52;0.52;0.52;0.52
8.35343230226285;17.8991844398951;0.64;0.64;0.640741121331625;0.589462834777279;0.531505972788285;0.50138527550287;0.464195191097822;0.199189316611111;0.08;0.08;0.08;0.08;0.08;0.08;0.0702430097700069;0.0405458360964422;0.04;0.04;0.04;0.04;0.04;0.0643848362709911;0.0476620882432901;0.441098484164577;0.64;0.64;0.64;0.64;0.64;0.64;0.64;0.64;0.64;0.64;0.64;0.64;0.64;0.64;0.64;0.64;0.569552994735321;0.52;0.52;0.52;0.52;0.52;0.52;0.52
0.799215649647114;0.643548035528328;0.751164237196337;1.0191469667121;0.680692166434791;0.204611407678364;0.131355353370171;0.08;0.08;0.08;0.08;0.08;0.08;0.08;0.08;0.0795769022351368;0.0549110469733448;0.04;0.04;0.04;0.04;0.04;0.04;0.04;0.230829698147971;0.0971875395558615;0.546754838266625;0.64;0.64;0.64;0.64;0.64;0.64;0.64;0.64;0.64;0.64;0.64;0.64;0.64;0.64;0.602814648563178;0.520906973190519;0.52;0.52;0.52;0.52;0.52;0.52;0.52
1.41924997161367;1.05994261580191;1.28290784586408;1.13151427062035;0.0863488443869982;0.08;0.08;0.08;0.08;0.08;0.08;0.08;0.156148641223685;0.214886487917096;0.08;0.079924745934736;0.0404111291724257;0.04;0.04;0.04;0.04;0.274021331172965;0.146829901548359;0.0528175547886067;0.472340924829799;0.141871604768788;0.223298548637322;0.612256980092918;0.64;0.64;0.64;0.64;0.64;0.64;0.64;0.64;0.64;0.64;0.64;0.64;0.627968885112157;0.531527200480483;0.52;0.52;0.52;0.52;0.52;0.52;0.52;0.52
1.35817776239239;0.24607711111577;1.00483507863482;0.89894618653087;0.08;0.08;0.08;0.08;0.08;0.08;0.08;0.08;0.269443321537226;1.64352083600504;0.529928896789493;0.0716326753048932;0.0409682053311565;0.04;0.04;0.04;0.04;0.109545731987431;0.319500034418268;0.194116103617009;0.635423103315573;0.64;0.378453519299141;0.61385210130446;0.64;0.64;0.64;0.64;0.64;0.64;0.64;0.64;0.64;0.64;0.64;0.637792905991603;0.55882314704317;0.52;0.52;0.52;0.52;0.52;0.52;0.52;0.52;0.52
1.39552597957671;0.478890822020335;0.386198960145775;0.229269764566541;0.08;0.08;0.08;0.08;0.08;0.08;0.08;0.0809397725674324;0.115287813496901;1.60812287059237;1.59363785875849;0.188376712359384;0.04;0.04;0.04;0.04;0.04;0.04;0.489377156078323;0.278364335890604;0.104948652288876;0.600365862577564;0.40530683043044;0.64;0.64;0.64;0.64;0.64;0.64;0.64;0.64;0.64;0.64;0.64;0.64;0.594746225403318;0.52;0.52;0.52;0.52;0.52;0.52;0.52;0.52;0.52;0.52
1.44;1.38331593729338;0.917493594100973;0.08;0.08;0.08;0.08;0.08;0.08;0.08;0.0937075707727245;0.119387985692127;0.12;1.07490423629963;1.838655122867;0.876040452524741;0.04;0.04;0.04;0.121307819761123;0.219707740715239;0.471583792096277;0.54887731763896;0.0913358871457627;0.04;0.0424153262074291;0.177212826279161;0.455361132208025;0.526632931024613;0.64;0.64;0.64;0.64;0.64;0.64;0.64;0.64;0.64;0.620874709121109;0.52130536139786;0.52;0.52;0.52;0.52;0.52;0.52;0.52;0.52;0.52;0.52
1.3550640274494;0.95576276835762;0.345606741459482;0.265805536273588;0.198040807762271;0.08;0.08;0.08;0.08;0.0845035133186239;0.116687690802461;0.12;0.12;0.403209189698177;1.26852241881926;1.58183957998378;0.11763100844839;0.04;0.04;0.196779135830845;0.163470029649092;0.0769748667492531;0.04;0.04;0.04;0.041811937736161;0.0522605565836653;0.063773345188424;0.0867998813826775;0.407892788737801;0.73138388175154;0.64;0.64;0.64;0.64;0.64;0.64;0.64;0.585243956296107;0.52;0.52;0.52;0.52;0.52;0.52;0.52;0.52;0.52;0.52;0.52
0.754478645585337;0.803575529943743;0.402819376683629;0.455989042923683;0.225945135288684;0.08;0.08;0.08;0.080809544371639;0.108149062514039;0.12;0.12;0.12;0.12;1.28370422934808;1.83740879098555;1.22053245484165;0.0968918397272193;0.0406169852163866;0.108348376825236;0.04;0.04;0.04;0.0553969347598217;0.0683787600834854;0.103067723159783;0.289785714080025;0.590026447126362;0.508133889281855;1.36908694812468;1.62062721022457;1.36055839216372;0.7433597294365;0.665736638622047;0.695869467012072;0.701084872875958;0.646279939996234;0.619702982732841;0.526944764386698;0.52;0.52;0.52;0.52;0.52;0.52;0.52;0.52;0.52;0.52;0.52
0.64;0.64;0.64;0.615967827998942;0.186166649706894;0.0758087816793597;0.0708198343048041;0.0807192741823752;0.104697150332276;0.12;0.12;0.12;0.12;0.12;0.195414542522146;1.27774189957269;1.86947816401841;0.710774818939521;0.198778434443872;0.58448924116119;0.04;0.0612275754421272;0.0849056997870095;0.115556568148922;0.12;0.12;0.488966302401944;1.30730181608028;1.16754522233669;1.76;1.76;1.71100422920872;0.8883378812504;0.867452414016468;6.09701429095494;14.0782776566869;1.05365276124117;0.798190906256279;0.52783927557515;0.52;0.52;0.52;0.52;0.52;0.52;0.52;0.52;0.52;0.52;0.52
0.516730590877593;0.64;0.586486614035815;0.432120754755546;0.0944039952321758;0.05694346161047;0.00715916808804903;0.0376017248469936;0.113707272672403;0.112585978067963;0.12;0.12;0.12;0.12;0.143817420484445;1.84115407975511;1.87162723920932;1.67353124160608;0.539825499881589;0.560388954759652;0.140749710447569;0.115303474674197;0.12;0.12;0.12;0.12;0.12;0.12;0.629889908742172;1.76;1.76;1.49456360339876;0.883349911686645;0.88;7.38102877385839;13.5772745271867;10.1378833632648;0.88;0.706729452585369;0.52;0.52;0.52;0.52;0.52;0.52;0.52;0.52;0.52;0.52;0.52
0.22832269307049;0.64;0.243133389329671;0.08;0.08;0.0788595682509788;0;0;0.00162289516624805;0.0182498834325123;0.0842437272734657;0.12;0.12;0.12;0.12;0.909827985680483;1.84539282417136;1.84627245073427;1.70939627319975;1.44280173777527;0.434731217365665;0.12;0.122987069542242;0.280660626238957;0.12;0.12;0.12;0.12;1.28242037875989;1.75988418775497;1.76;1.73158660898068;1.08164963932098;0.88;11.1868621005092;28.9519487769916;24.0240572277705;11.303709072625;0.642840218777108;0.52;0.52;0.52;0.52;0.52;0.52;0.52;0.52;0.52;0.52;0.52
1.12913212549142;0.364906080608442;0.127289441549536;0.65671591701756;1.0130333484435;0.142782420317399;0.0862024588222615;0.10357412111694;0.0859090263262857;0.10700753359418;0.0673922716913334;0.11614294418525;0.12;0.12;0.12;1.1569874718483;1.16719534718956;1.84;1.86902747789157;1.84163909215546;0.730574764208262;0.12;1.19983814791423;1.20654506621177;0.132481514879533;0.12;0.12;0.12;0.451531895808655;1.20613947641851;1.76;1.6404235572096;1.20376995023359;0.88;12.3574184365945;31.6225495272043;31.0192253043464;22.7425127277306;0.546689309615479;0.52;0.52;0.52;0.52;0.52;0.52;0.52;0.52;0.52;0.52;0.52
1.16835668289462;0.673642662105415;0.354249246169159;1.34648609759658;1.44;0.298209562592302;0.12;0.449664957551658;0.570388565561841;1.33111137645107;1.27338890130087;0.246887127661186;0.12;0.12;0.12;0.140090390683915;1.16441895890165;1.85687083063611;1.87972474663701;1.87771000893655;1.35406068224062;0.608901360985721;1.53818691357003;0.673039506142675;0.190287997622776;0.12;0.127649167195209;0.756375104468508;0.829959372428184;0.623192714395281;1.5280959630882;0.953780058961469;0.911722955078285;4.77120548858581;29.2846265846102;32.04;13.955530518969;10.4677017051295;0.52;0.52;0.52;0.52;0.52;0.550975081872496;0.52122508104462;0.52;0.52;0.52;0.52;0.52
0.202084021448238;1.01891564761798;1.2954550784319;1.41596560272533;1.44;0.467021195967961;0.12;1.26068276562061;1.83890068414341;1.84;1.37856564964165;0.17083873677855;0.12;0.12;0.12;0.660690888708518;1.8466002805756;1.87721326631397;1.88;1.87743424498611;1.84220084440251;1.32667076501258;1.76;1.21170177878032;0.420120434059187;0.12;0.898743156115504;0.779870894747888;0.12;0.593122665884945;1.23321897925029;0.88;0.88;23.1456405429277;27.9888206584807;23.5569771054303;1.85118478434439;0.994482161843771;0.52;0.52;0.51900910557346;0.617580525003117;0.606758101021731;0.770508983524477;0.909425250795646;0.52;0.52;0.52;0.52;0.52
0.0764878581578458;0.0924932896327218;0.447958563799926;0.690831857871082;0.594860000328904;0.343519008886386;0.12;0.197414759700552;0.523123256951411;0.772575782341464;0.335512326809808;0.12;0.12;0.12;0.33276259915707;1.35920516700852;1.85216149674684;1.88;1.88;1.85245006421926;1.84;1.79238659386416;1.37223504357783;1.17188865209278;0.12;0.819388276843982;1.1936508897021;0.12;0.439001279381104;0.869522047276494;0.88;0.88;0.88;5.68584827738228;6.45346693619304;3.00245342535596;1.06986661827592;0.961411978401812;0.772241782310382;0.482322850296972;0.52049631612477;0.7623125034442;0.64;0.943252205472693;1.36228077384234;0.694839081889462;0.52;0.52;0.52;0.52
0.0442277356250198;0.0410333125101898;0.04;0.0509007238553003;0.0554092559495837;0.0422266947760521;0.12;0.12;0.12;0.12;0.12;0.12;0.12;0.12;0.180144062948248;0.756088000505899;1.66135055500921;1.87859372145502;1.88;1.87732199716371;1.86795415925579;1.84828954067482;1.51057783299495;0.423325836071591;0.593853628494953;1.68355784159971;0.697515734815737;0.23513065192456;0.728162149913999;1.25521790522794;1.43654584131906;0.88;0.88;0.88;1.00130380653283;0.920791911533171;0.880795931812228;0.860604051113327;0.596429095373866;0.48;0.500671561176631;0.60613698853722;0.64;0.665868268317642;0.921607426159084;0.695962177882784;0.572578732299718;0.520937068667488;0.52;0.542911241515066
0.04;0.04;0.04;0.04;0.04;0.04;0.114623121490795;0.12;0.12;0.12;0.12;0.12;0.12;0.12;0.12;0.141381550057562;0.305077948593073;1.61847004339097;1.88;1.81217941769645;1.88;1.99252685479728;2.14567108497169;1.32438187647337;1.33440831975546;1.70545474794582;0.500546956822808;0.785124462830967;1.04582913035881;1.7505385688245;1.71500792723007;1.16379407187221;1.24133258584552;1.37242881014943;1.41226790855815;1.09945714928422;0.877275239097305;0.589883590900243;0.48;0.48;0.48;0.491689140322741;0.612061084513807;0.64;0.64;0.64;0.682541564489796;0.74895069680278;0.85220780443704;0.730641990802176
0.04;0.04;0.04;0.04;0.04;0.04;0.0991535407890287;0.12;0.12;0.12;0.12;0.12;0.12;0.12;0.12;0.12;0.12;0.617791593049272;1.20447789851297;0.239595572173519;1.21229689185012;4.18820100623158;2.51651917413118;0.801566985217279;0.22355940320133;0.625960513614346;0.47926366741708;0.88;0.894633325097575;1.19203103964065;1.06069706660007;1.51707452116612;1.76;1.7536329724289;1.76;1.32233910129422;0.831125314347216;0.48;0.48;0.48;0.48;0.48;0.496088627556215;0.544467895742871;0.604796006474735;0.734846729810855;1.17553533705441;1.44;1.44;0.860958561468869
0.04;0.04;0.04;0.04;0.04;0.04;0.0573452726249583;0.12;0.12;0.12;0.12;0.12;0.12;0.12;0.12;0.12;0.12;0.12;0.12;0.12;1.66324666990206;4.46072695827512;2.17529351990195;0.677888583299692;0.627305989831885;0.272763619244788;0.606913848622836;0.805516481647049;0.467905478057943;0.53678769770956;0.802510113437148;0.865620427196173;0.972596566445194;1.3787117866137;1.20876153245786;1.12247978220696;0.51458914717751;0.48;0.48;0.48;0.48;0.48;0.48;0.48;0.48;0.567392967631528;0.777772914355957;1.3890211187905;1.35217515872978;0.860893070501096
0.04;0.04;0.04;0.04;0.04;0.04;0.0471199442716315;0.12;0.12;0.12;0.12;0.12;0.12;0.12;0.12;0.104780249546594;0.0551419110831835;0.114866458422389;0.12;0.443388755371699;4.18559964611325;3.82856521191159;0.9265372037408;1.20953809387513;0.888684719993718;0.844586437229252;0.585585542210945;0.26770392166666;0.12;0.44406132526813;0.269893972406397;0.260646807205979;0.88;0.859344845004375;0.580337162802776;0.912804820922014;0.483238288886807;0.48;0.48;0.48;0.48;0.48;0.48;0.48;0.48;0.48;0.48;0.800859502863097;0.840706779270153;0.64
0.04;0.04;0.04;0.04;0.04;0.04;0.04;0.0913653996781803;0.12;0.12;0.12;0.12;0.12;0.12;0.12;0.0987828246407211;0.0307626691459212;0.12;0.12;4.43689488852587;4.15967086296662;0.799265518776698;0.503373361338302;1.76;1.17185494589866;1.19786960401945;0.680343363816786;0.229096816119266;0.303693698725261;1.5306350982996;1.76;0.640653377299413;0.413496520086462;0.281224981471102;0.117125566452294;0.33865853031958;0.48;0.48;0.48;0.48;0.48;0.48;0.48;0.48;0.48;0.48;0.48;0.516069054188579;0.64;0.64
0.210458981025778;0.645467601413771;0.0603054650649428;0.04;0.04;0.04;0.029940259856196;0.0424555738979175;0.0926924630149609;0.12;0.12;0.12;0.12;0.12;0.12;0.0883517099857188;0.047227793191826;0.12;0.12;2.10378010016886;1.07342143389694;0.12;0.668566493544564;1.65752735014078;1.58135452274087;1.64330601609496;1.01958671395285;0.175402094860823;0.344505103299561;1.40469762006413;1.76;1.0077522572676;0.991758174415962;0.187730990919959;0.0670982979765256;0.125703908481013;0.228619915323125;0.446553475257521;0.464632089339518;0.48;0.467338446771563;0.224117153939783;0.48;0.48;0.48;0.48;0.48;0.495861331409588;0.64;0.64
0.76;0.67908752941468;0.0860099259254974;0.04;0.04;0.04;0.0293055125365539;0.021195681558303;0.00713646679797165;0.0777122351613451;0.119203845277327;0.12;0.12;0.12;0.12;0.04846232230086;0.0253275036234647;0.12;0.12;0.12;0.12;0.12;0.120929238096004;0.12;0.333681486828465;0.283046788897105;0.414961583297057;0.206093750433646;1.05353087073484;1.06677010658413;1.67542553586531;1.43768709914587;0.292064327662008;0.115923997130703;0.0422950776705729;0.04;0.042060730061211;0.081218115918152;0.444126758630493;0.48;0.201648517331085;0.0456456169492565;0.36155512509504;0.48;0.48;0.48;0.48;0.48035289842356;0.638494345393032;0.905495553972349
0.76;0.630500641775411;0.04;0.04;0.04;0.04;0.287903905572014;0.484188256543444;0.00588830523824527;0.323016098378453;0.291656143340659;0.12;0.12;0.12;0.113886631454608;0.0177778027966669;0;0.109664033217542;0.12;0.12;0.12;0.12;0.12;0.12;0.12;0.12;0.12;0.11731249952148;0.0524066062717907;0.0418897008476303;0.0896273553438753;0.555905898749115;0.12;0.0835468514041773;0.04;0.04;0.04;0.0805669927338285;0.48;0.400851500173261;0.0443883521220974;0.04;0.24795401338664;0.48;0.48;0.48;0.48;0.48;0.621835782639869;0.761390456547601
0.433496459641206;0.137765513800726;0.04;0.04;0.04;0.04;0.695300683171116;0.457483622454489;0;1.18692452573292;1.18147136003741;0.220735821720197;0.12;0.276856093369686;0.71265198611864;0.258924592495257;0.00341328090839088;0.0981755310407623;0.12;0.12;0.12;0.117475250848151;0.0708418143208566;0.0773316779183224;0.0809435790412093;0.0944896713081747;0.102923910759948;0.084374050858796;0.04;0.04;0.04;0.04;0.0723392856978456;0.0419723787900468;0.04;0.04;0.179472914020365;0.364517545422082;0.222622130534763;0.105529152706837;0.04;0.0541955208115754;0.40851383613725;0.48;0.48;0.48;0.48;0.48;0.337534113814755;0.306337922252529
0.04;0.04;0.04;0.04;0.04;0.04;0.608232898950559;0.213935655575217;0.332058804430694;1.81238700654182;1.84;0.912325556592041;0.691351537564271;1.77772051600977;1.67466063237049;1.73055032397717;0.496347726883401;0.12;0.12;0.107477442198309;0.0896555889798593;0.0804439567479651;0.04;0.04;0.04;0.04;0.040229197063163;0.04;0.04;0.04;0.04;0.04;0.04;0.04;0.04;0.0710524817004478;0.324568712632941;0.464653980616014;0.26921840528472;0.04;0.04;0.0955204753100471;0.402284059516349;0.48;0.48;0.284061698211852;0.233187047007854;0.288023917598971;0.307889430682336;0.898373021096802
0.346696706929848;0.126689417218293;0.04;0.04;0.147859814692847;0.548844784316053;0.726332477995059;0.558998081750105;0.726676107270067;1.7286178687539;1.85312191452558;1.83586237309056;1.81548127867046;1.88;1.88;1.88;1.03530260827933;0.108486243110873;0.0904264712215307;0.0444181115078666;0.04;0.04;0.04;0.04;0.04;0.04;0.04;0.04;0.04;0.04;0.04;0.04;0.04;0.04;0.04;0.04;0.0685269655395327;0.11753292142596;0.04;0.04;0.04;0.223684650330355;0.479669761896678;0.48;0.48;0.253096702433707;0.0515195782483906;0.345570668893091;0.810663763967922;0.363927142844202
0.401633114374422;0.33783435894992;0.04;0.0869561209955589;0.411334109601179;0.76;0.397309270607564;0.670550539897374;0.76;1.58721376097184;1.86653398734233;1.88;1.88;1.88;1.88;1.88;1.04903674444506;0.0420327772714089;0.04;0.04;0.04;0.04;0.04;0.04;0.04;0.04;0.04;0.04;0.04;0.04;0.04;0.04;0.04;0.04;0.04;0.04;0.04;0.04;0.04;0.04;0.04;0.134671889454192;0.471152298613082;0.48;0.48;0.347103225336644;0.139092206427123;0.107799753926933;0.770927713416509;0.255598056835166
0.474089486250564;0.144709435509787;0.420143153620544;0.699789331966296;0.712436034826287;0.76;0.439522724680654;0.446677255117708;0.662750571931997;1.0773220598847;0.843259590839187;1.60668196588117;1.88;1.88;1.88;1.84295044056059;0.957593924798724;0.04;0.04;0.04;0.04;0.04;0.04;0.04;0.04;0.04;0.04;0.04;0.04;0.04;0.04;0.04;0.04;0.04;0.04;0.04;0.04;0.04;0.04;0.212176473234262;0.230405199254677;0.191978500722211;0.428204159122502;0.48;0.48;0.48;0.467800469364742;0.456559558109706;0.734344023830492;1.27376981338143
0.76;0.708200913404194;0.75895920757248;0.697794307984598;0.593420286927372;0.489076374216191;0.115860163264184;0.04;0.0931647262440063;0.0807798187165086;0.915097913753893;1.66970362680808;1.88;1.88;1.88;1.52336496422095;1.00588414607173;0.235595932694629;0.04;0.04;0.04;0.04;0.04;0.04;0.04;0.04;0.04;0.04;0.04;0.04;0.04;0.04;0.04;0.04;0.04;0.04;0.04;0.04;0.04;0.17960813457128;0.47265520523761;0.457192624917799;0.450809837052257;0.48;0.381771965160694;0.48;0.48;0.48;0.48;0.793256735544883
0.76;0.76;0.505938821208529;0.0613297346307449;0.04;0.151119590126853;0.04;0.04;0.04;0.473264383285212;1.07615400084682;1.23286686139455;1.88;1.88;1.88;1.26676020150736;0.137379911937665;0.04;0.04;0.04;0.04;0.04;0.04;0.04;0.04;0.04;0.04;0.04;0.04;0.04;0.04;0.04;0.04;0.04;0.04;0.04;0.04;0.04;0.04;0.04;0.0709724203341541;0.157102187015352;0.15434823965441;0.212481617372338;0.313250008226395;0.48;0.48;0.48;0.48;0.48
0.76;0.76;0.752598883773411;0.661512228282968;0.555051852451917;0.416205377914888;0.20139602540369;0.04;0.04;0.0482450258765501;0.908463239378948;1.08;1.55225356151393;1.88;1.7146686365138;1.03736558051685;0.140074473799364;0.04;0.04;0.04;0.04;0.04;0.04;0.04;0.04;0.04;0.04;0.04;0.04;0.04;0.04;0.04;0.04;0.04;0.04;0.04;0.04;0.04;0.0684119076285639;0.309862339590256;0.269139879293478;0.244920622190654;0.424300244672326;0.410743880769502;0.48;0.48;0.48;0.48;0.48;0.48
0.76;0.76;0.76;0.76;0.76;0.72879317996502;0.292761821359051;0.0781990985830569;0.370652160254961;0.616877663390327;0.954603635436915;1.08;1.11544597704421;1.83830565444158;1.45634580250829;0.926880575536285;0.04;0.04;0.04;0.04;0.04;0.04;0.04;0.04;0.04;0.04;0.04;0.04;0.04;0.04;0.04;0.04;0.04;0.04;0.04;0.04;0.04;0.04;0.0431617616072187;0.3187562877372;0.457853731507631;0.340970577402138;0.325466817095517;0.48;0.48;0.48;0.48;0.48;0.48;0.48
0.76;0.76;0.76;0.76;0.76;0.76;0.76;0.660654943904768;0.500249090724192;0.854339199650716;1.08;1.08;1.08;1.55919234646673;1.30378753191046;0.635476570388355;0.04;0.04;0.04;0.04;0.04;0.04;0.106283341510703;0.105750129998059;0.04;0.04;0.04;0.04;0.04;0.04;0.04;0.04;0.04;0.04;0.04;0.04;0.0655681880994618;0.237797824100126;0.107108813258169;0.0863309289661204;0.469133015256375;0.48;0.48;0.48;0.48;0.48;0.48;0.48;0.48;0.48
0.744352381819487;0.73186180267002;0.76;0.685268478933978;0.792529698512189;0.76;0.76;0.76;0.76;0.813342820618161;1.0775257737536;1.00705841890436;0.893414737777864;1.26578487238195;1.0992147858195;0.459329823052866;0.230300664501094;0.0401775836188854;0.04;0.04;0.04;0.0635124920977061;0.28005224855074;0.139619224832487;0.04;0.04;0.04;0.04;0.0691051968328019;0.0929352302553096;0.04;0.04;0.04;0.04;0.04;0.04;0.0476691596823526;0.131170704809806;0.435788518975907;0.158251536027743;0.244452337893798;0.48;0.48;0.48;0.48;0.48;0.48;0.48;0.48;0.48
0.6;0.606374770837394;0.676009307176505;0.97827275091836;1.21973710757289;0.870911133686631;0.76;0.76;0.775619648712186;1.01466945140743;1.06456005661356;0.591173789684211;0.458087165845931;0.883222418810403;0.900039898298317;0.44;0.431759658878139;0.104602046041839;0.073767810129605;0.04;0.04;0.138234057030175;0.44;0.432206000900902;0.0841742619286096;0.165159894275083;0.0575293041904571;0.108078670573299;0.197715507114023;0.236485442115435;0.04;0.04;0.04;0.04;0.04;0.04;0.04;0.29320594348789;0.653340785312356;0.219157188720687;0.19086153342931;0.434378394300235;0.48;0.48;0.48;0.48;0.48;0.48;0.48;0.48
0.6;0.6;0.608475564372024;1.05046973367384;1.32;1.13159163527507;0.76;0.775048503008941;1.00500878472964;1.08;0.772380953968943;0.44;0.44;0.44;0.44;0.44;0.44;0.44;0.166413444676652;0.04;0.04;0.204937127648092;0.44;0.44;0.489179457457032;0.264359106536489;0.272312940229406;0.438147533716282;0.44;0.20254294759845;0.04;0.04;0.04;0.04;0.04;0.04;0.133552315856557;0.717871923515854;1.07427844092319;0.549190861209734;0.442224152603166;0.475144809633844;0.48;0.48;0.48;0.48;0.48;0.48;0.48;0.48
0.6;0.6;0.6;0.635304802907683;1.28496985714801;1.15460676886469;0.69384770698388;1.02299324509262;1.20073088292631;1.12036700605423;0.715725896257162;0.44;0.44;0.44;0.44;0.591900912506402;0.810710235903508;0.44;0.188848371913096;0.139358517139546;0.158357151803948;0.151752093155715;0.439937436942114;0.44;2.04336973039535;1.06994814976924;0.430460786594044;0.438917403831099;0.195789282865096;0.121702947349311;0.04;0.04;0.04;0.04;0.04;0.04;0.0859823400813551;0.834441564048849;1.08;0.949953539585888;0.486595581518806;0.48;0.48;0.48;0.48;0.48;0.48;0.48;0.48;0.530446942551993
0.6;0.6;0.6;0.6;0.88670128967348;0.67711570168091;0.668415628262494;1.15099613059973;1.00129697689985;0.897886913405649;0.531968135053786;0.449665204171798;0.44;0.44;0.44;0.979186055746674;1.08;0.761065393400803;0.477141994723429;0.389066679751669;0.0948935249013299;0.374335329885144;0.44;1.07462008292356;3.18268751483634;2.30596941586383;0.44;0.210677116847255;0.0553255253748514;0.04;0.04;0.04;0.04;0.04;0.0403518509836868;0.0572637335350321;0.04;0.182081206766309;0.874156543367036;0.969972578632285;0.55578121401642;0.48;0.48;0.48;0.48;0.512707912126875;0.535421189707424;0.497422716966715;0.500596251225006;0.763983033614713
0.6;0.6;0.6;0.6;0.6;0.6;0.6;0.6;0.6;0.6;0.6;0.576130839156878;0.525978151802022;0.44;0.44;0.897617468123138;1.08;1.08;0.952371871904615;0.594577073456992;0.253004751217339;0.44;0.647484515255693;2.77982236226911;2.49433016021789;0.44;0.409707636160109;0.236825618319772;0.283695564642608;0.04;0.04;0.05197171252314;0.130279922324907;0.232532076490647;0.376180710295266;0.383439927290594;0.249110909656079;0.194506242686417;0.312889880720958;0.553650354349031;0.484160021666843;0.467771935683138;0.48;0.490704518056896;0.533795464363235;0.56;0.56;0.556028857710525;0.557313341935817;0.56
0.6;0.6;0.6;0.6;0.6;0.6;0.6;0.6;0.6;0.6;0.6;0.6;0.6;0.451674067470618;0.44;0.670277172314214;1.08;1.08;1.08;1.08;0.453686452105641;0.44;0.963954390622769;3.2;1.60654013100672;0.44;0.44;0.44;0.409278490022308;0.241216223366789;0.269849375953004;0.205209299604874;0.44;0.44;0.44;0.44;0.44;0.44;0.44;0.44;0.44;0.448686628348287;0.517111888093259;0.546634787994712;0.56;0.56;0.56;0.56;0.56;0.56
0.6;0.6;0.6;0.6;0.6;0.6;0.6;0.6;0.6;0.6;0.6;0.6;0.6;0.472077186905034;0.461658583551685;0.956256462391655;1.08;1.08;1.08;1.08;0.792540699016857;0.613105211389007;0.505787944914719;1.46657007251089;0.468354093077518;0.44;0.44;0.44;0.227595658472404;0.44;0.28892616433949;0.158276687106473;0.44;0.44;0.44;0.44;0.44;0.44;0.44;0.44;0.44;0.500036652650361;0.56;0.56;0.56;0.56;0.56;0.56;0.56;0.56
0.6;0.6;0.6;0.6;0.6;0.6;0.6;0.6;0.6;0.6;0.6;0.6;0.6;0.559080111310109;0.539574732041957;1.02187396849706;1.08;1.08;1.08;2.6585086755248;8.98039486633512;9.02179142998212;7.2189594881596;0.562762115886565;0.44;0.44;0.44;0.44;0.2150579622277;0.367364220941388;0.132937500848012;0.168318226813496;0.257644904206259;0.44;0.44;0.44;0.44;0.44;0.441042592130198;0.444551853367747;0.492426918804765;0.559457261153096;0.56;0.56;0.56;0.56;0.56;0.56;0.56;0.56
0.6;0.6;0.6;0.6;0.6;0.6;0.6;0.6;0.6;0.6;0.6;0.6;0.6;0.586452031354792;0.561109674831415;1.08;1.08;1.08;1.08;1.67860923034313;9.99029446926406;7.43871821424899;2.85694552600508;0.44;0.44;0.44;0.502879511521112;1.02309295625612;0.863320487401881;1.03002919207857;0.449878067761183;0.430184429045301;0.375698914122671;0.44;0.44;0.44;0.44;0.44;0.455380433429964;0.5596847770612;0.555286802444414;0.56;0.56;0.56;0.56;0.56;0.56;0.56;0.56;0.56
0.6;0.6;0.6;0.6;0.6;0.6;0.6;0.6;0.6;0.6;0.6;0.623109093333685;0.627240727346711;0.6;0.915797450365924;1.08;1.08;1.08;1.02614447095007;6.80755012616188;6.30124401839056;0.44259019272287;0.44;0.44;0.44;0.44;0.537786780768297;1.08;1.08;0.721139852269195;0.44;0.440559622685984;0.447411212006303;0.44;0.44;0.44;0.44;0.44;0.476717849556378;0.6;0.581731987746943;0.56;0.56;0.56;0.56;0.56;0.56;0.56;0.56;0.56
0.6;0.6;0.6;0.6;0.6;0.6;0.6;0.6;0.6;1.14587125443031;1.04818596995428;0.666394806466479;1.07098413670175;1.22582011542236;1.21783022993465;1.08;1.08;1.04336321362599;0.518586766305934;1.85324840623858;0.44;0.44;0.44;0.44;0.44;0.426021738300792;0.877778273467824;1.08;1.08;0.710421435059607;0.490971680257307;0.59438160241209;0.577818325036736;0.469604720199719;0.44;0.44;0.460678781895574;0.55667186093407;0.594875972314179;0.6;0.599705771313369;0.575955918254973;0.56;0.56;0.56;0.56;0.56;0.56;0.56;0.56
