0.0897343871180544;0.357428140209415;0.426729536705045;0.328179808542528;0.189859647119056;0.136068107013326;0.08;0.0940514642604235;0.405171376740663;0.554690635158707;0.987398902783257;0.08;0.569665552546936;0.773085592545714;0.546499519742424;0.105962049895711;0.08;0.198563069852907;0.327229344511356;0.765320771824848;1.00245352670928;1.13872209538847;1.2;1.2;1.44161465721037;1.84995769449205;2.06917388718715;1.16877253296688;1.06145684162759;1.7501380771066;1.4972318601874;1.44165136312374;0.16;0.156556414714549;0.08;0.0930330314850414;0.445436122817229;1.09403294252971;7.61081184409569;1.54424472656168;0.785246032604073;0.56;0.56;0.56;0.56;0.56;0.626351803143974;0.76;0.76;0.76
0.08;0.08;0.08;0.08;0.388075919999043;0.185253565630224;0.26106641942335;1.00704995669505;1.19681954555347;0.084678423856982;0.24485601594913;0.122546497413848;0.985064627383489;1.21926915573664;0.447552010496281;0.08;0.08;0.135743269408811;0.341460227287184;1.2;1.2;1.40366302312291;2.02704983196589;2.08135348250479;2.12;2.23189288591077;2.56;2.56;2.56;2.56;2.56;1.20216530590361;0.16;0.137281072906411;0.0820630963648146;0.315059296771237;0.56;0.56;1.64409271173038;0.730874464443751;0.56;0.56;0.56;0.56;0.56;0.56;0.570581463750148;0.693733316615457;0.76;0.76
0.08;0.195577820601652;0.514839882486472;0.08;0.569850681129093;1.12254709537714;1.19036820686585;1.24;0.79069125246957;0.220863197538583;0.305488440609555;0.720269836865707;1.24;1.24;1.03861268033198;0.370769160390877;0.706001597594283;0.987175003996625;1.23899372312762;1.2;1.2;1.23038549842845;1.90607548091225;2.12;2.12;2.24580163253369;2.5589652231084;2.56;2.56;2.56;2.02794791854527;0.203865571252836;0.16;0.0875656266726554;0.10854114793107;0.56;0.56;0.56;0.56;0.56;0.56;0.56;0.56;0.56;0.56;0.56;0.589167603174407;0.753629973857296;0.902301208783676;0.993758719972242
0.387312000292014;1.08100030853443;0.82836333143576;0.094825048468292;0.548540253465765;1.24;1.24;1.24;1.24;1.24;1.24;0.371057089111686;0.657505228576949;0.657506236354541;0.638313547438556;0.808695755006751;1.24;1.24;1.24;1.09324526831979;1.04875763242757;1.01565477315225;1.8764329524441;2.31680718686217;2.24110868124348;2.53622864087261;2.56;2.56;2.56;2.56;2.24765092818259;0.434137020903655;0.16;0.13864774092371;1.05323026387196;0.603788165195456;0.56;0.56;0.56;0.56;0.56;0.56;0.56;0.56;0.56;0.621615277507043;0.846876681217826;1;1;1
1.24;1.24;1.08670875485172;0.962903786505077;1.24;1.24;1.24;1.24;1.24;1.24;1.24;0.984199232514315;0.901980998390121;0.833027240732871;0.764121175946155;1.07675163382268;1.20645212525981;1.15744491517036;0.886368379296563;0.538631540689316;0.491158923368156;0.562746950577388;1.8485896440573;2.56;2.55876571168138;2.56;2.56;2.56;2.56;2.56;2.56;0.936291837495752;0.457322255444053;1.81074581633999;2.56;1.31964542809051;0.56;0.56;0.56;0.56;0.56;0.56;0.662836379535512;0.831537766290922;0.857131451846613;0.943261145017847;1;1;1;1
1.24;1.24;1.24;1.24;1.24;1.24;1.24;1.24;1.24;1.24;0.945946357870727;0.106370043315265;0.08;0.08;0.08;0.0992533111522054;0.08;0.150485262626873;0.27863742001513;0.0962410319618174;0.08;0.368181038468983;0.941459105894164;2.56;2.56;2.56;2.56;2.56;2.56;2.56;2.56;2.43788786932383;2.49694599462861;2.56;2.49551443367849;1.13044772152802;0.56;0.56;0.656687610798018;0.914490172382933;0.623581354054175;0.616961456753481;0.960642573138137;1;1;1;1;1;1;1
1.24;1.24;1.24;1.24;1.24;1.24;1.24;1.24;1.24;1.24;1.11581786316517;0.206411813938573;0.08;0.08;0.08;0.08;0.08;0.08;0.08;0.08;0.08;0.265156357201476;0.710760142041932;1.8113844709614;2.55466296562566;2.56;2.56;2.56;2.56;2.56;2.56;2.56;2.56;2.56;1.44967635830495;0.592553317821669;0.686818665989488;1.02439528229429;1.12074744950317;1.11297962121865;0.949118121312165;0.92658244963742;1;1;1;1;1;1;1;1
1.24;1.24;1.24;1.24;1.24;1.24;1.24;1.24;1.24;1.24;1.24;0.704815358861657;0.08;0.08;0.08;0.08;0.08;0.08;0.08;0.08;0.08;0.236913675816915;0.630914944785972;0.647334621646959;0.788680284203677;1.66785502804209;2.50637899385834;2.56;2.56;2.56;2.56;2.56;2.56;2.55309433472396;1.24443888588126;1.03544824876504;1.2;1.2;1.2;1.14918018757666;0.364020258935288;0.824042012433881;1;1;1;1;1;1;1;1
1.24;1.24;1.24;1.24;1.24;1.24;1.24;1.24;1.24;1.24;1.24;0.922507220626716;0.08;0.08;0.08;0.08;0.08;0.08;0.08;0.158415313250214;0.441551209672143;0.624609779348959;0.64;0.64;0.64;0.64;1.31323645244558;2.4766425412863;2.56;2.56;2.35961938159757;2.53311832314958;2.56;2.06987248864802;1.2;1.2;1.2;1.2;1.2;0.234940650632639;0.04;0.0987519726923777;0.778819802824094;0.974357111850052;1;1;1;1;1;1
1.24;1.24;1.24;1.24;1.24;1.24;1.24;1.24;1.24;1.24;1.24;0.596459348867858;0.08;0.08;0.08;0.08;0.0945168012437811;0.117364229801018;0.321499039320831;0.583127758398201;0.64;0.64;0.64;0.64;0.64;0.64;0.64;1.76840315037785;2.56;2.36459049456772;1.88442884134333;1.66922825605543;1.60571031169367;1.20173528395199;1.2;1.2;1.2;1.2;1.2;0.531911320179785;0.0664528680415618;0.04;0.04;0.28861163842065;0.74204557503912;1;1;1;1;1
1.24;1.24;1.24;1.24;1.24;1.24;1.24;1.24;1.24;1.24;1.24;0.659107107802793;0.319035151227709;0.08;0.802151803668421;1.32866198598053;1.39370228299783;0.876732896974183;0.648104443084974;1.01320452218437;0.817956273199118;12.4646180468268;7.240590700562;0.64;0.64;0.64;0.64;0.737704494423862;1.8611374272549;2.07198787745511;2.04;1.67024139524677;1.2;1.2;1.2;1.2;1.2;1.2;1.2;1.2;0.439614998898916;0.04;0.04;0.04;0.101744812868028;0.320377009060234;0.410180397757266;0.946190318570181;1;1
1.24;1.24;1.24;1.24;1.24;1.24;1.24;1.24;1.24;1.24;1.24;1.24;0.622666568782539;0.08;0.121685555632374;1.18326993098004;1.39098242758894;1.36784621100858;1.12502381064064;1.35121955844831;0.715214757866432;14.3035572790226;11.5750316849222;0.64;0.64;0.64;0.64;0.820326149384131;1.88239158814355;2.04;2.04;2.0112597826614;1.62607605497034;1.6218896940859;1.28684897122635;1.2;1.2;1.2;1.2;1.07868432835291;0.175263424890177;2.84181880930899;1.66746231404821;0.04;0.04;0.04;0.04;0.324708506342932;0.93955463572237;1
1.17490849511782;1.19412558439747;1.23114196966966;1.24;1.24;1.24;1.24;1.24;1.24;1.24;1.24;0.810397754516901;0.198656695595299;0.08;0.08;0.346667301312062;0.195949519782057;0.600346447922807;1.39211838698728;1.36626470031929;2.13531100399162;18.8990903812381;6.63806037761294;0.64;0.64;0.64;0.64;1.24407526890529;2.04;2.04;2.04;2.04;2.04;2.04;2.83458612129579;1.9271302126069;1.2;1.2;1.2;0.735671366081339;1.04749152237701;2.78555181554737;0.912718208190451;0.04;0.04;0.04;0.04;0.04;0.794461827704311;0.81301346960658
1.12;1.12;1.13827083866991;1.22671424259052;1.24;1.24;1.24;1.24;1.2293131395321;0.939897533440865;0.502517217913177;0.265355766653316;0.08;0.08;0.08;0.08;0.08;0.08;1.266142209851;1.39909406232919;2.18470986721708;20.44;7.70816920947051;0.64;0.64;0.64;0.64;0.64;2.03740253654239;2.04;2.04;2.04;2.04;2.04;2.96236532734799;3.23722186408912;2.03492031461777;1.39237049313028;0.922849164699379;0.395643273227262;1.83264386067196;0.434636287453912;0.04;0.04;0.04;0.04;0.04;0.04;0.485928892584429;0.913550850311121
1.12;1.12;1.12;1.13537419376186;1.14719979146505;1.17337619030155;1.15588573871372;1.03777469384751;0.477863905786129;0.114405909307864;0.0976202944719417;0.0806758483085109;0.08;0.08;0.08;0.08;0.08;0.130454780248625;1.21462640008709;1.4;3.69147196956563;20.44;12.0416277094068;0.64;0.64;0.64;0.64;0.726863182413809;1.99279743316827;2.04;2.04;2.04;2.04;2.04;2.04;2.87308123782599;3.20569310056267;2.92771330089271;1.75716675882781;1.3605026852613;0.337778015191144;0.04;0.04;0.04;0.103038385574258;0.221257270519063;0.277036206960678;0.150068498889308;0.111432124732389;0.85759184340768
1.12;1.12;1.12;1.12;1.12;1.12;1.12;1.11404868234846;0.672523342393065;0.12;0.118221814655;0.0844903072171518;0.08;0.08;0.08;0.08;0.201154501104797;1.23970725351994;1.4;1.4;12.2510034767157;20.1287818486094;3.60002918769094;0.64;0.64;0.64;0.676353334145265;1.27103843864956;2.04;2.04;2.04;2.04;2.04;2.04;2.04;2.28611088915678;3.18146495346394;3.2;3.2;1.38140869755628;0.185071198178616;2.42828874378403;2.01625979977277;1.21087940705558;0.489054009630018;0.834308983994501;0.99800852565923;0.622820993377305;0.483809347993767;1
1.12;1.12;1.12;1.12;1.12;1.12;1.12;1.08357706928202;0.307984252489078;0.12;0.108921106015239;0.08;0.08;0.08;0.08;0.386311075056779;1.12561131232143;1.11932147375363;0.945496461433079;0.900492225712957;0.669030925561575;18.8493954935425;3.97248003615092;0.64;0.64;0.656991184232756;1.39541950998839;2.04;2.04;2.04;1.98171238032028;2.00651210578026;2.04;2.04;2.04;2.04;2.60439830149611;3.24168880014703;3.2;1.55016246750723;0.0547593798740643;2.11118178772702;3.2;1.44636299277598;0.568511907383606;0.0709062192884;0.279706212046747;0.233344581904262;0.230966324641767;0.855451545861265
1.56370903805146;1.12;1.12;1.12;1.12;0.985925464538718;0.498500305771914;0.177995824500642;0.12;0.12;0.112196620840055;0.0816777716455178;0.08;0.08;0.08;0.63580356155237;0.510533015694941;0.525936241349944;0.64;0.64;0.64;4.58613996209454;2.554667950082;0.64;0.682939304204425;1.77026296914022;2.04;2.04;2.04;1.96014393223703;1.84296267504564;1.85417617689181;2.00188397204153;2.04;2.04;1.75863101258816;0.999461123491811;2.77199725863867;3.21504517664158;1.67527993578464;2.12666914418096;3.11568944752936;3.2;1.00103762919931;0.096275071362228;0.060833965067764;0.0759478666098969;0.103547863432206;0.105886006223117;0.118244378067295
28.0110815790872;1.12;1.12;1.12;1.12;0.613540015962783;0.12;0.12;0.12;0.12;0.12;0.106338100677662;0.0821939397277098;0.08;0.08;0.127079011196047;0.0918516515708253;0.22908721415177;0.483733998306296;0.616058976714086;0.64;0.64;0.64;0.64;1.95140463479938;2.04;2.04;2.04;2.04;1.90148182008639;1.84;1.84;1.84968230578219;1.99743193459566;2.04;1.69913823237004;0.230180366293723;0.496696471417119;2.87476853801679;2.97222870746681;3.1959334715851;3.2;3.2;1.16504908652585;0.12;0.12;0.12;0.12;0.12;0.12
16.0999198493107;1.12;1.12;1.12;0.934780764584471;0.257848028176163;0.182321374073893;0.12;0.12;0.12;0.12;0.12;0.091779283705214;0.08;0.08;0.08;0.08;0.08;0.08;0.206204748341786;0.246024385336693;0.212906532474607;0.5566384057784;0.64;1.95803118821327;2.04;2.04;2.04;2.04;1.98422403531475;1.8599754551875;1.84954722718751;1.92546151011806;2.03551130187337;2.04;1.80238628286459;0.374732538984687;0.322845970492562;2.74808253733624;3.2;3.2;3.2;3.18842264405638;1.2832610593736;0.12;0.12;0.12;0.12;0.12;0.12
27.5224907103153;1.80102515995242;1.12;1.12;1.07134318846704;0.974504902193779;0.741975255487368;0.12;0.12;0.12;0.12;0.12;0.107642366048934;0.08;0.08;0.08;0.08;0.08;0.08;0.08;0.08;0.08;0.508249202429224;0.64;1.88248285134113;1.17033601513927;2.03697643463863;2.04;2.04;2.02781957158263;2.00954665850202;1.95554000064054;2.00599688989755;2.04;2.01912141304222;0.504662935354269;0.159133318662421;1.81580554347118;3.2;3.2;3.2;2.5849845108342;0.158199059966021;0.434880281511798;7.63845693205968;26.1218660813788;0.12;0.12;0.12;0.12
12.5920657932428;18.2349670213928;4.9793762245385;1.12;1.12;1.12;1.08660080243379;0.876321682597858;0.1955418016597;0.12;0.12;0.12;0.118506604024288;0.0905894806637873;0.08;0.08;0.08;0.08;0.08;0.08;0.08;0.08;0.477988340699766;0.64;1.8069360257471;0.357501895283256;1.48642873867773;2.04;2.04;2.04;2.04;2.03125695310364;2.03635552678315;2.04;1.56712497746475;0.16;0.153216174902885;2.06714666051683;3.2;3.2;23.6168510324435;47.7172393793765;34.8065660533827;22.9936949444118;71.64;62.3351624079633;4.87172935352196;0.12;0.12;0.959519682448005
29.7705137569943;30;30;15.4866132713359;1.12;1.12;1.12;1.12;0.558249337529722;0.12;0.12;0.12;0.12;0.0958518506994005;0.08;0.08;0.08;0.08;0.08;0.421141283522378;0.317795376920498;0.254284481090536;0.601969520196598;0.765382755721817;1.31781500616217;0.167878628280145;0.529826086693395;1.36337872462847;2.04;2.04;1.08520481827879;1.43580365753932;1.86665319616393;0.981186755044915;0.16;0.16;0.142582425084858;3.46995615352351;17.2709919696454;3.2;55.4334876785153;71.64;71.64;71.64;49.9067985603745;28.8088426193494;21.5003548392514;0.412630196995893;0.475307302706921;1.08116777570985
30;30;28.5627549535773;2.64403985112078;1.12;1.12;1.12;0.924747279960956;0.13015147937643;0.12;0.12;0.12;0.12;0.0980267959662713;0.08;0.08;0.08;0.08;0.08;0.273976272181083;0.451093993157521;0.631564103365959;0.432105323472199;0.86297725584854;0.966228449495015;0.16;0.196571944644069;0.752246227576974;2.02998663021821;1.81666368092077;0.718111190554583;0.415490223854296;1.71854802865383;1.41183212688229;0.16;0.149033708495061;1.81588607872747;4.62047291131304;48.5899946092173;22.3714608355851;51.7816663243177;71.64;71.64;56.9747855268196;18.9346032868542;1.2;1.2;4.33302324012154;18.8235939746873;1.2
30;30;21.105086489775;1.71076235204033;1.12;1.12;1.09043031501072;0.760303949302477;0.418811853270851;0.12;0.12;0.12;0.12;0.0852484142547747;0.08;0.08;0.08;0.08;0.08;0.08;0.28726087345772;0.632395090299721;0.280190974570884;0.108144582457148;0.48640704649254;0.16;1.24092215637062;2.04;1.9037034187651;0.465899536986959;0.16;0.20270934169664;1.00156818668767;0.93060099873687;0.153632186212417;0.122481766647121;0.626495135530202;3.12829698572495;39.7021160817042;43.149787112211;56.4444508629985;71.64;71.64;71.64;21.9626913494721;1.2;1.87054044043516;42.5148245613305;48.1704879668453;1.2
30;30;30;15.0984978180923;1.02365540067134;0.359862105068241;0.267105068558738;0.129268565233528;0.1377420785145;0.12;0.12;0.12;0.12;0.0920741883310889;0.0801397348389287;0.08;0.08;0.08;0.08;0.1335861942377;0.290534948686564;0.631675287898833;0.358461734412786;1.40339324897967;2.33266700090288;1.66438879252794;1.73510611260221;1.45793169398446;1.26047401602856;0.16;0.16;0.16;0.16;0.16;25.997712923675;40.2170077961192;44.4032366059206;43.8378000027048;46.0965381524499;71.64;71.64;71.64;71.64;71.64;33.4405709287009;2.11635089698602;49.395395060045;71.64;29.650664070902;1.2
30;19.2865383736246;24.7299461581951;27.0569820748882;9.64035799982456;1.06687703024318;0.12;0.12;0.12;0.12;0.12;0.12;0.12;0.12;0.103309005323314;0.0949954458205029;0.087425277006288;0.0823476190392859;0.301584407462521;0.588240754273238;0.6873136550556;0.721543089187274;0.165219234452181;2.57184702199375;2.8;2.8;2.69843285668341;0.725985995571139;0.477649205879108;0.16;0.16;0.16;0.16;0.154335538656311;8.17543162695199;33.1456140514445;29.5565020451515;16.819439703579;10.6232087758694;71.249084017232;71.64;71.64;71.64;71.64;71.64;36.0929119443223;50.6395826140318;71.1543665677064;7.46351225262478;1.2
0.794863848468661;0.12;17.6864753360305;26.5504548326249;30;4.93046293537589;0.12;0.12;0.12;0.12;0.12;0.12;0.12;0.12;0.12;0.12;0.132469193357645;0.474570630210451;0.440120279200211;1.3352843241638;2.15916468593858;2.26003351851296;0.595855704315161;2.71872384847954;2.8;2.8;2.8;1.58343456536739;0.158721567781578;0.16;0.155690203965899;0.147384567341395;0.134756075182195;0.122384662369405;1.32681684817936;3.2;5.45101973960989;42.3350837342107;60.3572418853877;71.64;71.64;71.64;71.64;71.64;71.64;71.64;71.64;22.6533661317667;1.2;1.2
0.14378806737368;0.12;0.12;2.16024553266151;21.1202068407767;19.9082671348167;1.69938986586316;0.12;0.12;0.12;0.12;0.12;0.12;0.12;0.12;0.12;0.120204102030854;0.12662490255522;0.12;1.03562982102078;2.67937399045343;2.57935117104513;2.42277790120707;2.8;2.8;2.8;2.62472587435917;0.524543990675863;0.130232689653001;0.132171398786083;0.126401847045012;0.12;0.12;0.12;1.88414155548923;3.2;33.0707135743459;47.7779787352072;71.64;63.3750409959472;42.7341324367074;71.64;71.64;66.4272397204183;32.5529619927987;60.4943183728251;71.64;9.99097481761077;1.2;1.2
0.123004131676268;0.12;0.12;0.12;1.87657700720999;20.0685184158895;6.35473004059559;0.12;0.12;0.12;0.12;0.12;0.12;0.12;0.12;0.12;0.12;0.12;0.12;0.12;1.0397454324972;2.8;2.8;2.8;2.8;2.8;2.05482636716237;0.12;0.12;0.12;0.12;0.12;0.12;0.12;1.71912357950732;3.2;3.2;19.3054525834722;71.64;46.3635058380741;15.7636255786941;36.2695815208831;55.267075999753;55.7255443502485;26.7849413419444;19.6049677279963;23.3751977573871;4.34519781673866;1.2;1.2
0.12;0.12;0.12;0.12;0.12;1.57068418411809;1.54674741514104;0.12;0.12;0.12;0.12;0.12;0.12;0.12;0.12;0.12;0.12;0.12;0.12;0.136603560015114;0.83248735059932;2.8;2.8;2.8;2.8;1.10805064112452;1.39382558862585;0.12;0.12;0.12;0.12;0.12;0.12;0.12;0.142326510714626;3.08572936927746;3.09415873916889;13.70131580549;67.5669258157844;24.6848127802105;27.0702806153683;59.1367977132514;52.7045151782846;3.44659344559892;13.9757049184514;1.2;1.2;1.2;1.2;1.2
0.116420388928309;0.119983891894592;0.12;0.12;0.12;0.12;0.12;0.12;0.12;0.12;0.12;0.12;0.12;0.12;0.12;0.12;0.12;0.12;1.61192897947519;3.55623624796204;8.50490316390505;7.96860170125345;2.8;2.8;2.8;0.506560183139378;0.145205303994194;0.124410756102145;0.12;0.12;0.12;0.12;0.12;0.12;0.12;0.12;1.76993108426523;3.2;22.6153185771332;15.6507547652775;4.84579580964192;41.429090595275;71.64;19.4704317701352;1.2;1.2;1.2;1.2;1.2;1.2
0.0812274695707031;0.102818240937413;0.119688042338602;0.12;0.12;0.12;0.12;0.113598744129283;0.111232226119787;0.12;0.12;0.12;0.12;0.12;0.12;0.12;0.12;37.7893680741338;53.1424511818945;56.1564162094379;56.6362730769339;58.0252546966206;53.1627818185741;49.985806491503;21.2355555045452;2.80083044579626;2.78574150650338;1.72075414479291;1.15475665304063;0.663314080113452;0.393268089339722;0.12;0.12;0.12;0.12;0.388200659862774;1.36642660865597;2.44463126967324;2.57219671266599;1.2;1.2;56.9564123841749;45.5867538946033;20.8619173337783;1.2;1.2;1.2;1.2;1.2;1.2
0.08;0.08;0.111818151231561;0.12;0.12;0.12;0.12;0.106754613493197;0.0957184763655066;0.12;0.12;0.12;0.12;0.12;0.12;0.12;19.1855994843984;59.6553742757438;68.56;68.56;68.56;68.56;68.56;68.56;27.3403272451462;3.19455244629282;3.19657880887203;3.14620087302906;2.51345765567663;1.85149260034552;1.21640912137223;0.12;0.12;0.12;0.12;1.05766014784289;1.2;1.2;1.2;1.2;1.2;33.7746497474926;8.99121751632387;1.2;1.2;1.2;1.2;1.2;1.2;1.2
0.08;0.08;0.0852743382234408;0.115691273837746;0.12;0.12;0.12;0.0970630780411383;0.0564262634103216;0.12;0.12;0.12;0.12;0.12;0.12;0.12;10.2103739899193;37.2528143736034;33.4989138564106;61.4129540322771;68.56;68.56;68.56;53.238941655386;6.42863992866336;3.2;3.19408665469382;1.97619135882983;1.2;1.10948103420571;0.67780051296303;0.354987034144563;0.12;0.12;0.651508785681143;1.2;1.2;1.2;1.2;1.2;1.2;1.2;1.2;1.2;1.2;1.2;1.2;1.2;1.2;1.2
0.08;0.08;0.08;0.111116008905927;0.12;0.12;0.0969478561883716;0.185890756008806;0.243361306892876;0.464830559884105;0.231475835473096;0.118398412168332;0.12;0.12;0.12;0.12;0.12;0.796799149322123;1.2;48.9936168948717;67.1083124825428;68.56;68.56;34.8194150771086;3.2;3.2;1.80694800921546;1.2;1.2;0.415691959332164;0.12;0.12;0.12;0.12;0.873575283679599;1.2;1.2;1.2;1.2;1.2;1.2;1.2;1.2;1.2;1.2;1.2;1.2;1.2;1.2;1.2
0.08;0.08;0.08;0.108926587180328;0.115383470519898;0.0859548585803638;0.041345178505462;0.433705702470936;0.804509814765171;0.84;0.314622490776703;0.0751264753035164;0.12;0.12;0.12;0.12;0.12;0.470248932658085;0.741220845396576;2.49057174809429;55.3041762516324;68.56;68.56;62.7587155775501;57.7468573090933;13.1159610835087;1.2203059269851;1.2;1.00345414796225;0.178151930179185;0.12;0.12;0.12;0.12;0.815719942910923;1.2;1.2;1.2;1.2;1.2;1.2;1.2;1.2;1.2;1.2;1.2;1.2;1.2;1.2;1.2
0.08;0.08;0.0810902832819917;0.105966334594813;0.0702861074638529;0.04;0.04;0.0886764682970159;0.109783434197307;0.283596788132939;0.429513633085173;0.241672062977064;0.100024826591493;0.12;0.12;0.12;0.12;0.12;0.18591106586596;30.9987846663811;54.0907924679534;61.1146728334028;68.56;68.56;68.56;62.1889164092951;1.2;1.2;0.930648870408023;0.12;0.12;0.12;0.12;0.577889553795178;1.17263099386401;1.2;1.2;1.2;1.2;1.2;1.2;1.2;1.2;1.2;1.2;1.2;1.2;1.2;1.2;1.2
0.08;0.0798536744375014;0.0480908158774637;0.04;0.04;0.04;0.04;0.04;0.04;0.04;0.0738104638787496;0.374339098116556;0.39220210867756;0.216562119854358;0.12;0.12;0.12;0.12;0.461879154958502;14.7918433650805;12.934762742452;47.7868186045496;58.1599092519212;68.56;68.56;53.43186660201;1.2;1.2;1.00967920211688;0.28267456698711;0.167255976470267;0.12;0.522254389277938;1.19840527605923;1.2;1.2;1.2;1.2;1.11537779976693;1.17789068553557;1.2;0.942093238854781;0.934428302870214;0.91793325285078;0.881715858235722;1.07537244060301;1.2;1.2;1.2;1.2
0.08;0.0709849686694949;0.04;0.04;0.04;0.04;0.04;0.04;0.04;0.04;0.04;0.04;0.0844167723608986;0.316529848075615;0.347042328954143;0.572049776746147;0.597857845674285;1.10071976298941;1.1914754448871;1.2;1.2;1.2;50.9256756642001;68.56;18.9689480529709;4.78297912719482;1.2;1.2;1.2;1.2;0.823927547058003;0.583844871290864;1.08074870170097;1.2;1.2;1.2;1.19460234013679;1.07200378143714;0.651703930665782;0.965628500003789;1.02545627532341;0.815976808903759;0.621584220051996;0.6;0.6;0.708102685366662;1.11576217647898;0.984349195845822;0.744781767885899;0.709969081876567
0.08;0.0547327583450371;0.04;0.04;0.04;0.04;0.04;0.04;0.439611849632605;0.451112255418423;0.455251376423985;0.04506644710619;0.105157632527332;0.446086144184739;0.778324010038481;0.857839413120221;1.07844910128049;1.2;1.2;1.2;1.2;1.2;24.1111942303193;68.56;60.406390508858;21.6808601865422;1.2;1.2;1.2;1.2;1.2;1.2;1.2;1.2;1.2;1.19733351971582;0.9792283600399;0.6;0.6;0.6;0.6;0.6;0.6;0.6;0.6;0.6;0.6;0.6;0.6;0.6
0.0690737269754518;0.0402474094619066;0.04;0.04;0.04;0.04;0.04;0.13419036819432;0.741638137214415;0.84;0.84;0.513512450629107;0.694375779789502;0.84;0.84;0.84;0.852335459129934;0.930098548826797;1.17739996354877;1.2;1.2;1.2;9.67661581806016;55.0873236928586;17.3527870950245;5.67915849075718;1.2;1.2;1.2;1.2;1.2;1.2;1.14681849231293;0.976374504530104;0.941188835383393;0.762430484145216;0.6;0.6;0.6;0.6;0.6;0.6;0.6;0.6;0.6;0.6;0.6;0.6;0.6;0.6
0.0704239959690254;0.04;0.04;0.04;0.04;0.04;0.04;0.04;0.457545716770189;0.84;0.84;0.84;0.84;0.84;0.84;0.84;0.84;0.84;0.972588489743587;1.2;1.2;1.2;1.2;44.2002997865671;32.1632165655766;1.2;1.2;1.2;1.2;1.2;1.2;1.2;0.921538150868422;0.6;0.6;0.6;0.6;0.6;0.6;0.6;0.6;0.6;0.6;0.6;0.6;0.6;0.6;0.6;0.6;0.6
0.0726168709303718;0.04;0.04;0.04;0.04;0.04;0.04;0.04;0.0553980691279054;0.458074599301663;0.84;0.84;0.84;0.84;0.84;0.84;0.84;0.84;0.949555331401108;1.19846506203172;1.2;1.2;1.2;29.5471381623361;22.1155554066647;1.2;1.2;1.2;1.2;1.2;1.2;1.2;1.17981997949072;0.854079472286586;0.6;0.6;0.6;0.6;0.6;0.6;0.6;2.9118062289809;9.19593069890744;1.52746966996534;0.6;0.6;0.6;0.6;0.6;0.6
0.0983167296091584;0.04;0.04;0.04;0.04;0.04;0.04;0.04;0.222285887311541;0.667415648739365;0.84;0.84;0.84;0.84;0.84;0.84;0.84;0.84;0.840745390514452;0.971507276947383;1.05188040011684;1.14497792643369;1.19677922916736;1.2;1.2;1.2;1.2;1.2;1.2;1.2;1.2;1.2;1.17938381746449;0.771060453437279;0.6;0.6;0.6;0.6;0.6;1.8269682420224;0.6;2.73085314246453;9.03861021808151;2.01619352688952;0.6;0.6;0.6;0.6;0.6;0.6
0.119391426527995;0.0872995709675391;0.0408828368723284;0.04;0.04;0.04;0.04;0.0465209476974837;0.791347764152833;0.84;0.84;0.84;0.84;0.84;0.84;0.84;0.84;0.84;0.84;0.84;0.84;0.84;1.13580319226072;1.2;1.2;1.2;1.2;1.2;1.2;1.2;1.2;1.2;0.930861903955293;0.6;0.6;0.6;0.6;0.6;0.6;4.99745601342452;1.99176987675099;6.65822053007497;6.65973435268543;0.6;0.6;0.6;0.6;0.6;0.6;0.6
0.12;0.119767998643171;0.114033710734882;0.0578905875558501;0.04;0.04;0.04;0.04;0.829514397254213;0.84;0.84;0.84;0.84;0.84;0.84;0.84;0.84;0.84;0.84;0.84;0.84;0.84;0.880760573664525;1.37135404210595;1.21286067977017;1.19675105168466;0.901126757313497;0.860315697655454;0.819533068439178;0.779510783009278;0.739516490015481;0.699550189491035;0.664748871002311;0.6;0.6;0.6;0.6;0.6;0.6;0.6;9.30992463008788;5.87625179044745;12.0527609231859;9.29372832798044;0.625233499025882;0.6;0.6;0.6;0.6;0.6
0.12;0.12;0.12;0.107814650611952;0.04;0.04;0.04;0.140103550158027;0.621373158032848;0.84;0.84;0.84;0.84;0.84;0.84;0.84;0.84;0.84;0.84;0.84;0.84;0.84;0.84;1.36950497987002;1.24;1.23707927477915;0.815900266118826;0.52;0.52;0.52;0.52;0.690023461915793;0.595060423000836;0.59944627060106;0.6;0.6;0.6;0.6;0.6;0.6;5.96360696988995;10.3217785345458;8.22119825718577;9.74345073147863;6.9561057085079;0.6;0.6;0.6;0.6;0.6
0.481024889506696;0.12;0.12;0.116269610891284;0.0975928123754678;0.131357253863558;0.301791056986199;0.736143049624842;0.84;0.84;0.84;0.84;0.84;0.84;0.84;0.84;0.84;0.84;0.84;0.84;0.84;0.84;0.84;1.16581060062349;1.24;1.24;0.874493025866896;0.521646146799438;0.777524586531515;0.881793151325921;0.909690438494611;1.21541226422185;0.958742392622931;0.568465699396656;0.584534748885687;0.6;0.6;0.6;0.6;0.6;1.7310220857869;1.8076211217204;0.660830701668664;1.08949633126515;0.712649188309402;0.6;0.6;0.6;0.6;0.6
0.869888112620318;0.12;0.12;0.215056475923029;0.459846157036967;0.998314311931573;0.777068557727699;0.84;0.84;0.84;0.84;0.84;0.84;0.84;0.84;0.84;0.84;0.84;0.84;0.84;0.84;0.84;0.84;1.14422284718184;1.24;1.24;1.04296227561708;1.23020128557289;1.24;1.24;1.24;1.24;1.24;0.882718822378142;0.558330007598456;0.6;0.6;0.6;0.6;0.6;0.6;0.6;0.6;0.6;0.6;0.6;0.6;0.6;0.6;0.6
