0.118009469654877;0.977387115352967;1.37062984628979;0.680757136486333;1.31459311373299;0.932717253820183;1.17445551909828;1.4;1.33282657348837;0.520726470257161;0.490683716842836;0.244871630166071;0.833567975717192;0.161574673000835;0.2;0.2;0.270299458799462;0.842190613549909;0.2;0.2;0.2;0.179707389122592;0.142159458963839;0.12;0.12;0.983858446282478;1.8;1.8;1.64889612118564;37.4694989392965;55.24;18.2333567427653;0.523503331660708;0.89601056631862;1.33823574816794;1.28201327136504;0.981767516281718;0.141026394888705;0.12;0.12;0.12;0.12;0.12;0.12;0.12;0.12;0.118000125956787;0.0442242209846574;0;0.00212568636689674
0.0957485387702904;0.341383889094783;0.340180533832917;0.12;0.966491162643009;1.12124012445005;0.796452412811099;1.30664128634133;1.07449270619253;0.630345011703113;1.05218441981938;1.38959655918905;1.09518945109384;0.695542610177709;1.34591671561371;0.510359272179412;0.2;0.2;0.259648314807564;0.28032587896603;0.595223276635443;1.90877635873765;2.13748113035541;0.78042492343251;0.12;0.172347424512142;1.40755531945839;1.8;1.63419253127323;20.8587859185727;24.3344636115599;0.700985869008282;1.42047716170903;0.976557817957802;0.12;0.12;0.12;0.12;0.12;0.12;0.12;0.12;0.12;0.12;0.12;0.12;0.0720778369919278;0;0;0.0303283152950763
0.245162083653868;0.540233220023057;0.933669810438534;0.12;0.125322147802906;1.04843273459443;1.15293886457487;0.415719794822929;0.295603114422205;1.3219769815728;1.4;1.40037041895878;1.09756779994677;1.58228853148529;2.52;2.19922670598299;0.2;0.2;1.28453671610903;2.00573420744442;0.835770125998913;2.17537095859498;2.52;1.03726676565895;0.136782927555697;0.120221350827602;0.58625590092211;1.70840160918648;1.8;1.49210552374441;0.66475690678281;1.25982212423252;1.72649322156208;0.741566507594586;0.12;0.12;0.12;0.12;0.12;0.12;0.12;0.12;0.12;0.12;0.12;0.0942813480125475;0.00216277870192602;0;0;0
1.46128196274298;1.62741581799656;0.702489107724013;0.750121403405888;1.06925391066447;1.00572358350642;0.744399834372802;0.0919732091911755;0.590687562826964;1.4;1.41059027543961;1.43935810284785;1.8968732736913;2.52;2.52;2.51320813642456;2.22295329496451;0.81465925893249;0.2;2.42095637848784;2.35238121873731;2.39722612023905;2.52;2.20983183177739;0.505667598611232;0.151125411743396;0.120059105827034;0.450887529765598;0.506667333868146;0.266369469572045;1.04693469191597;1.79601490933669;0.649975263742828;0.12;0.12;0.12;0.12;0.12;0.12;0.12;0.12;0.12;0.12;0.12;0.0768672152868026;0;0;0;0;0
1.84;0.940873794065391;0.962199276323277;0.538507000709015;1.48167820984011;1.79493768414325;0.406732780157611;0.254672933833397;1.12437443578845;1.4;1.52401721253315;2.09108966270656;0.608656611208422;2.4017062946347;2.52;2.52;2.12646957235434;2.16233054413021;1.39059786842987;1.51784364009714;2.52;2.52;2.59537351710123;2.7017779895824;2.42699062664649;1.07551898983672;0.977285213417342;0.309153664717555;0.181300975904475;0.257462991572851;0.688541596201114;1.05008451037173;0.12;0.122129100111183;0.252047200796972;0.12;0.12;0.12;0.12;0.12;0.12;0.12;0.0932376749262336;0.0212028840709412;0.00371020559013328;0;0;0;0;0
0.661392457789104;0.198676284740346;0.967639378740381;1.1200217788839;1.5832131637278;1.08117613817165;0.194224750211048;1.10483136300904;1.19563543062196;1.2781806471424;1.34902129316866;2.8;1.78050434845145;0.634781795630083;0.878561154890899;1.20174410535655;0.356510603646087;1.15532497271406;2.49322678696709;2.50094670676206;2.52;2.5691862099269;2.78971387306691;2.8;2.8;2.41578643540973;1.09136537009608;2.35770885587829;1.42137767072097;0.735849965042799;0.81231190363892;0.786096730041504;0.12;0.613522596485014;0.902013163274992;0.12;0.12;0.12;0.12;0.12;0.12;0.0727514022908283;0.00805590438850558;0;0;0;0;0;0;0
0.0177952836915079;0.0100558449571168;0.839151452272184;1.84236053293641;1.86006076922289;1.57012765849374;0.935304362234155;1.04;1.04;1.04;1.21120070658941;2.8;2.69384386788751;0.297657639475038;0.2;0.2;0.2;1.89603431340057;0.584530815411368;1.53682398966779;2.52;2.56967740449193;2.8;2.8;2.8;2.8;2.8;2.8;2.71131803972375;1.73488739558868;1.78252616777461;1.31852735524832;0.82956262696129;0.903740509687744;0.429983829298174;0.12;0.12;0.12;0.12;0.117575481521785;0.0535595872829404;0.0182515531253535;0;0;0;0;0;0;0;0
0;0.487209622368121;1.59264945093974;1.87573041985637;1.91821504952301;1.90082677538983;1.27602255379961;1.02387130497756;0.965700109877392;1.04;1.08803589365697;1.7461621254328;0.489086933835243;0.2;0.2;0.2;0.556468844128914;1.36279162062123;0.2;0.901344945230497;2.48763813747997;2.55247265984477;2.8;2.8;2.8;2.8;2.8;2.8;2.02075905563068;2.07253333132658;1.92172236996886;1.8;1.8;1.44747463018057;0.16009146594902;0.12;0.12;0.12;0.0897842208878137;0.0418334471167879;0;0;0;0;0;0;0;0;0;0.00472249940818652
0.0755267599814571;1.15256842567171;1.8567433414174;1.9093599087558;1.03627945312711;0.955150432669751;1.07022121474601;0.687144323907842;0.739357914568249;1.04;1.04;0.709916165775787;0.173095110257736;0.190168344943337;0.183611955331638;0.580959552036509;2.50708734001676;0.648369484917206;0.2;0.2;2.17789599034318;2.53700057949041;2.8;2.8;2.8;2.8;2.8;1.35671903383798;0.2;0.937980304448644;2.33889503212932;1.8;1.7592652598737;0.850602020621443;0.12;0.12;0.12;0.102932310818416;0.0061038306775375;0;0;0;0;0;0;0;0;0;0;0.00965998156461865
0.12;0.866928938924365;1.75454966908435;0.644174464478069;0.352143311696673;1.0259019071005;0.588127369995111;0.302562068112553;1.04;1.04;1.04;0.768944250052391;0.140379061215185;0.131402167217573;0.0788094745559114;0.458640677759118;2.55006460193852;1.59245760651708;0.2;0.332483362424187;2.28761292807344;2.54324675381519;2.8;2.8;2.8;2.8;2.48706253292791;0.390980969977536;0.2;0.920285887181639;2.03326453530903;1.10082775113185;0.519263789047527;0.12;0.12;0.12;0.114536395830396;0.0255799443090553;0;0;0;0;0;0;0;0;0;0;0;0.0625741532613714
0.213220304922586;0.129500466319732;0.973746679770393;0.17824312519965;0.32729469304748;0.0576502929535694;0.262774476682098;0.570738822659766;0.570453765160655;0.458864420000889;0.169068390610628;0.076279315071879;0.130493876841664;0.177191763948873;0.0202548407776015;0.104285573080011;0.944968034777255;1.87329034072021;0.834631957678554;2.8;2.74987687521461;2.53124178660166;2.79834735761653;2.8;2.8;2.79838118347195;1.75480280585502;0.2;0.2;0.457309782219316;0.32824373840318;0.168188791745815;0.12;0.12;0.12;0.12;0.109298781480594;0;0;0;0;0;0;0;0;0;0;0;0;0.106520934867533
0.827414071528007;0.561052315870726;1.63788465240591;1.09477150941635;1.06016121040732;0.608521791089326;0.530536446777917;0.30274691749733;0.04;0.04;0.04;0.04;0.0682121590053663;0.150447814728736;0.0417111624309328;1.31386157866601;1.83392711904676;2.72664161245019;2.7286423102952;2.8;2.77522735978031;2.71324698451813;2.72874230292219;2.76181695730407;2.76553316662923;2.54003609430155;1.89512177993707;0.2;0.391754690119179;0.240765450893474;0.2;0.175293020666298;0.12;0.12;0.12;0.12;0.0694750753400062;0;0;0;0;0;0;0;0;0;0;0;0;0.022928135482684
1.71801489486685;1.92;1.80065152113818;1.06062954295995;0.905829941255402;0.0683738725454634;0.04;0.04;0.04;0.04;0.04;0.0336541638608388;0.00110451662739091;0.0189858820401933;0.018398073525059;1.28698673799833;2.40154028837121;2.8;2.8;2.8;2.8;2.6591379584206;2.52758903850981;2.55734305610624;2.58617130903101;2.52;1.77603753740317;0.497083325458318;1.74634013001442;0.459888784263562;0.2;0.180179428874049;0.0710247169378108;0.113715617075974;0.12;0.111042138162843;0.105557958237652;0.0476394564819596;0;0.000361497604898432;0;0.11281595767381;0.252168512093089;0.0347560076637263;0;0;0;0;0;0
0.936864439694997;1.72571439577035;1.30124124223286;0.488747294847535;0.116633145163507;0.04;0.04;0.04;0.04;0.04;0.04;0.0328246538815358;0.0563052601596766;0.0408221500153557;0.268909369078779;0.622533698706888;1.79015789486654;2.8;2.8;2.73067336649111;2.63169799035555;1.77349067692065;2.41601855536214;2.52;1.95736428654786;1.89227010455299;0.929791567122774;2.52;2.40094962480294;0.491824911568121;0.2;0.127356249221193;0.000583786852933638;0.0240967868943103;0.0425034379106015;0.0688777488015017;0.0658489654399764;0.290158322861469;0.980432763758302;0.479849350904689;0.338993972846715;0.881725592347531;1.04;0.656395205295201;0.882831255520198;0.475410005006567;0.380752328133865;0.108900412472431;0.185577405464463;0.18815076492156
1.4446930014984;1.654484304841;1.69877153655779;0.5897690433672;0.04;0.04;0.04;0.04;0.04;0.04;0.213810590035984;0.04;0.110953341225016;1.37593842663511;2.12066098587452;2.14471953484299;2.67539092553895;2.69767598351869;2.63902775879835;2.52;2.51327019273767;0.959156396171994;1.03592112965431;1.22951624695699;1.47404276027382;2.15441226816595;2.36397851608418;2.31642607604759;0.766838531931063;0.0703060446532805;0.123816416658058;0.00888366551255617;0;0;0;0.0335195887323248;0.0609498861657123;0.575253957715314;0.179190301980777;1.06710769120754;1.05604986425039;0.754230454271326;1.04;1.04;1.04;1.04;1.04;1.04;1.04;0.983544564622611
0.883864258223811;0.365280302429228;0.88114251065151;0.827378056096075;0.04;0.04;0.04;0.04;0.04;0.04;1.01686139098287;0.496021900297701;1.24359654729312;2.35591546271174;0.937733872936586;0.2;1.11620126892738;2.4893809889625;2.52;2.52;2.52;0.2;0.2;0.2;0.285316096022731;0.575775954643198;1.45029471908417;0.658892315864131;0.128063613861625;0.0689615844110637;0.11378357220126;0.000413842821944669;0;0;0;0;0.00724162882653728;1.87165811773561;1.71683746477731;1.64448652732969;0.891209724117467;0.29897663378394;0.928712189210489;0.768363620926114;0.850844724869248;1.04;1.04;1.04;1.04;1.04
1.47230126564381;0.519295995880462;1.65002940641357;0.817726877731169;0.324595429221079;0.0568856022776706;0.0427424646166153;0.0403864268963009;0.0778786115903145;0.508810846839137;1.14343505394164;1.16;1.16;0.800484712498397;0.2;0.2;0.2;1.99005729697084;2.52;2.52;1.88702326140483;0.2;0.190616613923754;0.0783280483175581;0.154681445059579;0.16;0.16;0.16;0.16;0.116437639264591;0.0184301884092669;0;0;0;0;0;0;1.87814061650075;2.36;2.35492044666974;2.36;1.65664103429356;0.443681994907417;0.12;0.161756693844688;0.828822021586663;1.04;1.04;1.04;1.04
0.913113257676549;0.523600846006563;1.50978188701316;1.42781529559048;1.15608428436257;0.790314980964739;0.336468460287689;0.0542914206112409;0.160933203076201;1.08135991482809;1.16;1.13893143542222;0.511601469026739;0.0958716438017786;0.2;0.2;0.2;0.336561929659567;2.49912494531022;2.51405829555188;0.67075332693912;0.2;0.124017487238341;0.032638191011779;0.0654014801593598;0.125917019970273;0.16;0.147797984960559;0.0728687372528598;0.0330686584588929;0;0;0;0;0;0.00179116508890883;0.62790178502019;1.94495587225466;2.36;2.36;2.36;2.36;1.24;0.163163824554156;0.64385955612088;0.536068191061851;0.61778213325743;1.02189005240683;1.04;1.03520676687315
0.666601642073684;0.16;0.420658685577519;0.730067828350549;1.6;1.6;0.896363732568135;0.114265862847617;0.0484451097973157;0.58374015622046;0.812285627149418;0.446094559857509;0.04;0.0835938178997097;0.197684653372878;0.438480835754797;0.67463007423061;0.2;1.85041435616969;2.16742772973254;0.198023021005065;0.177195862447154;0.136348740237628;0;0;0.08;0.148124999667983;0.0310038892136266;0.119343179133072;0.128250899419697;0;0.0550370790421342;0.0379875502590793;0;0;0;1.86064632475124;2.36849179831677;2.36;2.36;2.36;2.36;1.13596312581999;0.645750814966658;1.04;1.04;0.795826372032723;0.462850212850097;1.01070063522456;1.18321995275585
0.297380844449859;0.510296055531631;0.446428799734637;0.851784016737071;1.6;1.6;1.44055567547463;0.996019026215375;0.523284984228176;0.0618994994033623;0.0642671035954729;0.0702956602426246;0.0738158819001392;0.0423422785372473;0.247298088030239;1.37676199548432;1.92120275227282;1.8229149731531;2.49178399248277;2.30860321068435;0.163345355699354;0.109198446175811;0.0248342400802299;0;0;0.101306235233289;0.16;0.16;0.16;0.155549861549794;0.0269121434957309;0.126508812162156;0.0557825125218115;0;0;0;0.0315423798152005;1.65475425694908;2.10151926135047;1.85707761548413;2.36;1.99586380460182;0.491935019950827;1.03852317536048;1.04;1.04;1.04;0.765223534917889;0.509395353604987;1.55859211987917
0.728704151419621;0.352098986639226;0.654074820468544;1.4694275718103;1.6;1.6;1.6;1.3901188785878;0.243762091387056;0.125525991265047;0.12;0.12;0.119913120803407;0.251860707848472;1.34561090384881;1.51451479079109;1.9523677604622;2.65911099329476;2.77463253212944;2.35811819913805;0.0969140611432088;0;0;0;0.0585194604968148;0.157574888486847;0.16;0.16;0.16;0.16;0.147141732129334;0.144851689970469;0.0144737990276247;0;0;0;0.294873056927509;0.999491384831447;0.747040767739583;0.329179422157756;1.77379861946329;1.7933457721608;0.375771865415173;1.01834767062507;1.04;1.04;1.04;1.04;0.824809396113342;1.17594252170518
1.6;1.39407868502053;0.323553500920711;1.15603373628879;1.6;1.6;1.5388563845528;0.947269424407888;0.371984091168704;0.12;0.12;0.12;0.396119204708211;1.16856143831638;1.58030525409088;1.68;1.66639769836028;1.92044571407466;2.51916123800972;2.39614340706654;1.08345319392341;0;0;0.0445009890315263;0.149689786364793;0.16;0.16;0.16;0.16;0.16;0.241470015221023;1.51339444049513;0;0;0.134317631711466;1.24610709684855;1.34388629948694;0.16;0.162549725451251;0.240277158319783;0.328319539297093;0.510095114519628;0.239992150096687;0.642035140337412;1.036076723754;6.89637843026848;21.9703518383824;1.31070057742677;19.0989964316811;0.648364630115426
1.6;1.6;1.0697455134687;1.6;1.6;1.6;0.537269942492225;0.606906390420068;0.983161403210182;0.769109622040509;0.503478817148972;0.605971964463964;1.30506277664763;1.48;1.60254591704346;1.68;1.60427477180287;1.52;1.52;1.52;1.47573633159169;0.787214044127828;0.216986902283598;0.15696505799211;0.16;0.16;0.16;0.16;0.16;0.16;1.16984804130511;1.56660131706055;0.0770659672204784;0.0228677242635275;1.90254204527282;2.44;1.62275845729299;0.16;1.14651834125676;0.470475662636094;0.278331310359969;0.304461113116088;0.89487586126668;0.786873123973562;0.681441156862255;7.84264371045808;60.9202416753934;42.2409830872658;49.0583433587128;0.973559024702159
1.6;1.6;1.6;1.6;1.31410833164484;1.45687928933903;1.58538614940704;1.48837752493241;1.48692038825657;1.51988718164992;1.50559975437028;1.48;1.50836967828583;1.58051727090706;1.6419174710202;1.68;1.59929642945628;1.52;1.52;1.52;1.52;1.52;1.40004025345428;0.316210773166422;0.16;0.16;0.16;0.16;0.16;0.278582326489404;1.95851141499626;0.818781746777856;0.0563010687654838;1.40272322577217;2.44;2.44;1.05794715454488;0.739594573385141;2.28237989659026;2.09172201630226;0.434974434346264;0.283734510128005;0.896168371469798;1.04;10.9443189195932;1.04;33.423621015131;69.7804764646813;35.52;1.04
2.56123596361111;1.82618174041707;1.96895662413343;1.46144547445811;0.539948750478982;0.676147245788824;1.40582889245954;1.6701272374832;1.53763659606188;1.68;1.65902085425974;1.54861672850419;1.63860707074495;1.68;1.68;1.67503802034919;1.54791402526104;1.52;1.52;1.52;1.52;1.52;1.52;1.00193094636201;0.418454056434705;0.986763259805246;0.339956445396595;0.16;0.16;0.782486722531615;1.9572323458837;0.225986960108322;1.23007920114259;2.42456292920991;2.44;2.44;2.01430843514534;2.34864080504704;2.44;2.44;2.09262403343099;0.38532509328701;0.434796424263625;0.796421816830745;19.6338417398447;43.4924787186686;32.6358951140254;61.2150184608089;34.420246302706;1.04
2.88;2.88;2.88;1.60639924915902;0.880058952726237;1.57055685894258;1.61038580799239;1.68;1.68;1.68;1.68;1.68;1.68;1.68;1.68;1.64661306635794;1.52;1.52;1.52;1.52;1.52;1.52;4.11352129476187;41.4684088962063;12.3086356234759;1.52;0.622691759082489;0.2088259096995;0.16834386353354;1.34578322640853;1.54108875379432;0.932851849669187;2.44;2.44;2.44;2.44;2.44;2.44;2.44;2.59251389825594;2.95678341305116;0.923293864810229;1.95372554368034;1.03971949979706;1.04;63.3303471153688;70;61.1376074615396;8.00353065858881;1.04
2.86956152331382;2.84530312158912;2.88;1.9270257731298;0.644731670482777;1.6;1.6381777831941;1.68;1.68;1.68;1.68;1.68;1.68;1.68;1.67502993823123;1.54955827995967;1.52;1.52;1.52;1.52;1.52;1.52;40.8332334250413;86.5429952255723;5.31396616382513;1.52;1.4944795851382;1.52;0.765261193267136;1.37760942166274;1.23473318526201;0.544039555648563;2.35493593235011;2.44;2.44;2.44;2.44;2.44;2.44;2.7;2.96;2.94525063088867;2.95311454844784;1.8967247484535;1.04;8.61314646754514;4.98717074757703;44.6434060359308;16.4799759326933;11.2805556753107
1.61611484304666;1.86505102353305;2.69852385215163;1.71860163207465;0.221230203096869;1.24241167322898;1.6519367194294;1.67600990214688;1.61745276249267;1.68;1.68;1.68;1.68;1.68;1.61696007733613;1.52;1.52;1.52;1.52;1.52;1.52;1.52;82.4209919678759;76.1038219200744;1.52;1.52;1.52;1.52;2.18800082420477;2.16;1.87631649692281;1.24905677520328;2.29332723570899;2.44;2.44;2.44;2.44;2.44;2.44;2.69278529252759;2.96;2.81626720977733;2.60036407419981;1.9385761826287;1.04;1.04;1.04;55.3519577863584;49.341025570422;66.8904043682053
1.6;1.6;1.6;1.6;0.606205618666843;1.81189946722536;2.29320939961902;1.48024996849103;1.48;1.60113031244411;1.68;1.68;1.68;1.6680007573081;1.53838390006068;1.52;1.52;1.52;1.52;1.52;1.52;20.621731693744;101.223395163704;48.6491673261389;1.52;1.52;1.52;1.52;2.18624433244478;2.16;2.16;2.16;2.17090963745393;2.43609974806202;2.44;2.44;2.44;2.44;2.44;2.66186955561717;2.96;2.84783139401162;2.55929146049582;1.92898979967693;1.04;1.37469156552596;41.8843149844415;67.5694473649718;31.026700392637;26.0408978639715
1.6;1.6;1.6;1.6;1.46392425143681;2.64092520674424;2.74793978524483;1.5026541893426;1.48250885143359;1.48297126451602;1.6222202465366;1.68;1.68;1.59582103921436;1.52;1.52;1.52;1.52;1.52;1.52;1.52;31.508827913077;98.3781038959252;43.2599591590673;1.52;1.52;1.52;1.61941665000541;2.2369696163096;2.22415938040293;2.16229290310688;2.16;2.16;2.36699351482511;2.44;2.44;2.44;2.44866117945921;2.60954696996347;2.76201009622723;2.96;2.87939489717512;2.54609581858427;1.90720248508264;1.29158878214462;10.3617089796389;63.0497930545654;51.3885366771747;2.36;2.36
1.6;1.6;1.6;1.6;1.6;2.01190457194942;2.01273612529642;1.6307369402531;1.61602073678376;1.56387587779166;1.52473753605523;1.68;1.65557238649469;1.52627471403583;1.52;1.52;1.52;1.52;1.52;1.52;3.72569389115222;87.6624231960789;91.4268927416868;7.68083329213832;1.52;1.52;1.52;1.57501125485368;2.24568371565243;2.60534222898978;2.29213970218529;2.16;2.16;2.53402366482059;2.44137496983288;2.44;2.44;2.44830167542719;2.96;2.96;2.96;2.89778783643205;2.32793538729013;1.2438866011076;2.15953773411923;1.47818187915127;43.4674330700856;6.34745861616952;2.36;1.87281649205325
1.6;1.6;1.6;1.6;1.6;1.6;1.6;1.60936339372682;1.6787507475202;1.68;1.5060664359887;1.6208051483224;1.60049950330694;1.52;1.52;1.52;1.52;1.52;1.52;1.52;2.16288276547864;104.56;104.56;16.0971550322987;1.52;1.52;1.52;2.07662441411963;2.64;2.64;2.64;2.16001935365293;2.32354441824872;2.94923639049154;2.47510972798684;2.44;2.44;2.44;2.96;2.96;2.96;2.69635605573549;2.3674147626436;1.8038643152894;1.35720289391191;1.04;3.73383546799656;1.04017424216158;1.60221644795873;0.439908687367101
1.41822560708271;1.38646717442013;1.42179412070907;1.59284842776966;2.5741099167645;2.38131003516312;1.6;1.6;1.64792730543698;1.68;1.58255908244057;1.59242866416555;1.56692624662016;1.52;1.52;1.52;1.52;1.52;1.52;1.52;22.3618536630051;103.595772033757;104.56;52.480726792148;1.52;1.52;1.52;2.48802902599171;2.64;2.64;2.64;2.43285845442486;3.54680197984875;3.22532624016766;2.95846827760746;2.44;2.44;2.44;2.9426386374318;2.96;2.88322516269753;2.4613677226687;1.91250639103331;1.04;1.04;1.04;1.04;1.04;1.03969477984971;0.370811112739554
1.2;1.2;1.2;1.76593687268903;2.83990320588719;2.67509350717242;1.64136246048288;1.90396848689425;2.23631644623817;1.71988669422122;1.57793373230799;1.59797699451445;1.52874931457139;1.52;1.52;1.52;1.52;1.52;1.52;1.52;2.41581424678145;24.9350444972334;94.5776926629547;24.1965309943571;1.52;1.52;1.62745386831515;2.53572983374843;2.64;2.64;2.64;3.17141129147882;4.08;3.64116537777903;3.05775648050272;2.45342009414877;2.44;2.48005872269968;2.92689564474854;2.93814773875404;2.64992476672944;2.66645112183281;1.93182226090203;1.04;1.04;1.04;1.04;1.04;1.04;0.837375403971961
1.2;1.2;1.73880358041165;2.45689488429226;2.8;2.73104613647755;1.48512412396768;2.21496268607546;2.8031957942923;2.06664544638842;1.51334813307082;1.64257081037124;1.52;1.52;1.52;1.52;1.52;1.52;1.52;1.52;1.52;24.6027504622419;84.9726853427676;1.52;1.52;1.52;1.91788570146991;2.64;2.64;2.64;2.71544202484305;3.75803378305238;4.08;4.08;2.93685842324523;2.44;2.44;2.58175881139874;2.8953481135038;2.63395311533347;2.6544185344619;2.9507519518287;1.22194630398101;1.04;1.04;1.04;1.27450012121988;1.04;1.0243343817938;0.714643499651428
1.2;1.2;1.30228392639351;2.50173128251667;2.62830181598639;1.47222387530481;1.2;2.47698615305685;2.8;2.37861754917267;1.52244169057584;1.60273811280156;1.52;1.52;1.52;1.52;1.52;1.52;1.52;1.52;32.3342173048113;11.3579988130735;1.52;1.52;1.52;1.52;2.32767691277323;2.64;2.64;2.64;2.92589710755218;4.08;4.08;4.08;3.03250542712537;2.44;2.44;2.47169955310658;2.51314382687716;2.68141088603828;2.66841294806341;2.58756245966799;2.07228456144205;1.79405052891681;1.70467141586179;1.70467019813485;1.78879532957986;1.30711811286181;0.562955609750158;0.12
1.2;1.2;1.2;2.14274198864337;2.04868824376432;1.2;1.2;2.37790286121517;2.75010278899036;2.57382107104323;1.63308965637615;1.30050878454306;1.33292354037166;1.46879766775721;1.52;1.52;1.52;1.52;1.52;39.7731515776683;93.3475918999122;13.2319474698642;1.52;1.52;1.52;1.52;2.6235912208695;2.64;2.64;2.64;2.83793564955946;3.99786383816621;3.87080781915509;4.08;3.47945338888265;2.66700078877834;2.77199156127494;3.08937132449817;2.47914121198791;2.6389127738966;2.90028564498687;1.37287861974906;1.24862006996462;1.75684063953947;1.04;1.04;1.04;1.04;0.929936615704348;0.489723227517149
1.2;1.2;1.2;1.29718756862469;1.31483494930919;1.2;1.2;1.24349680231305;1.2;1.2;1.2;1.2;1.2;1.21438475970485;1.3193020804118;1.4743690696354;1.51867420180486;1.52;29.1094953086987;103.325960817685;91.3248775857337;2.58014804928675;2.53493719387283;1.52;1.52;1.52;2.55573733384497;2.64;2.64;2.64;2.7499760900259;4.01939579590895;3.36828807543938;3.60412049380224;3.13313437741764;2.81858322379901;3.27459669657465;3.97907328496668;2.82092818268157;2.57759305404305;2.54965249579331;1.04675729292631;1.05704652325328;1.46226720420935;1.63618097072663;1.04;1.04;1.04;1.04;1.04
1.2;1.2;1.2;1.2;1.2;1.2;1.2;1.2;1.2;1.2;1.2;1.2;1.2;1.2;1.2;1.2;1.49292297962531;1.52;7.79301632932746;76.2116931327851;83.4077734434529;70.785266865746;10.7209925938363;1.52;1.52;1.52;2.48714509038776;2.64;2.64;2.64;2.66201842896994;4.08;3.84710833169388;3.39766300382726;3.1773086894036;2.92569346572752;3.46326658763087;4.06555760317817;3.29764137963996;2.935411174841;2.6537776291202;1.9776485473455;1.22286696279721;1.04;1.04;1.04;1.04;1.04;1.04;1.01810555490338
1.2;1.2;1.2;1.2;1.2;1.2;1.2;1.2;1.2;1.2;1.2;1.2;1.2;1.2;1.2;1.2;1.47321087362133;1.52;1.52;8.86375000367659;4.87157473634705;2.67546788394272;1.52;1.52;1.52;1.52;2.41855432743318;2.64;2.64;2.64;2.64;4.08;4.08;4.08;3.07046819990763;4.08;4.08;3.39661247485716;3.08917642437317;2.96;2.94130893585986;2.31093271237346;1.09164069557957;1.04;1.04;1.04;1.04;1.04;1.03927577402856;0.950202667778313
1.2;1.2;1.2;1.2;1.2;1.2;1.2;1.2;1.2;1.2;1.2;1.2;1.2;1.2;1.2;1.23664057176919;1.49475603499496;1.52;1.52;1.52;1.52;1.52;1.52;1.52;1.52;1.52;2.34996504500471;2.64;2.64;2.64;3.01516589767133;4.07207613211804;4.08;3.75168182318256;2.9660582841848;4.08;4.08;3.77587183163786;3.25101197898818;2.96;2.96;2.52756171643256;2.18528445269708;1.04;1.10870163051097;1.53119087252152;0.938748448922392;0.929889994164137;0.922639840372331;0.942318212569189
1.2;1.2;1.2;1.2;1.2;1.2;1.2;1.2;1.2;1.2;1.2;1.2;1.2;1.2;1.2;1.2506032553453;1.52;1.52;1.52;1.52;1.52;1.52;1.52;1.52;1.52;1.52;2.28137724311408;2.64;2.64;2.64;3.51477673438829;4.08;4.08;4.04574698007621;3.78124592289054;4.08;2.60775768318817;1.93598297264775;2.30536165574729;2.96;2.96;2.70396593294502;2.24642609579061;1.06870178990322;1.38240533550448;1.18243611151787;0.92;0.92;0.92;0.92
1.81248869703151;1.63612108326359;1.2;1.2;1.2;1.2;1.2;1.2;1.2;1.2;1.2;1.2;1.2;1.2;1.2;1.23088668893948;1.52;1.52;1.52;1.52;1.52;1.52;1.52;1.52;1.52;1.52;2.21279092178475;2.64;2.64;2.65322997666305;3.70068019788194;4.08;4.08;4.08;4.08;4.08;1.85163540059878;2.01453008820658;2.19950345956806;2.56105646251171;2.96;2.33855039676522;1.84;1.84;1.84;1.64215686487155;1.06048966792792;0.92;0.92;0.92
2.8;2.57014570108051;1.20728620953107;1.2;1.2;1.2;1.2;1.2;1.2;1.2;1.2;1.2;1.2;1.2;1.2;1.20755054202831;1.44643919306615;1.52;1.52;1.52;1.52;1.52;1.52;1.52;1.52;1.52;2.14420608103108;2.64;2.64;2.73342644899003;4.08;4.08;4.08;4.08;4.08;4.08;2.40523751052583;3.60806393640162;4.08;1.81059935735124;2.3754079929586;1.52855901141712;1.84;1.84;1.84;1.84;1.38;0.92;0.92;0.92
2.8;2.89808713812776;2.71122805960095;2.39888085435377;1.60632031389247;1.2;1.2;1.2;1.2;1.2;1.2;1.2;1.2;1.2;1.2;1.2;1.37465672585107;1.52;1.52;1.52;1.52;1.52;1.52;1.52;1.52;1.52;2.08638418791834;2.64;2.64;2.65371389323063;4.08;4.08;4.08;4.08;4.08;4.08;4.08;4.08;4.08;2.29837118324004;0.709127168805051;0.580049616687686;1.83252912248361;1.84;1.84;1.76685993906994;1.25878765094397;0.92;0.92;0.92
2.8;2.8;3.00045532732295;3.2;2.56726278560469;1.2;1.2;1.2;1.2;1.2;1.2;1.2;1.2;1.2;1.2;1.2;1.27286343515791;1.50444376741262;1.52;1.52;1.52;1.52;1.52;1.52;1.52;1.52;2.46816026596996;2.64;2.64;2.58318695513028;4.0799445174112;3.70410588795728;3.61016392772917;4.08;4.08;4.0679608686503;3.8954236932423;3.62626699881988;2.84288002212896;1.82242243664625;1.28301137493613;0.134710913739854;0.691203163423063;1.84;1.84;1.65383993906892;0.966891591552944;0.92;0.92;0.92
2.8;2.8;3.06945162126747;3.2;2.77542585331048;13.9053354858615;73.2576313416693;115.357764481133;30.2084767102678;1.2;1.2;1.2;1.2;1.2;1.2;1.2;1.2;1.26446001240099;1.29081310477629;1.44594443667336;1.52;1.52;1.52;1.52;1.52;1.60187314441975;2.54498560442656;2.34639175497787;1.9758046048265;1.85757208695601;2.35630173090868;1.56647001637875;1.40891668110225;1.66809791897535;1.45382479715645;1.24659936153889;1.2;1.2;1.53384873303284;2.28;2.25305710410696;0.12;0.572899169114951;1.77410013929413;1.84;1.84;1.43793398531544;0.92;0.762955624743858;0.92
2.8;2.8;3.1318669150658;3.2;3.2;35.9488675771898;91.6466601664037;129.8;64.7723332747512;1.21827405060011;1.2;1.2;1.2;1.2;1.2;1.2;1.2;1.2;1.2;1.31807036831975;1.52;1.52;1.51612801999673;1.49428550002128;1.47033644953929;1.47854492996894;1.47603036815766;1.29766861848682;1.2;1.2;1.2;1.2;1.2;1.2;1.2;1.2;1.2;1.2;1.26915057675604;2.11685119949316;1.9626494460859;0.554706505342559;0.12;0.676496678504145;1.82086401718784;1.84;1.78762657823967;1.71856225524712;0.990970206779213;0.907829193494283
2.8;2.8;3.10703080757335;3.2;3.2;3.2;3.2;26.4451940257374;103.090239843057;3.78645554088648;1.90717257285738;1.33504170433062;1.2;1.2;1.61648599971551;1.52797177737942;1.2;1.2;1.2;1.2710880748641;1.50572913015343;1.36683709537821;1.20269135850444;1.2;1.2;1.2;1.2;1.2;1.2;1.2;1.2;1.2;1.2;1.2;1.2;1.2;1.2;1.25943595025713;1.96801437710873;2.28;2.16888097032382;1.17186704553013;0.12;0.402828929232143;1.76188111538683;1.84;1.6668288504424;1.31426095506767;0.63546308334403;0.517729111712929
2.8;2.99237510035893;3.19652792209222;9.93984504508043;3.49157203482334;3.2;3.2;3.4809420943162;79.3404283608995;91.5433912917037;3.2;2.86776523587461;2.68697936437558;2.83762929203222;3.07528101791628;2.85121444233599;1.2;1.31877046558617;2.57305475760689;2.37968834900588;2.15286037223059;1.92215683080256;1.73242459175326;1.6428635656513;1.21529058103519;1.2;1.2;1.2;1.2;1.2;1.2;1.2;1.2;1.2;1.2;1.2;1.2;1.58904998749564;1.59582639186667;2.28;1.95127547475759;0.366557217442525;0.12;1.02580907765997;1.84;1.84;1.40576376242261;0.92;0.700416058013249;0.91937129190569
