0.824930032908589;0.91473539749921;0.768697035907368;0.76;0.76;0.76;0.76;0.685831889302691;0.391323706469196;0.32398572918581;0.519527793210681;1.92138780783048;2.35195570618568;2.88661859028042;2.92;2.01775822761557;1.49693633113708;1.73132433813926;0.869965409106847;1.87759493869371;2.5550956229857;2.89756995936211;2.92;2.16464297715201;2.23460948852533;2.64953880515588;1.98923569191112;1.7909086270469;1.5880744847384;1.36;1.42664386547147;1.50653187975058;1.3800686384358;1.32;1.32;1.04981066050942;1.22813696559028;0.666780261346977;0.229985289558334;0.884673115800349;1.16;1.16;1.16;1.16;1.16;1.16;1.16;0.59492666332855;0.635196892679001;0.184872455224541
1;1;1;0.785406016816879;0.7357779647255;0.649737984510511;0.670750083583561;0.379703148053803;0.41592983938155;0.935437901202262;0.343031389985279;1.61411579799196;2.16;2.30704617807634;1.95489249395518;0.58896131197731;0.16;0.16;0.16;0.16;0.180173165742985;1.06278796883947;1.5960806816071;0.777373348163647;0.163112727409601;0.629646153075785;1.36;1.36;1.36;1.38484205491384;1.50994923176919;1.52;1.43815058302523;1.32;1.32;1.08300322509715;0.273690636302501;0.417596822870895;0.914305096592894;1.06777896043804;1.16;1.16;1.16;1.16;1.16;1.16;1.16;1.043589366355;0.60061425336822;0.16
0.947681892393957;0.989536244119785;0.965082124082756;0.840271784342487;0.658214161313803;0.535553430714383;0.225939091047726;0.122452368901082;0.0893560030633584;1.78084275120716;1.15820422819727;1.26952835803808;2.16;2.16;1.22833086158148;0.308195297628607;0.16;0.474527714043157;0.310379071183461;1.86539110182929;0.814278473381698;0.982927291046362;1.14800618826672;1.31302486959891;1.47798333490519;1.52;1.41104431997875;1.36;1.36;1.44396132005248;1.52;1.52;1.18321853465006;0.795561380312722;1.32;1.32;1.11094595838583;0.435093544092832;0.927120841803699;1.20346637258578;1.16;1.16;1.16;1.16;1.16;1.16;1.16;1.16;0.632535453417758;0.162466288778358
0.84;0.864931204374135;0.869193157221212;0.84;0.84;0.83536683482419;0.584146674747491;0.101108768078694;0.204414918076548;1.68429804420771;1.88442299719624;2.16;2.16;2.16;2.16;1.70399312172642;0.580849650195395;1.66558919487824;0.87121228279595;1.07589399800933;1.52;1.52;1.52;1.52;1.52;1.52;1.4045631038332;1.36;1.36;1.47524839098146;1.52;1.37811663871229;0.245457188399898;0.276520301889048;1.32;1.32;1.03646868974276;0.262755849123818;0.978172758933026;1.16;1.16;1.16;1.16;1.16;1.16;1.16;1.16;1.16;0.848376827138709;0.840371253655135
0.84;0.84;0.84;0.84;0.84;0.84;0.84;0.60643346977229;0.0757541617195985;0.0794687955391608;1.48881711869127;2.1232108083471;2.16;2.16;2.16;2.06934677701444;1.28794365014023;1.21764524881588;1.4609094785985;0.497661327916004;1.36854147574232;1.52;1.52;1.52;1.52;1.52;1.46525454589313;1.36062201566543;1.39856942082812;1.52;1.52;0.900983693047536;0.12;0.500389968014367;1.18888672437407;1.11232880882597;0.7;0.599596616055306;1.21630800651624;1.16;1.16;1.16;1.16;1.16;1.16;1.16;1.16;1.16;1.16;1.1098912122162
0.84;0.84;0.84;0.84;0.84;0.84;0.84;0.84;0.828127131286981;0.567218971588586;0.84;1.95303360746582;2.16;2.16;2.16;1.97928151822795;1.52;1.52;1.52;1.38062632336904;1.49966891533731;1.52;1.52;1.52;1.52;1.52;1.52;1.42643855606672;1.38470798096713;1.52;1.52;1.13437279126422;1.00192870493798;0.728925522985938;0.2869866223698;0.155348944970617;0.397576573428124;1.26975354072612;1.1778756525753;1.16;1.16;1.79352412350802;32.9115440858804;25.9429180511487;9.4326244366552;1.16;1.16;1.16;1.16;0.713020335611548
0.84;0.84;0.84;0.84;0.84;0.84;0.84;0.84;0.84;0.84;0.950647565217714;1.65270241107002;2.09258686047796;2.16;2.16;2.16;1.52;1.52;1.52;1.52;1.52;1.52;1.52;1.52;1.52;1.52;1.52;1.50798994895434;1.50676926002824;1.52;1.52;0.34052652214327;0.241624560344827;0.12;0.0873213908164917;0.417431599152193;1.10848920913509;1.38729164242121;1.60274366456708;1.82976802885113;18.2504950286065;67.956939356768;61.2355810272344;29.5308314301753;32.4306420199469;1.16;1.16;1.16;1.16;1.11635386665782
0.84;0.84;0.84;0.84;0.836668057188392;0.821140902949828;1.54160772392215;1.57895331645487;0.777882036825655;0.809296379306705;0.84;1.00005396534819;2.02414279485073;2.06027921391148;2.07329219783533;2.16;1.96252805640203;1.52839943691337;1.52;1.52;1.52;1.52;1.52;1.52;1.52;1.52;1.52;1.52;1.52;1.51336402559144;0.837717686607329;0.314646288604367;0.12;0.293162916014014;0.898942666756595;1.36;1.84433639022163;3.05865873580591;3.56;3.56;1.61568175929785;21.1028693900647;65.0783026388383;45.4271007418842;48.8374347097784;53.3746548143584;1.16;1.16;1.01378498647995;0.433214945280036
0.836423024841584;0.835522661310694;0.84;0.74325347216768;0.0854711006129505;0.535444558198773;1.12973496583747;0.315420640496817;0.120327908909071;0.649290740500894;1.45743978487203;1.02174119908621;0.879386114900679;0.84;1.14855845402304;2.16;2.16;1.98623070098746;1.52;1.59523452611476;1.52;1.52;1.52;1.52;1.52;1.52;1.33206527196464;1.28013949188107;1.17708289258608;1.4884479157992;0.466846311531062;0.246597614817195;0.896447807081444;1.33941688022008;1.36;1.36;1.69200874591758;3.56;3.43572323674883;1.9725557893496;1.32560449033375;32.0583627057503;14.6206769012474;9.70725534245937;6.91359093497637;4.74223686980571;1.16;1.16;1.07869361833786;0.16
0.18234995906119;0.525532499090125;0.84;0.35821826578658;0.04;0.0693777959648829;0.12;0.12;0.12;1.2800502110839;2.00509975998951;2.05891574045029;1.65853560636286;1.57922723090225;1.7554977598498;2.16;2.16;2.1537215783056;1.94774977035299;2.08407760358317;1.68033841857933;1.52;1.52;1.52;1.21450909933359;0.798169055114966;0.180272166836339;0.289663109991946;1.01261748334693;1.52;1.259025407375;0.930072129785771;1.37686510863605;1.36;1.36;1.36;1.86658657117818;3.56;2.82181699734546;1.38607996291364;1.3405869441169;1.76808277264195;1.27368962144712;1.19766245475598;1.17464705194544;1.16;1.16;1.07809360551398;1.15836841698685;1.07534634855576
0.04;0.148858348072477;0.614945845556689;0.703515933355349;0.546178027720354;0.224060604990932;0.827291217316604;0.645837436577026;1.20199096422384;1.46933821298965;2.02015577214703;2.16;2.16;2.16;2.16;2.16;2.16;2.16;2.1554926907162;1.98438925556466;1.62512625863439;1.52;1.52;1.52;1.10623533612912;0.12;0.12;0.12;1.09220476388874;1.44161207111571;1.42183169593141;1.37904779341345;1.36;1.36;1.36;1.36;2.65688454474206;3.56;3.50067052665187;1.60740971664663;1.36;1.36;1.36;1.36;1.33480494994123;1.30179620058564;1.14160207359343;0.312066785512626;0.72362474973451;0.120925057355169
0.0411167771342947;0.391787126422318;0.796455386490556;0.84;1.32043642033595;1.65809559218404;1.8;1.8;1.8;2.04169632313492;2.16;2.16;2.16;2.16;2.16;2.16;2.16;2.16;2.16;1.98849556887358;2.15230739053288;2.00107146786342;1.52;1.52;1.52;1.14334484024228;0.986275857522152;0.845792027005235;1.35346663729629;1.36;1.36;1.36;1.36;1.36;1.36;1.45054882730741;3.23551212742329;3.56;2.58666358601784;1.36;1.36;1.36;1.36;1.36;1.36;1.36;0.47164898825169;0.962285922675792;0.101302436112791;0.209601761878629
1.58544006461828;1.62595544177682;1.41676313623488;1.29352857179141;1.4173753676821;1.8;1.8;1.8;1.8;1.8;1.9389198565022;2.16;2.16;2.16;2.16;2.16;2.16;2.18049312860589;2.474288709345;3.02425320639741;3.16;3.16;2.16419537868609;1.52;1.52;1.52;1.52;1.46931167159341;1.36;1.36;1.36;1.36;1.36;1.36;1.36;23.8797531545913;28.5946023236055;3.56;1.37802987335128;1.36;1.36;1.36;1.36;1.36;1.36;1.36;1.35728573937523;1.36;0.746662144983046;1.09506316845644
1.68;1.68;1.68;1.54243239515394;1.48699005573466;1.73057437867264;1.8;1.8;1.8;1.8;1.99267710834899;2.16;2.16;2.16;2.29519604812609;2.41692117535393;2.7736801495304;3.14750395197072;3.16;3.16;3.16;3.16;3.16;2.66007879016884;1.71291169159966;1.52;1.52;1.48478319273926;1.36;1.36;1.36;1.36;1.36;9.80663792555764;60.6464707137133;110.399378643626;99.1191952081302;33.8205834734985;1.36;1.36;1.36;1.36;1.36;1.36;1.36;1.36;1.36;1.36;1.36;1.36
1.68;1.68;1.68;1.54390194180165;1.48;1.56564764406864;1.8;1.8;1.8;1.8;1.84841877542806;2.14911659724812;2.16;2.35324354892066;3.1498625246809;3.16;3.16;3.16;3.16;3.16;3.16;3.16;3.16;3.16;2.90636068133357;1.73441121609865;1.53221448695203;1.50025437402558;1.36;1.36;1.36;1.36;1.36;1.79493849437904;29.1396033839401;112.24;112.24;66.5638877518874;25.6712283611407;1.36;1.36;1.36;1.36;1.36;1.36;1.36;1.36;1.24159684446042;1.22447151173205;1.36
1.68;1.68;1.5604842563915;1.52457275027174;1.48;1.48611667099217;1.70680581985031;1.77802688938137;1.8;1.8;1.8;2.00347589773372;2.09788427826279;3.14372019957984;3.16;3.16;3.16;3.16;3.16;3.16;3.16;3.16;3.16;3.16;3.16;3.13096753941783;2.4965455676316;1.46224880560506;1.36;1.36;1.36;1.36;1.36;1.36;18.4457482270006;112.24;112.24;107.732420141807;80.7579275979353;3.19914392556943;1.36;1.36;1.36;1.36;1.36;1.36;1.85726183709346;1.18833358118018;0.978229823454235;0.885030221857774
1.68;1.68;1.52574438978526;1.59867914256071;1.65790918738511;1.6781182979634;1.67509585696587;1.63953648105799;1.77434800826701;1.8;1.7740200048795;1.66590113377479;1.59507317727562;3.16;3.16;3.16;3.16;3.16;3.16;3.16;3.16;3.16;3.16;3.16;3.16;3.08902175126215;1.59957778270509;1.36;1.36;1.36;1.36;1.36;1.36;1.36;5.2966317425263;78.4467208957877;112.24;112.24;101.144449221091;9.73435212447796;1.36;1.36;1.36;1.36;1.36;1.36;1.37469610616498;3.32;3.32;2.40125697956849
1.49529490155783;1.68;1.65779041800666;1.67519561038011;1.68;1.68;1.68;1.67388159065604;1.59075984332595;1.62373383959427;1.54178364563594;1.48;1.55338135172457;2.09843769974109;2.85747698712665;3.16;3.16;3.16;3.16;3.16;3.16;3.16;3.16;3.16;2.96089173553292;1.52356520253302;1.36;1.36;1.36;1.36;1.36;10.7928653684552;26.2040757099223;70.7141020810478;1.36;51.8589167190845;112.24;112.24;105.59380464527;23.2546936860062;1.36;1.36;1.36;1.36;1.36;1.36;1.22827850486626;3.05118914190676;1.0380726464428;2.35846893196458
1.2;1.6621604630424;1.68;1.68;1.68;1.68;1.67087817812749;1.67640978350592;1.57180068493805;1.48;1.48058808049829;1.62462159439013;1.65757610125286;2.01274273521748;2.88927758871257;3.16;3.16;3.16;3.16;3.16;3.16;3.16;3.16;3.13459292997786;1.92587838180965;1.36;1.36;1.36;1.36;3.03857343106855;47.4813833365176;36.6167633587493;21.9041949875819;82.0545149932573;14.8251627602266;107.99224445985;112.24;112.24;112.24;46.8072170726938;1.36;1.36;1.36;1.36;1.20824355950562;1.16541274648058;0.476796283950552;1.53641466070321;0.12;0.737205028254615
1.2;1.39024434115449;1.54644867453682;1.53276979428413;1.59532164236281;1.67855968373436;1.5733699102483;1.52655969213651;1.49754419466373;1.48;1.48;1.58995967055254;1.68;2.83143912819517;3.16;3.16;3.16;3.16;3.01731152057498;2.08971527268719;0.735968018923886;0.866792223006892;3.26849680836751;3.91126900074817;1.36;1.36;1.36;1.36;1.36;1.36;54.6642599335914;72.5232733309053;85.9384456861047;104.940942428294;96.7203140838013;122.312936784854;123.230964090228;120.419432925053;114.197912799569;51.995994253964;1.36;1.36;1.36;1.36;1.21759985691025;0.145818179630873;0.134152340279017;0.614376858714173;0.153288191007564;0.12
1.2;1.2;1.25123224074794;1.27678814054737;1.38308444551069;1.48533292715453;1.48;1.48;1.48;1.48;1.48;1.56150440692424;1.68;2.41605122142239;3.16;3.16;3.16;3.16;1.91110049761793;0.16;0.180183069943754;2.0383322884198;6.16279867948018;7.76;6.16136895212471;3.37549187846035;1.40639772032887;1.36;7.22638072444883;65.3415659203008;111.130801362767;65.0116399329695;48.5370359433393;92.9038168205567;116.060086073092;134.350022975296;134.84;134.84;122.606538007267;11.8357043630586;1.36;1.36;1.36;1.3304104839532;1.36;0.978887432540367;0.0146555633041873;0.118918184659022;0.12;0.12
1.2;1.2;1.2;1.2;1.26700596058746;1.48;1.48;1.48;1.48;1.48;1.48;1.60741435508156;1.67574849573536;2.30292434982776;3.0825664802141;3.04999801052423;3.38347602998498;6.86304238938659;7.69585560830296;5.22003848103993;6.15361543530549;7.30778424421735;7.76;7.76;7.76;7.6884360191829;6.81305966704849;2.24301565033637;10.6922340220394;70.7823357949721;57.0705454303665;1.36;1.36;86.4266037977917;88.3194594398074;117.833599720483;133.950776778815;134.84;105.459666462441;1.36;1.36;1.36;1.13930919692457;0.293862833589144;0.420722842787579;0.142361649333301;0.00625631565266594;0.0317428497906251;0.0843775261623534;0.103482487666397
1.2;1.2;1.2;1.2;1.29678008156681;1.44300046844754;1.48;1.48;1.48;1.48;1.48;1.48;1.51362431286229;1.68639795271286;1.68;1.87544220965105;2.14936492804752;5.02677361153605;6.13783580145369;7.07532894801501;7.76;7.76;7.76;7.76;7.76;7.76;7.76;3.87168500776343;1.36;1.36;1.36;1.36;1.36;12.9820565495242;1.845603565301;63.4189542802064;121.803565032099;134.84;113.664209024709;1.36;1.36;1.36;1.3478236515977;0.556191807702783;0.219189511701856;0;0;0;0;0.00954725570266423
1.13287195272456;1.2;1.2;1.27591368739653;1.50398444025471;1.48;1.48;1.48;1.48;1.48;1.48;1.48;1.48;1.66293850975274;1.68;1.83583375447979;2.36571711845693;3;3;3;7.76;7.76;7.76;7.76;7.76;7.76;7.76;3.45540187148005;1.36;1.36;1.36;1.36;1.36;1.36;1.36;22.7326211904777;34.8268843507794;104.201015505565;109.416797542598;8.25200650728233;64.2593855725212;20.6448252653862;1.36;1.36;1.34610629160944;0;0.56385026657236;0;0.292060394722586;0.725088902996664
0.98341493396103;1.2;1.2;1.31940731665605;1.65973085216127;1.60340930978076;1.48100920615471;1.48;1.48;1.48;1.48;1.49861600768287;1.53551443785825;1.65876081062197;1.74117924549359;2.83063052756152;3;3;3;3;7.50569965958442;7.76;7.76;7.76;7.76;7.76;7.75815434058728;2.44658382049177;1.36;1.36;1.36;1.36;1.36;1.36;1.36;1.36;0.641551821133867;68.9751795943164;112.24;79.2348471453998;79.0895637663263;15.3556140750502;1.36;1.36;1.36;1.03749899800938;1.8454851525634;0.689377552832181;0.693820009313423;1.14917702966022
0.416676401035384;0.491239401743215;0.865471898687956;1.32793029783338;1.68;1.67964141751297;1.62575570639545;1.57941246893972;1.5067355769606;1.48;1.55681114447366;1.6420014618272;1.68;1.68;2.2902322275524;3;3;3;3;3;7.04428151127272;7.76;7.76;7.76;7.76;7.76;7.76;1.48661161969002;1.36;1.36;1.36;1.36;1.36;1.36;1.36;1.04955924676437;0.235080854461621;19.5359600382314;112.24;65.0466251101557;75.3574480434317;47.3032312212334;6.46904018686821;3.64204387038411;1.19888826913963;1.29816450423251;2.98764169732363;2.73915886682557;1.36;1.36
0.122366908360147;0.741643573192879;0.621158130130701;1.5895187993825;1.68;1.68;1.68;1.68;1.66353570004111;1.65923843277805;1.67917106525771;1.68;1.68;1.68;2.43374914365712;3;3;3;3;3;6.58287350284122;7.76;7.76;7.76;7.76;7.76;4.60462858725879;1.36;1.11059609418232;1.07489360610426;1.36;1.28519565086232;0.427015717689829;0.256276296480931;0.0918251721625216;0.0513773262596848;0.268631639286608;72.2877890919849;30.5935581974461;45.4252445103938;69.4301670188005;82.5555559859699;37.474659037094;49.208392467662;1.04;1.12682064980386;3.075298827426;2.95057024455503;1.40197316041137;1.36
0.616030138908005;1.68;1.68;1.68;1.68;1.68;1.64496258674855;1.68;1.68;1.68;1.68;1.68;1.68;2.16615230853525;2.79173611163464;3;3;3;3;3;6.12147563442844;7.76;4.4620659624812;5.70951921489804;4.79655884778722;5.20486164608582;2.21060460938266;0.868056863018424;0.170049693890821;0.160429552681769;0.876166814888191;1.27022914364445;0.0586478697977514;0;0;0.531523390291816;2.15317000633478;13.996561785117;2.53547959128753;2.57678538443205;3.28966775571564;3.28006500495979;1.57359440229241;24.1051512086327;1.04;1.04;2.70281403321041;3.32;1.99193243559971;1.36
1.03916184383836;1.68;1.68;1.68;1.17237488466168;1.37066766648044;0.1366531149833;1.43098007381302;1.37026627016249;1.68;1.68;1.90236352119742;2.65845408453983;2.98963476075376;3;3;3;3;3;2.9991737863597;1.71653661368373;1.53745598492008;0.370742110955008;0.32;0.32;0.32;0.298317449479597;0.12;0.12;0.12;0.134453328850184;0.117700743388887;0.065911932531646;0;0;2.77917103634044;2.72409436105465;1.58461230961569;1.36;1.34400581205896;2.39569283909729;2.72726992818742;6.98506328670483;30.2005295781554;5.00951181278635;5.93049195999137;1.83373535605608;3.31477635680392;1.69230446540126;1.36
0.804529290186992;1.63615563491682;1.68;1.68;0.471467087143746;0.699506495852689;0.607203569639299;0.12;0.165738911768953;1.02477970712493;1.68;2.22087922331046;3;3;3;3;3;3;3;2.29562619089621;1.45910090200028;0.579309485791838;0.32;0.32;0.315747986659612;0.311559864083076;0.31641112814052;0.123915097780805;0.133610773489717;0.112936235296531;0.0943548531009979;0.0626551864355157;0;0;1.2736948785431;1.65195286958607;1.69316612264248;0.535744926472175;0.262835820829589;0.463105848800095;1.3600950536217;1.11854519068495;5.77984390098213;25.8069251965195;38.423283301017;9.47881883898961;1.11353515483112;1.17860176786672;1.32898877215148;1.36
0.518607265693264;1.08448656887469;1.63919043194415;1.639998694786;0.451131631232982;0.392468084215922;0.970194157735533;0.694072561120004;0.326334233733318;1.48792317406372;1.57384393541739;1.03111190511827;2.39558413255798;2.9095520966542;3;2.99189399117123;2.91146242822378;2.90084244043429;2.79244377167866;1.34939241446717;2.72592230760498;2.50647645678475;0.274380744626889;0.303727774440477;0.0998777470581635;0.0552694392563283;0.0247909913200885;0.200203545081221;0.201912444598999;0.0272117031832197;1.09579196983397;1.49302137841894;1.12398392175218;0.0184173546534494;2.18174091236976;2.34976851033052;0.414455691317675;0.296911108066443;0.823253624316728;1.02391951686153;1.04;1.04;33.1072368237513;36.0536124708861;1.04;1.04;1.04;1.04;1.05494158806658;1.36
0.205690504473823;0.736549399686793;0.199874038221634;0.820186319223999;0.865598088923203;0.799677214107452;1.17707566702306;0.785389460690027;0.987122682554736;1.41637069066271;1.02238083066341;1;1.45753744299186;2.42432666062105;2.76207067433772;2.9737016076237;2.46427914745596;2.5073214266882;1.83188462185523;0.16;0.958047853027052;1.42078988885286;0.466855427309472;0.522459749971593;1.00252695143651;0.770245190023088;1.15592322256882;2.73102841781789;1.51517680237124;0.886658613718363;2.80518357113351;2.84;2.54681526024783;2.15831022056523;2.84;2.84;2.41967423637841;1.37182811833667;1.04;1.04377017373783;1.04159963280389;4.12681780841937;38.9913609919501;3.70873207064017;1.04;1.04;1.04;1.04;1.16735054518416;0.934653738699851
0.04;0.062474193436836;0.0525090446140915;0.544501616769732;1;1;1;1;1;1;1;1;1.49154911979847;2.38144175571453;2.87744081071503;3;2.36;2.03054532697379;1.01893154620938;0.129258501851186;0.301990052520463;0.668762435201556;0.872304667036742;2.29246250153852;2.48;2.70074759609056;2.84;2.84;2.84;2.57104942265884;2.84;2.84;2.84;2.84;2.84;2.84;2.76232679568292;1.14832748843734;1.04;1.35034412070289;1.13203982085101;14.8068909289636;34.550625238796;1.39602933398623;1.04;1.04;1.04;1.04;0.916567416853104;0.78154115251751
0.04;0.0869912134145864;0.630229553205743;1;1;1;1;1;1;1;1;1;1;1.60574707383176;3;2.87649282776441;2.20782229273398;0.93994380976789;0.786554280489049;0.8;0.8;0.8;0.8;1.73935984032815;2.48;2.63907094684928;2.77847322293196;2.84;2.84;2.84;2.84;2.84;2.84;2.84;2.84;2.84;2.40464178603725;1.04;1.25420627179329;1.96705920048147;1.67338932756413;10.317998834428;23.2288749014177;1.04;1.04;1.04;1.04;1.04;0.413947813646589;0.269473721944078
0.04;0.04;0.559674764513999;0.957075436364827;1;1;1;1;1;1;1;1;1;1;2.98311383004766;2.92541765280329;1.37078263257457;0.8;0.8;0.8;0.8;0.8;0.8;1.73854638613407;2.7098650745051;2.75354818424094;2.73007400371901;2.84;2.84;2.84;2.84;2.84;2.84;2.84;2.84;2.84;2.07576087904454;0.881860078630937;1.80294223948774;2;1.93326530510038;1.33879779253649;16.5918121628696;1.04;1.04;1.04;1.04;1.04;0.504385960718803;0.0801433963675517
0.04;0.434319282143336;0.0967048593258573;0.244491723516956;1;1;1;1;1;1;1;0.998957716576475;1;1;2.82053726050071;2.8335104972042;0.999543934797686;0.8;0.8;0.8;0.8;0.8;0.8;1.68310463023291;2.84;2.84;2.84;2.83733223382853;2.84;2.84;2.84;2.84;2.84;2.84;2.64597251526601;2.13005267254449;0.795813998753354;0.621022566468027;1.52807793863752;1.14869870387744;1.01061619525087;1.04;1.04;1.04;0.996848521821014;1.02636898206616;1.04;1.04;0.53712474628035;0.0686365308222826
0.04;0.04;0.04;0.102487028376461;0.847971552309842;1;1;1;1;1;0.608512098629998;0.827940929596109;1;1;1.1544139096117;1.82191651016503;0.8;0.8;0.8;0.8;0.8;0.8;0.8;0.8;2.69816157888393;2.84;2.84;2.52167564291955;2.72484846059978;2.78774837719647;2.84;2.84;2.84;2.84;1.44950569927458;1.43393346236026;0.502598620903657;0.19250803727337;0.234645519929258;0.348573404232902;0.366835364884687;0.358271734977597;0.212900836798083;0.0875286853825673;0.0142600592119755;0.886414037202142;1.04;1.04;0.412331049809659;0.0326660850232442
0.213458138909912;0.811988985759765;0.929464094348624;0.601791911469979;1;1;1;1;1;0.762030032679818;0.292764366284129;0.326236660032095;0.985819638823243;0.993460262930881;0.922737033131998;0.853793129643378;0.8;0.8;0.8;0.8;0.8;0.8;0.8;0.8;2.50075141493604;2.84;2.84;2.61255865322542;2.69244297780427;2.75978663468971;2.84;2.84;2.84;2.0913165930085;1.88475742874675;0.703393782676123;0.0414273035152652;0.0392927882762487;0.0888666472165094;0.0311316380577482;0.0533153826742552;0.0470836253148611;0.0691434285924578;0.0528702243826816;0.0810533050425486;0.373585637776086;0.273806118678115;0.157454131380855;0.00601498360916607;0.0473201586350484
0.522573455494812;0.876198573362827;1;0.968575065420547;0.850711606780812;0.798364148528166;1;1;1;0.222323495522141;0.04;0.153938106350945;0.931944712381689;0.853091208118633;0.8;0.8;0.8;0.8;0.8;0.8;0.8;0.8;0.8;0.8;2.30334559101313;2.46023148167916;2.21610259736271;2.48734222236671;2.71720001077983;2.84;2.84;2.84;2.6883755854499;2.60074642084385;0.674864967204721;0;0;0;0.00913737389777236;0;0;0.0195252224662912;0.0739046919697613;0.12;0.0897163656646099;0.0631373202887441;0.107989511850889;0.0443381571962958;0.00271797925029045;0.218469705184798
0.0721130867047353;0.136535691593973;0.78569725439809;0.154823667592933;0.270181314254885;0.813949642514294;1;1;1;0.694376752038694;0.0899383851180689;0.987798825593293;0.964967825451212;0.477676891102946;0.460325645979451;0.8;0.8;0.8;0.8;0.8;0.8;0.8;0.8;0.8;1.59875529358366;1.8289534801608;0.901402778368698;2.82224259266634;2.77318392823047;2.84;2.84;2.40827836896686;0.225750817387369;2.84;2.16444347490013;0.11238031913302;0;0;0;0;0;0;0.0039352598697187;0.032780597893374;0.111790899650397;0.103960256684594;0.0221909182328155;0;0.073054312667856;0.68
0.66671908391305;0.194385940233645;0.869169806867557;0.346431918258959;0.269862158026073;0.521144480578227;0.709431445326218;1;1;1;0.38135904750436;0.976818776654307;0.737546621365738;0.356826778337435;0.793399173627995;0.8;0.8;0.8;0.8;0.8;0.398392002095831;0.737435731261543;0.8;0.8;0.911442809081123;1.39656827785015;1.70902658811004;2.84;2.41078414947448;0.901041336974129;1.836900848222;0.475944304022196;2.08481883184864;2.84;2.84;1.5557616675755;0;0;0;0;0;0;0;0;0.0481167745590669;0.0248944443914425;0.0277079887219705;0.0421542946301401;0.0688116876253051;0.508280552279485
1;0.824792407740761;0.20141645829485;0.176931328911598;1;0.789704903074073;0.509567316390972;1;1;0.980926914425824;0.268573853344911;0.227086884580264;0.198204003941507;0.598358365857731;0.8;0.473693375174442;0.78359073340949;0.8;0.8;0.487516630564445;0.04;0.649070430639066;0.8;0.540489759476178;0.353937058082822;0.0647048311163245;0.862323935812699;2.76870778880678;2.60281840189326;0.468781109849819;0;0.45811908766022;2.31511589650776;2.04629078265732;2.73411701469053;1.18754619017397;0;0;0;0;0;0;0;0;0.000589006511354819;0.0624297549007639;0.12;0.12;0.12;0.12
0.859055272911251;0.850002983713102;0.116904929117064;0.936271112710469;1;1;0.926296270643882;1;1;0.987435907232761;0.174013601506638;0.04;0.326360857774837;0.762371355973276;0.263343629500653;0.0443766856270853;0.418987884608261;0.760379594789927;0.588080723894749;0.0672298521658821;0.341952977105354;0.771191487420543;0.61769748338764;0.0378526627775566;0.0345078100004396;0.031337678238239;0.910271347442014;2.84;2.8297583398686;0.835183715302246;0;0.0165315786445258;0.377037454004677;2.4792013742191;0.663093921842334;0;0;0;0;0;0;0;0;0.0236079513550903;0.11666486885827;0.12;0.12;0.12;0.12;0.12
0.04;0.568929374297665;0.915061918060702;0.404847378240233;0.660203675251097;0.840393099708948;1;0.999968522916573;0.93723537289785;1;0.515263956046849;0.04;0.414786316539347;0.294919312944428;0.04;0.04;0.04;0.18116786071006;0.0716841724677447;0.00464128060882019;0.292714711678427;0.742718115093119;0.733116943909787;0.294332271756889;0;0;0.0940812044801656;2.18060779511179;2.83096987842219;0.152136041640561;0;0;1.3413952396996;0.73371538846065;0;0;0;0;0;0;0;0;0;0.0323690188556068;0.118470713351612;0.12;0.12;0.12;0.12;0.12
0.04;0.524761781697945;0.575199371082869;0.0516002299502292;0.0478122719647759;0.586018458707451;0.916361156360672;0.780302644742016;0.115356204080953;0.86381644859873;0.701720972945075;0.04;0.188310377326731;0.230631311103482;0.04;0.04;0.04;0.04;0.0316513381919738;0.00336103841070189;0.043379849901281;0.288975532259764;0.609885200519779;0.710973766544004;0.0137872506459986;0;0;0.371633759099925;1.96877815346874;1.07781389794517;0;0;0;0;0;0;0;0;0;0;0;0;0;0;0.0350139589217761;0.12;0.12;0.12;0.12;0.12
0.04;0.04;0.04;0.04;0.04;0.04;0.251558481052758;0.164365864001282;0.083815049561506;0.854241222130563;0.375548167922803;0.461963658833885;0.494402822435778;0.825031984428796;0.213967299054026;0.04;0.0808118316735458;0.0959972530792585;0.00365240612948465;0.146199253487687;0.751838162252263;0.0635399962013767;0.399226888364928;0.791887871503087;1.24605029516126;0.769684503265094;1.31969583442411;0.290441425165944;0.505305260179314;1.44311391746325;0;0;0;0;0;0;0;0;0;0;0;0;0;0;0.0245093666656013;0.114852097431516;0.12;0.12;0.12;0.12
0.275610896584311;0.04;0.04;0.04;0.04;0.04;0.04;0.04;0.04;0.0770211010596596;0.0995976813215589;0.930087901395001;0.853239591306433;1.03042309184411;0.469596270607677;0.04;0.679493888108805;0.867238487893318;0.310024378560337;0.813496867880463;0.85292233179812;0.0209328776841521;0.723615162066639;0.79209170270141;0.0902003191911326;1.72;1.72;1.59777762831115;0.323868089409833;1.68328499705326;0.110701327063283;0;0;0;0;0;0;0;0;0;0;0;0;0;0;0.0804546373620838;0.12;0.12;0.12;0.12
0.5001484487274;0.04;0.04;0.04;0.04;0.04;0.04;0.04;0.04;0.04;0.04;0.28531772654448;0.767051210511497;0.613033685041698;0.04;0.385971212156631;0.803167140524507;1.01645727539719;1.07831314569131;1.08;0.746979546924359;0;0.0564884935278183;0.0740042082733249;0;1.22049453203516;1.72;1.72;0.00808142508985475;1.16431235326594;0.276744032778218;1.41907186063409;0;0;0;0;0;0;0;0;0;0;0;0;0;0.063288686263333;0.118620190163906;0.12;0.12;0.12
0.88;0.393551014600199;0.224106464205946;0.04;0.04;0.04;0.04;0.04;0.04;0.04;0.04;0.04;0.04;0.231192125871597;0.0994076675732594;0.691964833843153;1;1.02231088385186;1.08;0.865979658100119;0.218124872196968;0;0;0;0;0.9084436434354;1.72;1.72;0.144455528113641;1.42723530926249;0.724251927742997;1.47786660106847;0.359846913938877;0;0;0;0;0;0;0;0;0;0;0.0679493660203148;0.0227901451876059;0.0161499114243706;0.113795471460629;0.12;0.12;0.12
0.412513885139721;0.70558085294102;0.519255469652604;0.04;0.04;0.04;0.04;0.04;0.0391199266067737;0.04;0.04;0.458977085642456;0.179363824460524;0.04;0.166522547195852;1;1;1.04297853892352;1.00562213080555;0.352823055899534;0.878436170632873;0;0;0;0;1.43594599337559;1.72;1.72;1.68202145982285;1.72;1.28400559441609;0.773721272641134;1.75604084427605;0.359841284409131;0;0;0;0;0;0;0;0;0.00224294705737333;0.079224769009657;0.11474559500387;0.0193842449893244;0.12;0.12;0.12;0.12
