0.614626297565997;0.64;0.64;0.64;0.64;0.64;0.64;0.64;0.65259285633949;0.619435503996722;0.602786025569502;0.56;0.56;0.56;0.56;0.56;0.56;0.56;0.56;0.56;0.50504346885127;0.440001132942693;0.44;0.44;0.44;0.44;0.44;0.44;1.36001756943241;1.6;1.6;1.6;1.6;1.6;1.6;1.50382226837367;0.830095823057011;0.76;0.76;0.76;0.76;0.708889575358806;0.68;0.68;0.68;0.689726900703963;0.878756772861807;0.688138191002421;0.68;0.704550918282661
0.600729166380316;0.629251806367646;0.64;0.64;0.64;0.724169730456328;1.02595751960961;1.40217089095339;0.916887147741806;0.56;0.56;0.56;0.56;0.56;0.56;0.56;0.56;0.56;0.56;0.56;0.556739782860702;0.451072992213676;0.44;0.44;0.44;0.44;0.44;0.598897358105108;1.56227623402669;1.6;1.6;1.6;1.6;1.6;1.6;1.03345510249298;0.76;0.76;0.76;0.76;0.735356480146992;0.680660404802533;0.68;0.68;0.68;0.68;0.68;0.68;0.68;0.68
0.6;0.600939830695664;0.616805368379377;0.64;0.64;1.0606171922721;1.44;1.44;0.607689483926725;0.56;0.56;0.56;0.56;0.56;0.56;0.56;0.56;0.56;0.56;0.56;0.56;0.465596750409389;0.44;0.44;0.44;0.44;0.44;0.60773751622822;1.43026988169303;1.58278357675199;1.6;1.6;1.6;1.6;1.6;1.26755457339381;0.76;0.76;0.756830871380586;0.745003256600257;0.688505971205382;0.68;0.68;0.68;0.68;0.68;0.68;0.68;0.68;0.68
0.6;0.6;0.605962775172859;0.64;0.64;1.01597618000209;1.44;1.34966875561431;0.618742423532428;0.56;0.56;0.56;0.56;0.56;0.56;0.56;0.56;0.56;0.56;0.56;0.529391572616019;0.440860203547165;0.44;0.44;0.44;0.44;0.44;0.460819872148149;0.68;0.902313704612331;1.25997438051692;1.39978466697077;1.52799105109953;1.33519818269033;1.1539686387535;0.712810566333495;0.700972305827215;0.689137545013335;0.680131830858067;0.68;0.68;0.68;0.68;0.68;0.68;0.68;0.68;0.68;0.68;0.68
0.6;0.6;0.605317917932852;0.639286236836482;0.64;1.12565578094548;1.32455216957632;1.0024721092721;0.56;0.56;0.56;0.56;0.56;0.56;0.56;0.56;0.56;0.56;0.56;0.551470918975438;0.456488218197138;0.44;0.44;0.44;0.44;0.44;0.44;0.484307636105646;0.68;0.68;0.68;0.68;0.819101232448669;0.68;0.68;0.68;0.68;0.68;0.68;0.68;0.68;0.68;0.68;0.68;0.68;0.68;0.68;0.68;0.68;0.68
0.6;0.6;0.6;0.621625610643467;0.64;1.00878110088103;0.735922183604503;0.562413142197859;0.56;0.56;0.56;0.56;0.56;0.56;0.56;0.56;0.56;0.56;0.55848362696939;0.455254968369106;0.423276048704317;0.44;0.44;0.44;0.44;0.44;0.44;0.522839138079248;0.68;0.68;0.68;0.68;0.68;0.68;0.68;0.68;0.68;0.68;0.68;0.68;0.68;0.68;0.68;0.68;0.68;0.68;0.68;0.68;0.68;0.68
0.6;0.6;0.6;0.602358940912213;0.602207721807435;0.6;0.6;0.573693626900704;0.56;0.56;0.56;0.56;0.56;0.56;0.56;0.56;0.56;0.56;0.56;0.252016662361634;0.161318368681342;0.44;0.44;0.44;0.44;0.44;0.44;0.49384971029656;0.68;0.68;0.68;0.68;0.68;0.68;0.68;0.68;0.68;0.68;0.68;0.68;0.68;0.68;0.68;0.68;0.68;0.68;0.68;0.68;0.68;0.68
0.6;0.6;0.6;0.6;0.6;0.6;0.6;0.589299851848045;0.56;0.56;0.56;0.56;0.56;0.56;0.56;0.56;0.56;0.56;0.56;0.56;0.274395141779608;0.44;0.44;0.44;0.44;0.44;0.44;0.464860908693727;0.68;0.68;0.68;0.68;0.68;0.68;0.68;0.68;0.68;0.68;0.68;0.68;0.68;0.68;0.68;0.68;0.68;0.68;0.68;0.68;0.68;0.68
0.6;0.6;0.6;0.6;0.6;0.6;0.6;0.594159714846825;0.560984491960285;0.563276098064894;0.56;0.56;0.56;0.56;0.56;0.56;0.56;0.56;0.56;0.56;0.254508983921402;0.44;0.44;0.44;0.44;0.44;0.44;0.441559849429224;0.68;0.68;0.68;0.68;0.68;0.68;0.68;0.68;0.68;0.68;0.68;0.68;0.68;0.68;0.68;0.68;0.68;0.68;0.68;0.68;0.68;0.68
0.6;0.6;0.6;0.6;0.6;0.6;0.6;0.599767302719363;0.599372442311607;0.59583498528811;0.592169692109805;0.577927613896001;0.571137923622608;0.561879667900186;0.56;0.56;0.56;0.56;0.56;0.56;0.265599234536882;0.438848943541509;0.44;0.44;0.44;0.44;0.44;0.489764348352871;0.621007283543929;0.652132885781284;0.674115607937939;0.68;0.68;0.68;0.68;0.68;0.68;0.68;0.68;0.68;0.68;0.68;0.68;0.68;0.68;0.68;0.68;0.68;0.68;0.68
0.6;0.6;0.6;0.6;0.6;0.6;0.6;0.6;0.6;0.6;0.6;0.6;0.6;0.572669016017299;0.56;0.56;0.56;0.56;0.56;0.56;0.228343039124507;0.303342242321852;0.44;0.44;0.44;0.44;0.44;0.535117781393941;0.6;0.6;0.620888164720669;0.68;0.68;0.68;0.68;0.68;0.68;0.68;0.68;0.68;0.68;0.68;0.68;0.68;0.68;0.68;0.68;0.68;0.68;0.68
0.6;0.6;0.6;0.6;0.6;0.6;0.6;0.6;0.6;0.6;0.6;0.6;0.6;0.590368611869238;0.56;0.56;0.56;0.56;0.56;0.56;0.27110702309208;0.147405992376618;0.44;0.44;0.44;0.44;0.500361363164172;0.584661183418253;0.6;0.6;0.603722349166591;0.68;0.68;0.68;0.68;0.68;0.68;0.68;0.68;0.68;0.68;0.68;0.68;0.68;0.68;0.68;0.68;0.68;0.68;0.68
0.6;0.6;0.6;0.6;0.6;0.6;0.6;0.6;0.6;0.6;0.6;0.6;0.598673908053356;0.581276070450134;0.56;0.56;0.56;0.56;0.56;0.56;0.377736376387282;0.184038357791644;0.44;0.44;0.44;0.45788074388186;0.588616769956613;0.6;0.6;0.6;0.6;0.631054713081111;0.68;0.68;0.68;0.68;0.68;0.68;0.68;0.68;0.68;0.68;0.68;0.68;0.68;0.68;0.68;0.68;0.68;0.68
0.6;0.6;0.6;0.6;0.6;0.6;0.6;0.6;0.6;0.6;0.6;0.6;0.581561401045355;0.56;0.56;0.56;0.56;0.56;0.56;0.56;0.56;0.0744864245001227;0.44;0.44;0.44;0.55904891898925;0.6;0.6;0.6;0.6;0.6;0.6;0.619776579324689;0.655517798215132;0.68;0.679997819526784;0.68;0.68;0.68;0.68;0.68;0.68;0.68;0.669993845935041;0.68;0.68;0.68;0.68;0.68;0.68
0.6;0.6;0.6;0.6;0.6;0.6;0.6;0.6;0.6;0.6;0.6;0.6;0.59520099530326;0.561969444745143;0.56;0.56;0.56;0.56;0.56;0.56;0.56;0.483756585393784;0.443138443330067;0.44;0.457324507711689;0.593287478274279;0.6;0.6;0.6;0.6;0.6;0.6;0.6;0.607624644351119;0.644902767234017;0.620456422286894;0.632435208426502;0.660081586459279;0.671956189923803;0.679254515657851;0.68;0.673407027850843;0.640705773761496;0.601875585232064;0.655561207380366;0.68;0.68;0.68;0.68;0.68
0.6;0.6;0.6;0.6;0.6;0.6;0.6;0.6;0.6;0.6;0.6;0.6;0.6;0.592800816491088;0.593138094313117;0.589827587057183;0.57453709950083;0.56;0.56;0.56;0.56;0.56;0.53479769101517;0.448917834373548;0.496267470146131;0.6;0.6;0.6;0.6;0.6;0.6;0.6;0.6;0.6;0.6;0.6;0.6;0.6;0.604756623188802;0.612683971578509;0.62506384543553;0.611612258517073;0.6;0.6;0.610223963153907;0.64645241259383;0.647222791900366;0.678303515248819;0.68;0.68
0.6;0.6;0.6;0.6;0.6;0.6;0.6;0.6;0.6;0.6;0.6;0.6;0.6;0.6;0.6;0.6;0.6;0.570357642503051;0.57623977974751;0.582430052149715;0.58837909553186;0.582169473639408;0.565822568885866;0.542358547693259;0.539909975111046;0.6;0.6;0.6;0.6;0.6;0.6;0.6;0.6;0.6;0.6;0.6;0.6;0.6;0.6;0.6;0.6;0.6;0.6;0.6;0.6;0.6;0.6;0.646240313729212;0.68;0.68
0.6;0.6;0.6;0.6;0.6;0.6;0.6;0.6;0.6;0.6;0.6;0.6;0.6;0.6;0.6;0.6;0.6;0.6;0.6;0.6;0.6;0.6;0.595730460764439;0.579294071998466;0.593035791701083;0.6;0.6;0.6;0.6;0.6;0.6;0.6;0.6;0.6;0.6;0.6;0.6;0.6;0.6;0.6;0.6;0.6;0.6;0.6;0.6;0.6;0.6;0.653638024173118;0.68;0.68
0.608405185911042;0.6;0.6;0.6;0.6;0.585215954555588;0.6;0.6;0.6;0.6;0.6;0.6;0.6;0.6;0.6;0.6;0.6;0.6;0.6;0.6;0.6;0.6;0.6;0.6;0.6;0.6;0.6;0.6;0.6;0.6;0.6;0.6;0.6;0.6;0.6;0.6;0.6;0.6;0.6;0.6;0.6;0.6;0.6;0.6;0.6;0.574189647363331;0.493299273899774;0.649115029847339;0.68;0.68
0.707385872667429;0.587328629875433;0.561071975307353;0.54887274374133;0.536917759355716;0.559922125735846;0.6;0.6;0.6;0.6;0.6;0.6;0.6;0.6;0.6;0.6;0.6;0.6;0.6;0.6;0.6;0.6;0.6;0.6;0.6;0.6;0.6;0.6;0.6;0.6;0.6;0.6;0.6;0.6;0.6;0.6;0.6;0.6;0.6;0.6;0.6;0.6;0.6;0.6;0.573888824386522;0.455046818447132;0.4;0.53601732592741;0.68;0.799076325411128
0.830706216417161;0.661655245868979;0.52;0.52;0.52;0.521277032895198;0.597783087853715;0.6;0.6;0.6;0.6;0.6;0.6;0.6;0.6;0.6;0.6;0.6;0.6;0.6;0.6;0.6;0.6;0.6;0.6;0.6;0.6;0.6;0.6;0.6;0.6;0.6;0.6;0.6;0.6;0.6;0.6;0.6;0.6;0.6;0.6;0.6;0.6;0.6;0.450504358539532;0.4;0.4;0.487927814421631;0.674251249517799;1.020809373318
0.52;0.52;0.52;0.52;0.52;0.52;0.566980845816473;0.593231740682852;0.6;0.6;0.6;0.6;0.6;0.6;0.6;0.6;0.6;0.6;0.6;0.6;0.6;0.6;0.6;0.6;0.6;0.6;0.6;0.6;0.6;0.6;0.6;0.6;0.6;0.6;0.6;0.6;0.6;0.6;0.6;0.6;0.514988218818803;0.489081408711733;0.563194754001685;0.6;0.506856848780242;0.4;0.4;0.4;0.633165356096905;0.730600824037265
0.52;0.52;0.52;0.52;0.580951158234198;0.69416395109985;0.587109489954718;0.537672766451331;0.599784921607409;0.6;0.6;0.6;0.6;0.6;0.6;0.6;0.6;0.6;0.6;0.6;0.6;0.6;0.6;0.52905375456439;0.293912888929648;0.582208470785515;0.6;0.6;0.6;0.6;0.6;0.6;0.6;0.6;0.6;0.6;0.6;0.6;0.6;0.6;0.434446815384906;0.4;0.405875353030726;0.548430754917385;0.485308086677681;0.4;0.4;0.4;0.565426165559416;0.68
0.52;0.52;0.52;0.52;0.736233301202382;0.96;0.691416634754557;0.545909875735175;0.6;0.6;0.6;0.6;0.6;0.6;0.6;0.6;0.6;0.6;0.6;0.6;0.6;0.6;0.6;0.566998317635827;0.25404334008269;0.293392859938007;0.586442617485207;0.510540414860938;0.427434412847832;0.344352920654789;0.599246376831457;0.6;0.6;0.6;0.574372221071774;0.552357933842508;0.6;0.6;0.6;0.566677140654171;0.401566409016153;0.4;0.4;0.441210687570284;0.4;0.4;0.4;0.4;0.441425104625662;0.713567631314324
0.52;0.52;0.52;0.671529553008195;0.923923838520075;0.96;0.67847506896741;0.579447787375855;0.6;0.6;0.6;0.6;0.6;0.6;0.6;0.6;0.6;0.6;0.6;0.6;0.6;0.6;0.6;0.465973873050927;0.04;0.057569872768556;0.0489018426684663;0.04;0.04;0.12237660382742;0.572892942285953;0.551766770794289;0.522120336027117;0.491289880091092;0.434053005357594;0.405438214092934;0.512277473365652;0.574019470086321;0.544425558653427;0.484038162883421;0.4;0.4;0.4;0.4;0.4;0.4;0.4;0.4;0.4;0.621507415669132
0.52;0.598186172948633;0.587164461862343;0.718098089770626;0.96;0.864754354248567;0.600817469548223;0.6;0.6;0.6;0.6;0.6;0.6;0.6;0.6;0.6;0.6;0.6;0.6;0.6;0.6;0.515508509159088;0.163993846045447;0.496666066279463;0.48001817076734;0.467718338557778;0.314614403683692;0.39942177173011;0.482530859937798;0.568952466209466;0.477558157857824;0.4;0.4;0.4;0.4;0.4;0.4;0.4;0.4;0.4;0.4;0.4;0.4;0.4;0.4;0.4;0.4;0.4;0.439738971881118;0.734226490186455
0.52;0.700876139069638;0.57363446158449;0.447520040565636;0.96;0.763156902042831;0.6;0.6;0.6;0.6;0.6;0.6;0.6;0.6;0.6;0.6;0.6;0.6;0.6;0.6;0.467857812900875;0.0917336121395045;0;0.211718375344353;0.440469562221177;0.156341701695876;0.490699623527163;0.6;0.573916114160349;0.503783789775304;0.4;0.4;0.4;0.4;0.4;0.4;0.4;0.4;0.4;0.4;0.4;0.4;0.4;0.4;0.4;0.4;0.4;0.4;0.545464415068057;0.76
0.52;0.523056193791144;0.781013381299454;0.539981816133379;0.96;0.777777846274059;0.6;0.6;0.6;0.6;0.6;0.6;0.6;0.6;0.6;0.6;0.6;0.6;0.6;0.6;0.219931368141411;0;0;0;0.0827288470158353;0.115079035781819;0.117888116923064;0.253964179511927;0.29002846928792;0.4;0.4;0.4;0.4;0.4;0.4;0.4;0.4;0.4;0.4;0.4;0.4;0.4;0.4;0.4;0.4;0.4;0.4;0.4;0.620560478488682;0.76
0.52;0.52;0.719686475999234;0.425355206225229;0.96;0.757757346477517;0.6;0.6;0.6;0.6;0.6;0.6;0.6;0.6;0.6;0.6;0.6;0.6;0.6;0.6;0.00960718362755142;0;0;0;0.0682260653518606;0.12;0.0861912527423653;0.0418502332757818;0.299791917061234;0.4;0.4;0.4;0.4;0.4;0.4;0.4;0.4;0.4;0.4;0.4;0.4;0.4;0.4;0.4;0.4;0.4;0.4;0.4;0.584079934671754;0.818224549422739
0.52;0.52;0.55913646868857;0.30930718603277;0.96;0.693996679641958;0.6;0.6;0.6;0.6;0.6;0.6;0.6;0.6;0.6;0.6;0.6;0.6;0.6;0.6;0.0800463183841512;0;0;0;0.0199589855189004;0.0902504235729715;0.0956566951368004;0.137539014722625;0.4;0.4;0.4;0.4;0.4;0.4;0.4;0.4;0.4;0.4;0.4;0.4;0.4;0.4;0.4;0.4;0.4;0.4;0.4;0.4;0.532887059808554;0.831707237528551
0.52;0.52;0.729634188471634;0.43011277726332;0.96;0.737746705825254;0.6;0.6;0.6;0.6;0.6;0.6;0.6;0.6;0.6;0.6;0.6;0.6;0.6;0.6;0.654899339164516;0.436111114632733;0;0;0.0592312819426595;0.719208650740644;0.608727199600133;0.29840205939355;0.4;0.4;0.4;0.4;0.4;0.4;0.4;0.4;0.4;0.4;0.4;0.4;0.4;0.4;0.4;0.4;0.4;0.4;0.4;0.4;0.425926481558848;0.521379224739752
0.52;0.52;0.581344959480641;0.59987798151467;0.96;0.77527931719562;0.6;0.6;0.6;0.6;0.6;0.6;0.6;0.6;0.6;0.6;0.6;0.639274838616041;0.681451894436684;0.75027085189069;0.959116963050836;0.96;0.195869639936178;0.0548992161633349;0.699449732647006;0.96;0.924849140837882;0.4;0.4;0.4;0.4;0.4;0.4;0.4;0.4;0.4;0.4;0.4;0.4;0.4;0.4;0.4;0.4;0.4;0.4;0.4;0.4;0.422692001449782;0.459577255460656;0.48
0.52;0.52;0.279691386328615;0.45449326439042;0.96;0.92895891635991;0.837337749152592;0.693334377936018;0.615296332422376;0.6;0.6;0.6;0.6;0.6;0.6;1.10400386647301;1.743863682999;1.11724083623739;0.96;0.96;0.96;0.96;0.90317178422388;0.924867758010328;0.96;1.12653829014735;1.01146825389452;0.404702585757617;0.4;0.4;0.4;0.4;0.4;0.4;0.4;0.4;0.4;0.4;0.4;0.4;0.4;0.4;0.4;0.4;0.4;0.4;0.4;0.435650520259142;0.48;0.48
0.521712930122174;0.492867076513212;0.112370849887837;0.904748682080414;0.96;0.96;0.96;0.96;0.794830985876511;0.47920634887974;0.62892071711647;0.6;0.6;0.6;0.749866522885361;1.74081329690712;1.3655857239033;0.96;0.96;0.96;0.96;0.96;0.96;0.96;0.96;1.39352524421619;1.32751314207821;0.460114373104088;0.4;0.4;0.4;0.4;0.4;0.4;0.4;0.4;0.4;0.4;0.4;0.4;0.4;0.4;0.4;0.4;0.4;0.4;0.4;0.45930449203424;0.48;0.48
0.726255249422531;0.878649252944007;1.16465137329393;1.01918330348726;0.96;0.96;0.96;0.728503221550165;0.370151472971345;0.590775046028868;1.47518976410777;0.979297167757274;0.6;0.787966299527813;1.56920478579509;1.84;1.22293483103504;0.96;0.96;0.96;0.96;0.96;0.96;0.875093275666565;0.91127233604769;0.983591151926294;1.66355463873446;0.53687575226319;0.404511132470475;0.4;0.4;0.4;0.4;0.4;0.4;0.4;0.4;0.4;0.4;0.4;0.4;0.4;0.4;0.4;0.4;0.4;0.400854929300806;0.464850271104187;0.48;0.48
0.92;0.92;1.32918490306632;1.3700409649538;1.03911373468162;1.06123919727235;1.22955897084319;0.463286154059931;0.944611219970392;1.76597834066577;1.84;1.65344371330647;1.01527012883028;1.77220968149141;1.84;1.84;1.32952313059;0.96;0.916581619892378;0.919411353369337;0.96;0.96;0.96;0.797659392326279;0.68;0.798670157088241;1.48989517331072;0.680570907392421;0.554813966792472;0.407206460257209;0.4;0.4;0.4;0.4;0.4;0.4;0.4;0.4;0.4;0.4;0.4;0.4;0.4;0.4;0.4;0.4;0.4;0.441511695650408;0.462534875992348;0.48
0.92;0.92;1.09404111680092;1.8349171077685;1.84;1.74112085293154;1.83066451345553;0.710849641221077;0.12;1.36605830167913;1.84;1.84;1.84;1.69322616834905;1.7604092890662;1.76976404843889;1.66122048947037;0.814288912223047;0.703001298076184;0.699403000699021;0.959842087159771;0.928446569869947;0.831036521900649;0.697006534513623;1.1465831512585;1.35175317329537;1.17596137677821;0.68;0.68;0.579418833743773;0.457743748810934;0.4;0.4;0.4;0.4;0.4;0.4;0.4;0.4;0.4;0.4;0.4;0.4;0.4;0.4;0.4;0.4;0.4;0.442619598113932;0.48
0.92;0.92;1.39574531484667;1.84;1.84;1.84;1.84;1.22282920903083;0.12;1.19606947880151;1.84;1.84;1.84;1.75231195165285;1.52;1.52;1.09075013660631;0.68;0.68;0.68;0.690436807070147;0.68;0.68;0.68;0.872367508517593;1.48775374866677;0.867238657479465;0.68;0.68;0.68;0.677615086035959;0.406142657665386;0.4;0.4;0.4;0.4;0.4;0.4;0.4;0.4;0.4;0.4;0.4;0.4;0.4;0.4;0.415773303536616;0.436250812270213;0.462790772942081;0.48
0.92;0.92;1.47709993546972;1.84;1.84;1.84;1.84;1.00410044201165;0.209550894377806;1.12734236512088;1.84;1.84;1.84;1.73236055077393;1.52;1.43649233298305;0.719693254448965;0.68;0.68;0.68;0.68;0.68;0.68;0.68;0.884759436450257;1.46558527942439;0.775112655371592;0.68;0.68;0.68;0.601757330292801;0.4;0.4;0.4;0.4;0.4;0.4;0.4;0.4;0.4;0.4;0.4;0.4;0.4;0.4;0.4;0.429515846230232;0.48;0.48;0.48
0.742644396018702;0.683330841161559;1.04214968172912;1.84;1.84;1.84;1.84;1.50989357530682;0.973969480572064;1.1918799607075;1.84;1.84;1.84;1.69579665525158;1.52;1.49713634165712;0.68;0.68;0.68;0.68;0.68;0.68;0.68;0.727539068331551;1.40365475577803;1.45024379760671;0.959095787622617;0.68;0.68;0.68;0.650228775549342;0.442555869854031;0.4;0.430055882755551;0.603892208843906;0.4;0.4;0.4;0.4;0.4;0.4;0.4;0.4;0.4;0.4;0.4;0.4;0.428976622863277;0.48;0.48
0.52;0.555626875929814;0.92628866240657;1.84;1.84;1.84;1.84;1.84;1.59483183040341;1.84;1.84;1.84;1.84;1.80252569944225;1.52;1.52;1.15580305108015;0.68;0.68;0.68;0.68;0.68;0.68;0.719451640086993;1.36684607667333;0.798350751698344;0.692239271571334;0.68;0.68;0.68;0.68;0.574502545214242;0.443467264077572;0.713756678733129;1.20564346998258;0.456023883654395;0.4;0.4;0.4;0.4;0.4;0.4;0.4;0.4;0.4;0.4;0.4;0.451380884128537;0.48;0.48
0.74072126904982;0.96;0.96;1.1216342289003;1.84;1.84;1.84;1.84;1.84;1.84;1.84;1.84;1.84;1.83580646471232;1.5276257804621;1.57101914692298;1.57504482028936;1.25173379041519;0.68;0.68;0.68;0.68;0.68;0.927969619826242;1.51895162260772;1.33493862697833;0.928941171856965;0.68;0.68;0.68;0.68;0.668166690298267;0.648386665580031;1.27609193000635;1.11188098076299;0.44460602562993;0.4;0.4;0.4;0.4;0.4;0.4;0.4;0.4;0.4;0.4;0.422908632088023;0.478191005965794;0.48;0.48
0.96;0.96;0.96;0.96;1.83379245923553;1.84;1.84;1.84;1.84;1.84;1.84;1.84;1.84;1.84;1.61746867105551;1.33325490997769;1.75489821633128;1.82444101627469;0.762594489857344;0.68;0.68;0.718574048238671;0.68;1.29634516476477;1.52;1.52;1.32294817601722;0.68;0.69637364607678;0.68;0.68;0.68;0.68;0.770535326026114;0.704490003399197;0.411840278499453;0.4;0.4;0.4;0.4;0.4;0.4;0.4;0.4;0.4;0.422469314531756;0.469888879411347;0.48;0.48;0.48
0.96;0.96;0.96;0.96;1.57454238255894;1.84;1.84;1.84;1.84;1.84;1.84;1.84;1.84;1.84;1.6676948011415;0.960554595967478;1.15190642176946;1.11482574729319;0.828705577816581;0.999471278830355;8.24180942250653;9.42429147836566;0.68;1.02214082963091;1.41919126131977;1.46044189766534;0.84410380071071;0.767204011517516;1.32496333212274;1.07487862841551;0.794672139446851;0.68;0.68;0.68;0.607418757340033;0.4;0.4;0.4;0.4;0.4;0.4;0.4;0.4;0.4;0.4;0.423773547556746;0.478049874240522;0.48;0.48;0.48
0.96;0.96;0.96;1.14835152930203;1.72758723026604;1.84;1.84;1.84;1.84;1.84;1.84;1.84;1.84;1.84;1.7102209367726;1.05060101695883;0.96;0.96;0.795382733103273;0.834868109345064;15.24;8.16629455796454;0.68;0.935055934917482;1.35482072940737;1.18803999905863;0.68;1.27629037603832;0.96683334497933;1.04006592676351;0.956678085263306;0.68;0.697301437841874;0.68;0.58384857221269;0.4;0.4;0.4;0.4;0.4;0.4;0.4;0.4;0.4;0.4;0.4;0.462909283399861;0.48;0.48;0.48
0.96;0.96;0.96;1.53603648342711;1.84;1.84;1.84;1.84;1.84;1.84;1.84;1.84;1.84;1.84;1.84;1.46620114024498;0.991667471428199;0.96;0.774303962108331;1.88903723295704;14.8015365157076;9.60653830279439;0.68;0.822134088048983;1.14011074469419;0.793206263307607;0.761989745626867;1.49899068638177;0.697865371217718;0.243020600707898;0.542810506401643;0.69267091061742;0.902615249431945;0.847556115221927;1.02284848214849;0.4;0.4;0.4;0.4;0.4;0.4;0.4;0.4;0.4;0.4;0.4;0.42865797606962;0.48;0.48;0.48
0.96;0.96;0.96;1.74062242769236;1.84;1.84;1.84;1.84;1.84;1.84;1.84;1.84;1.84;1.84;1.84;1.84;1.53474157218419;1.36093222152314;0.68;4.30671742121112;15.24;1.48194381244669;0.68;0.68;0.68;0.732641032292998;1.21720402236024;1.39077123173046;0.610847648757743;0.13852912032109;0.544950736485292;0.865000978147944;0.96;1.07680741342049;1.73623059565287;0.443839401936531;0.4;0.4;0.4;0.4;0.4;0.4;0.4;0.4;0.4;0.400799457584255;0.407783307441868;0.471583318763941;0.48;0.48
0.96;0.96;0.96;1.52354263061012;1.84;1.84;1.84;1.84;1.84;1.84;1.84;1.84;1.84;1.84;1.84;1.84;2.04131129341544;2.3582330932243;0.687956534075621;2.54543711047415;11.8370006726304;0.830396870890181;0.681137120210735;0.68;0.68;1.27869360344609;1.33174291777336;1.06061398620103;0.570746835346787;0.167324369733725;0.769038550123339;0.927798613327226;0.96;0.96;1.13925276324028;0.663360711098214;0.4;0.4;0.4;0.4;0.4;0.4;0.4;0.4;0.4;0.448659182720703;0.437901708984714;0.473697875328478;0.48;0.48
0.96;0.969608336129598;1.07797029519323;1.34698175729081;1.84;1.84;1.84;1.84;1.84;1.84;1.84;1.84;1.84;1.84;1.84;1.84;2.1063276464834;2.69996132940757;0.852471378622185;1.07289374362431;21.1181373233518;0.919420214645882;0.80632893413861;0.712071480197459;0.68;1.3497704223805;1.08327275127435;0.68;0.68;0.226237818028036;0.843510842526329;0.96;0.96;0.96;0.96;0.884192493167722;0.453244974894836;0.4;0.4;0.4;0.4;0.4;0.4;0.4;0.4;0.409168325117996;0.528327872407485;0.608255632661304;0.48;0.48
1.40015050725361;1.81402774228156;1.84;1.84;1.84;1.84;1.84;1.84;1.84;1.84;1.84;1.84;1.84;1.84;1.84;1.84;2.46054795084456;2.97693667376637;0.96;3.99043522140065;42.9567901133186;17.0639267189974;0.96;0.9322246810798;0.934500817427551;1.4333055044264;1.60803806115396;0.791867663061583;0.684804140096298;0.763440977814968;0.859504039954147;0.96;1.08962228172436;1.43899008333031;0.980094905291716;0.96;1.02819562779427;1.6062696253648;0.719229306930338;0.4;0.4;0.4;0.4;0.4;0.4;0.400877291030112;0.874863438038845;1.20622370379765;0.567706249670582;0.489957613603617
