0;0;0;0;0;0;0;0;0;0;0;0.00816209239770238;0.0295401355143056;0.0276002448935162;0.04;0.04;0.04;0.04;0.04;0.0112646791976411;0;0;0;0;0;0;0;0;0;0;0;0;0;0;0;0;0;0;0;0;0;0;0;0;0;0;0;0;0;0
0;0;0;0;0;0;0;0;0;0;0;0;0.00106597312448278;0;0.021958142622456;0.0128879458264181;0.0362284039982146;0.04;0.0361473700789731;0.00425738206763965;0;0;0;0;0;0;0;0;0;0;0;0;0;0;0;0;0;0;0;0;0;0;0;0;0;0;0;0;0;0.000549914048492959
0;0;0;0;0;0;0;0;0;0;0;0;0;0;0;0;0.00778681703115324;0.0353092205045704;0.0106302956033584;0;0;0;0.0017450557644479;3.22004939598889e-05;0;0;0;0;0;0;0;0;0.0010065574872786;0.00722419216078598;0;0;0;0;0;0;0;0;0;0;0;0;0;0;0.0176926064048;0.0251219425486152
0;0;0;0;0;0;0;0;0;0;0;0;0;0;0;0;0;0.00056148166968407;0.000536062434356776;0;0;0.0168245675816362;0.04;0.00304203154039569;0;0;0;0;0;0;0;0.0186684091291227;0.026979411115445;0.038059184061084;0.00824961353681494;0;0.00194071180495855;0;0;0;0;0;0;0;0;0;0;0;0.0198606675485149;0.04
0;0;0;0;0;0;0;0;0;0;0;0;0;0;0;0;0.0151132478411312;0.0390076331372373;0.019762116676109;0;6.2922273341404e-05;0.0302990231161887;0.04;0.0201609905086953;0.000624125202145898;0;0;0;0;0;0;0.0320422195876949;0.0275850249354262;0.0102629386894405;0.0021725134991219;0;0.00784641859572785;0;0;0;0;0;0;0;0;0;0.00439609647287583;0.00278226913962257;0.0234501061226005;0.04
0;0;0;0;0;0;0;0;0;0;0;0;0;0;0;0.0142229280491158;0.039410142497739;0.04;0.0170089801062202;0.00497480734345434;0.0191978615160784;0.04;0.04;0.04;0.00562403506166302;0;0;0.00178293295085322;0;0;0;0.0193227904434714;0.0136941458313946;0;0;0;0;0;0;0;0;0.00152892012616411;0;0;0;0.0197818314625183;0.0334339906908885;0.0298513493026748;0.0343624521309762;0.04
0.146016152140311;0;0;0;0;0;0;0;0;0;0;0;0;0;0;0.0139513102184465;0.04;0.04;0.0881986369549833;0.0371703886644301;0.0381653641984368;0.04;0.04;0.04;0.00933890203549527;0;0.0114136610150167;0.0329529687482549;0.00687136548138224;0.0289016609897978;0.0176531452274152;0.0238952434988143;0.0124992048222331;0;0;0;0;0;0;0;0.0138907036289486;0.03143561045897;0.00488200558056183;0;0.00551621812615968;0.0352075741648828;0.04;0.04;0.04;0.04
0.129378705889426;0;0;0;0;0;0;0;0;0;0;0;0;0.00911336987507743;0.00464273847443983;0.0135574924077584;0.110258333108173;0.10694567035821;0.564272195824726;0.270442251793989;0.04;0.04;0.407341819139035;0.0716804997683442;0.027976839109815;0.0237123043882985;0.0383892360608559;0.04;0.04;0.04;0.0287260748469317;0.04;0.0366704198117612;0.00675106598938416;0;0;0;0;0.0136019854583202;0.0350926768403966;0.0394166252364164;0.04;0.0352880153013903;0.022275648224832;0;0.0119737462978342;0.04;0.04;0.04;0.04
0;0;0;0;0;0;0;0;0;0;0;0;0.00267802296623258;0.0350398123938023;0.04;0.04;0.176444345745258;0.685752533140442;0.323416848720212;0.701631434729051;0.564150255539626;0.04;0.710427356092259;0.610627822369512;0.04;0.0169333370567453;0.0279780911975342;0.04;0.04;0.04;0.04;0.04;0.0354214448419252;0.00385793888978039;0;0;0;0.0171452926434295;0.0298816414777613;0.0314708865822108;0.0399680223855522;0.04;0.04;0.04;0.03668283740771;0.0399841397014447;0.04;0.04;0.04;0.04
0;0;0;0;0;0;0;0;0;0;0;0;0.00256547589301076;0.0329739799489216;0.04;0.04;0.0868499298162108;0.715614202157868;0.84;0.84;0.789610048565082;0.120091271203803;0.731141405956144;0.146793868100271;0.04;0.0370253335216738;0.04;0.0411748201197834;0.04;0.04;0.04;0.04;0.013371793021809;0.00299790835079372;0;0;0.00104835425135257;0.0159065061477993;0.0300397787792142;0.0114581817553305;0.00138785897907157;0.0188272548187654;0.037797100257196;0.04;0.04;0.04;0.04;0.04;4.67667508860522;0.04
0;0;0;0;0;0;0;0;0;0;0;0;0;0.00503763666625744;0.0381067729074656;0.100690633033085;0.661553104683143;0.264977091118972;0.669599934323533;0.594237329471663;0.84;0.103716863731997;0.827646231753357;0.583451158091061;0.600741589609533;0.478330578644291;0.574058420393013;0.126188232160609;0.04;0.04;0.04;0.04;0.04;0.0342512024893635;0.0178433051103589;0;0.0244197349607168;0.0398036685333849;0.0383441369410903;0.0282350720217989;0.00316752377855207;0;11.3959510153074;10.2691310669441;0.04;0.04;0.469246622410144;10.0215295562934;25.3865676565766;1.94708652077527
0;0;0;0;0;0;0;0;0;0;0;0.00867020034327819;0.0258254582783604;0.0281166716854511;0.0274703964600896;0.315473043159036;0.84;0.496305160179789;0.04;0.214078952501332;0.803799515092936;0.361431110783529;0.676779044519967;0.84;0.84;0.84;0.457000736806126;0.04;0.04;0.04;0.04;0.04;0.04;0.04;0.0260317608518255;0;0.000151210534686939;0.0222525752599454;0.0398420170850286;0.04;0.0321924260571464;0.00540856868798801;5.06621428869589;23.1870684329257;17.9960230761041;14.2380888437551;17.9754274450593;13.841724895862;4.88550099414997;0.381833957332872
0;0;0;0;0;0;0;0;0;0;0;0.0076248340160586;0.04;0.199301141404794;0.444187693181147;0.575782364228923;0.84;0.779179205567575;0.252987275523854;0.0572495628018929;0.493909786700844;0.84;0.466965591236018;0.830280173280134;0.588760280698767;0.204516312113963;0.0423987365794691;0.04;0.04;0.04;0.04;0.04;0.04;0.0300317248127034;0.00050282926942134;0;0;0;0.0276911535522297;0.04;0.04;0.04;0.04;2.58146088744973;7.12731774651906;28.3886473645072;22.2600116479462;2.60338736456828;0.04;0.04
0;0;0;0;0;0;0;0;0;0;0;0.0038924036024604;0.04;0.0167157287385139;0.741250027577343;0.84;0.84;0.84;0.84;0.384391567270248;0.84;0.84;0.816225538120633;0.576667739248484;0.04;0.04;0.04;0.04;0.04;0.04;0.0343786293695;0.04;0.0395909417673955;0.024505799276571;0;0;0;0;0.0291842232221239;0.04;0.04;0.04;0.04;0.04;0.408148375345705;4.17908023148037;12.6861914060269;13.6468054000137;0.739821726214624;4.10493483539633
0;0;0;0;0;0;0;0;0;0;0;0.0101600358434599;0.04;0.0397582372927691;0.169028237289107;0.797006089600896;0.877179704174982;0.88891178068642;0.843810017802892;0.853360895278402;0.84;0.84;0.84;0.636445392751864;0.519588208967042;0.357739832959954;0.273810462229598;0.256632106372262;0.04;0.0344906373750705;0.00781447228767872;0.0301455199036183;0.0166794412330386;0;0;0;0.000241156741743907;0.0156427654861644;0.0536635880438501;0.105495734508278;0.0475951576778559;0.04;0.04;0.04;0.04;0.04;9.03673590862234;25.2776215285872;23.047460551947;17.7983061884483
0;0;0;0;0;0;0;0;0;0.000299380342951474;0.00326897355882174;0.00506699413961568;0.0394783181809676;0.04;0.353210452346182;0.799028813533832;1.00684433194885;1.03739836199565;0.978630045289278;0.998374439657394;0.844083884758349;0.785076477640766;0.436605345762335;0.335800526441568;0.174913608538772;0.202650234254256;0.444445787434197;0.386667460524913;0.04;0.0387089194550371;0.0228175605254057;0.00627949564358108;0;0;0;0;0.0348502424674188;0.0510707216465448;0.289838261595507;0.368765431832835;0.0840753526574932;0.04;0.04;0.04;0.04;4.55708635212718;24.7444768181968;26.8841010569078;7.95106531497818;9.57280335877469
0;0;0;0;0;0;0;0.00357237629238168;0.00871277158830543;0.0373227745062055;0.0341543878505488;0.0347897331761541;0.0252188163387147;0.0318883941775241;0.517879850727237;0.881993834251177;1.06887969294464;0.975094686337565;0.926757154308834;1.02566573860372;0.779226982316305;0.533083212175284;0.84;0.81169710253831;0.152141963218826;0.04;0.0534388768051113;0.0501806258946924;0.04;0.04;0.039022645181512;0.011197089309077;0;0;0;0.00330339388580746;0.035891311426074;0.142077964442642;0.347395879449989;0.285913229457542;0.0480216939096542;0.04;0.04;0.04;0.04;0.131874149615668;9.99111736077531;7.33738560357487;0.04;0.04
0;0;0;0;0;0;0.00571342844031751;0.0260022916590475;0.0374787824696189;0.0399932151887993;0.04;0.0381850621775643;0.00939253100992276;0.000939956002283203;0.112323752807802;0.879711997558596;0.978819598138237;0.85933252841207;0.848040497725434;0.933934589740082;0.306130830319594;0.100226755724331;0.103475929435343;0.04;0.04;0.04;0.04;0.04;0.04;0.04;0.04;0.0161140731694177;0;0.0211152775303578;0.0196587496446446;0.0160988188414591;0.0216302975483239;0.263744775960659;0.397464830927849;0.074243464912018;0.04;0.04;0.04;0.04;0.04;0.04;0.04;0.04;0.04;0.04
0;0.0014601307940509;0;0;0.0117864649168567;0.0210086866181344;0.0397659843837572;0.0386804085449641;0.0238473251390401;0.0128610239730169;0.035439299189275;0.0290486146048231;0.00362162203878693;0;0.324568473728915;1.08692112895123;1.05608474291293;0.867187097990964;0.904282662731991;0.884270768144913;0.04;0.04;0.04;0.04;0.04;0.04;0.04;0.04;0.04;0.04;0.04;0.0272866650769697;0;0.0278135132470709;0.0270776826176552;0.0147993961270484;0;0.297947937064813;0.296801493294083;0.04;0.04;0.0394561111161485;0.0394138683765918;0.04;0.04;0.04;0.04;0.0363726294672854;0.04;0.04
0.0161405367082449;0.0345157047542697;0.0150579878694453;0;0.0249887251826935;0.04;0.0380691758445994;0.0194839765175709;0.000938425356415511;0.000626518416199859;0.0589798779301811;0.152921614369995;0.212413358258474;0.0115708765844756;0.534211195617798;0.846834419202944;0.956121795734391;0.879468683226365;0.924365635387948;0.886589374091576;0.094359112836969;0.04;0.04;0.04;0.04;0.04;0.04;0.04;0.04;0.04;0.04;0.04;0.0182781605621706;0.00757804341256842;0.0245504166204543;0.300286329944791;3.2798290997457;4.19514808927657;0.686218302388713;0.0977456735959772;0.350553168331914;0.0712061963269747;0.0119958717653734;0.0114061047383584;0.0394586295515299;0.0371517458443046;0.0270156889032842;0.00818505667818004;0.0392103110997938;0.04
0.0387144966310834;0.04;0.0355986205335549;0.00297757760205639;0.0212459811672568;0.04;0.0206241406353226;0.003127296841194;0.163797064986276;0.656412369165983;0.84;0.84;0.683265669673461;0.611167913091147;0.836716150468303;0.915984474989337;0.884567928857387;0.84;0.735862395277411;0.564308235774812;0.180708867782697;0.04;0.04;0.04;0.04;0.04;0.04;0.04;0.04;0.04;0.04;0.04;0.0122003859234395;0;0.0759146149198505;6.68712629507297;7.19298391621829;14.4;4.82768800067436;0.3613397829092;0.399952997048385;0;0.00697769733035769;0.0126208890201594;0.0080974769391315;0.00277165845188116;0;0;0.0228484377272784;0.0392046283199528
0.0221062760096844;0.04;0.0382275600974294;0.00531566397434083;0.0016342716160696;0.0135512827126651;0.0236417773163847;0.0725094118221748;0.729403592527609;0.84;0.84;0.84;0.461847495537251;0.515578547999724;0.867627345046372;0.9713739851561;0.846632846740454;0.364630002376557;0.0794785798042116;0.04;0.04;0.04;0.04;0.04;0.04;0.04;0.04;0.04;0.04;0.04;0.04;0.0296460964592347;0.000782778572991095;0;0.0185531184636509;2.06775207968381;9.75755066014373;10.4060460313358;2.2711547619646;0.375605651081451;0.26869294724823;0.120474402764153;0.0328148973061735;0.04;0.0337558391905;0.0280642839456455;0;0;0.00348496509236728;0.0244199292752496
0.0354930834636336;0.0386175655474389;0.0217542535805107;0;0;0;0.0808872857799378;0.667745717496885;0.84;0.84;0.84;0.84;0.775114052826137;0.781631131599657;0.84;0.84;0.703664028704989;0.0754060722819598;0.04;0.04;0.04;0.04;0.04;0.04;0.04;0.04;0.04;0.04;0.04;0.04;0.0911671819549054;0.18463183198203;0.204913404465507;0.222325989292859;0.0818845925399421;1.04203281089716;8.75245551610844;2.27057445694195;0.153996961091379;0.234428848702309;0.0965250449036162;0.00119038367196918;0.0376236395608517;0.024305475541491;0.0282029893019237;0.0292895821525732;0.0108514685005908;0;0;0
0.04;0.0130734081306665;0.00708714465758082;0;0;0.17378233436964;0.320085265471341;0.84;0.84;0.84;0.84;0.84;0.84;0.84;0.833829920952272;0.420410527140437;0.226605054722126;0.04;0.04;0.04;0.04;0.04;0.04;0.04;0.04;0.04;0.04;0.04;0.04;0.04;0.0795952107519377;0.0844796137420881;0.04;0.0918553419615762;0.150578372690408;5.6843582707427;1.6214043453685;0.275038188608054;0.388416254841213;0.4;0.144222544407938;0;0.00750080991269492;0;0;0.0144904961364908;0.0202329995910301;0.00442074986648951;0;0
0.00322843320723623;0;0;0.242483620556358;0.726453571530338;0.831405561061078;0.84;0.84;0.84;0.84;0.84;0.84;0.84;0.70775926612321;0.43928664966207;0.487557003180504;0.04;0.04;0.04;0.04;0.04;0.04;0.04;0.04;0.04;0.04;0.04;0.04;0.23335535103826;0.0659628916878977;0.04;0.106161620786033;0.205616517904354;0.203154499620789;0.251215299349966;7.03457069400707;0.293431323785522;0.210114326195196;0.4;0.399034580326297;0.103474750855287;0.140157427756981;0.01257485772101;0.249622374734706;0.312910671637859;0.19939211007257;0.0308613445484056;0.04;0.0134844441802245;0
0.300086198500211;0;0;0.0108275920584798;0.84;0.84;0.84;0.84;0.84;0.84;0.84;0.84;0.84;0.84;0.84;0.84;0.382024451283422;0.120240034546769;0.04;0.233071208879446;0.33396850115492;0.04;0.04;0.04;0.04;0.04;0.04;0.04;0.41708869878795;0.157270129725435;0.102088530082268;0.208450191421251;0.32367037450755;0.4;0.4;6.2358391965598;0.247425650289378;0.396964125756894;0.4;0.4;0.305976751786132;0.156198065322242;0.28226730540833;0.4;0.309889622852227;0.233117920120421;0.04;0.04;0.0206047867829446;0
0.095643803270671;0;0.032889051899486;0.552413480565811;0.637309276527005;0.84;0.710494198727852;0.770003026892682;0.84;0.84;0.84;0.757767999661782;0.472662085334488;0.752390616381558;0.182850887761778;0.729859497461848;0.84;0.703169834182072;0.460767066063594;0.833909027413465;0.837738466925919;0.117449914119993;0.04;0.04;0.04;0.04;0.140081981103186;0.323322372221737;0.425371434708664;0.0405112014189645;0.233836555591168;0.322200330744141;0.203772301834036;0.4;2.16093341264504;4.49350940094249;0.385950907388435;0.4;0.4;0.375913418789779;0.103061210296908;0.224877906926826;0.388520104568018;0.307055908489328;0.0518656937115589;0.04;0.04;0.04;0.0354355709747097;0.00139490214564794
0.230535023716047;0.0120301984827965;0.420384655517485;0.84;0.84;0.491476210977368;0.528059685825203;0.84;0.84;0.84;0.768006462808699;0.120951464959101;0.04;0.486879305785476;0.04;0.156837727477847;0.712508066018832;0.827764758215723;0.394479964858659;0.834403984085974;0.84;0.44468657197617;0.04;0.04;0.0486632999132591;0.04;0.0501782438187232;0.238831428775617;0.330894136821092;0.0560916073001574;0.0521905809784542;0.128163781433211;0.286385854948034;0.4;5.95340900000207;5.16352517045103;0.4;0.397825921372045;0.273490079876861;0.122841391371857;0.04;0.04;0.0554754733316274;0.0865264871573484;0.0366704640485878;0.025507324103592;0.0295986790438702;0.0253303043924731;0.0329585812010651;0.00520184243093245
0.668789856006676;0.819532205876503;0.84;0.84;0.636407215342813;0.0773374251287921;0.430406486993547;0.664983288710107;0.766217575859465;0.534107032899745;0.422484236340653;0.04;0.04;0.0927091763807134;0.04;0.386037140658441;0.362804426652685;0.198973697067702;0.0452963845317015;0.128311661734749;0.681447362125979;0.236104834764131;0.112212379575545;0.377582579071214;0.352950004111727;0.100417075198379;0.0466562413264967;0.202783377805941;0.29722427373654;0.0776775680602295;0.196584257680459;0.189669694340757;0.4;0.4;7.20873584558726;1.93085587944828;0.4;0.113481747268144;0.04;0.04;0.04;0.04;0.0390331878700732;0.0366644812906304;0.0145824196027383;0;0.00103913684217696;0;0.00815972357571001;0.00184196821953548
0.524424217621816;0.444217082862603;0.829182787927211;0.820373724127676;0.211161688344711;0.04;0.0444127311603874;0.596277838815363;0.634241357285449;0.101992745655148;0.0537328727437121;0.04;0.04;0.04;0.04;0.263507919872337;0.280513526300127;0.04;0.04;0.04;0.391149889496155;0.04;0.227676797948343;0.328475499741407;0.4;0.28687308361358;0.199903498626728;0.282217876630738;0.23406820461161;0.0668695196943852;0.133087000348332;0.202370854998502;0.4;0.399972327050168;6.05087192644577;0.602812293344914;0.350263605337419;0.0451520873820188;0.04;0.04;0.04;0.04;0.0325093571781168;0.00906059848910576;0;0;0;0;0;0
0.155710490273266;0.715393201712235;0.84;0.827489661378746;0.449293814649153;0.4492763142991;2.92508486140671e-05;0.141914202282511;0.148630490496213;0.0742523416882896;0.04;0.04;0.04;0.04;0.04;0.04;0.04;0.04;0.04;0.0400567244781481;0.366628874522797;0.04;0.04;0.211701414432097;0.4;0.370867210036929;0.380730138369739;0.4;0.35941040851638;0.0384746343091005;0.114786118963964;0.329197347642016;0.0724780112835113;0.385543632180555;9.12881245770585;1.25302513307778;0.234343783391139;0.04;0.0548921682164498;0.04;0.04;0.04;0.04;0.0267705994754227;0.00448401298954992;0;0;0;0;0
0.726118956990578;0.824442933642215;0.84;0.84;0.501247958592008;0.0971928307403185;0.0188177998084251;0.00471703278794249;0.039629682755888;0.04;0.04;0.04;0.04;0.04;0.04;0.04;0.04;0.04;0.04;0.04;0.04;0.04;0.04;0.121715549035221;0.386308400120651;0.4;0.4;0.4;0.399944960347838;0.101418738312079;0.0543996438461194;0.276185855732699;0.27639536086023;1.89105152664869;13.1743836034727;2.57460917600119;0.377220998391577;0.223482576216875;0.227117648243888;0.04;0.04;0.04;0.04;0.04;0.0352634142347797;0.0308898404159156;0;0;0;0
0.782607215930539;0.632436429768427;0.488463800972355;0.853053037944974;0.194162365062763;0.0312658586888937;0.00673340324151795;0.0309987137728371;0.04;0.04;0.04;0.04;0.04;0.04;0.0297747740229798;0.0347316417162013;0.0355817423781489;0.0305727044814732;0.0348474340338757;0.04;0.04;0.04;0.04;0.04;0.381626116089785;0.4;0.4;0.4;0.4;0.0322418424287312;0.0113333164048072;0.172348365256841;0.345953871240405;0.866409032144418;14.4;4.61215476489908;0.20930368194559;0.0592456048355903;0.04;0.04;0.04;0.04;0.04;0.04;0.04;0.0398980981844943;0.00771980527867998;0;0;0
0.563697871586942;0.0206476568290032;0.0960325112342483;0.572381344652796;0.0710390963701599;0.00488478734938555;0;0.027261344175972;0.04;0.04;0.04;0.04;0.04;0.0297603179346924;0.00226462664236692;0.0263734432904515;0.00873667130023241;0;0.0146322251888246;0.04;0.04;0.04;0.16250178245591;0.21203015527837;0.403544368561777;0.206616802008927;0.396604184120148;0.4;0.4;0.318463190096734;0.129042598406474;0.0221587926648642;0.245032758105577;3.35396675249169;12.4706287891261;1.83442041356669;0.0736031419053985;0.210494127655109;0.04;0.04;0.04;0.04;0.04;0.04;0.04;0.0269871967326066;0.0114299140717373;0;0;0
0.85938863324034;0.0146174967077534;0.0184515580140072;0.327246238489033;0.04;0.0278789834440533;0.00108058119450327;0.0235240536628291;0.04;0.04;0.0327082876466112;0.04;0.04;0.00713434610925615;0;0.0226477399647236;0.0232230783730291;0;0.000349202240863815;0.0322812427606398;0.04;0.04;0.336998545420868;0.188696457423283;0.280218218436352;0.0683557445072314;0.36816750488258;0.4;0.4;0.294610156102413;0.0977185654283327;0.000874106759901907;0.0325194517032112;0.237958212106711;0.39675310494428;0.26865702267084;0.273813769918876;0.180317398961129;0.04;0.04;0.04;0.04;0.04;0.0398656605514477;0.0322532372036949;0.0108377016365312;0;0;0;0
1.16189560003012;0.656547641051491;0.657588560254779;0.207709095764181;0.122428800131559;0.0112915739305943;0.0279166796283343;0.0318398565700784;0.0385191908111214;0.0247293409171872;0.0360449216938719;0.04;0.04;0.0243244066856235;0.01490222188248;0.0393008310598321;0.0316686140793079;0.0205294619885988;0.0107079304416314;0.02;0.0437716891956669;0.107257590924343;0.243449927496447;0.266309976401679;0.32335434127111;0.163413814662106;0.308000089833107;0.391498799334217;0.371021692944489;0.0677708626562613;0;0;0.0019476985780656;0.18201707326454;0.332084271174819;0.335344977141547;0.345523022246742;0.0901751713223627;0.04;0.04;0.04;0.04;0.04;0.0191956072703883;0;0;0;0;0;0
1.2;1.08881742166431;0.562290323682161;1.06252505825167;0.558814691254869;0.00308740784598742;0.0355223525018853;0.04;0.0260576147232576;0.0341504086379429;0.04;0.04;0.04;0.0381560300951834;0.0362873182375729;0.0398464493329637;0.00857780988228059;0.0249852247093804;0.0221998955412522;0.0331154312671604;0.0632895806303248;0.48;0.48;0.430866406141232;0.465774873185986;0.266036520991318;0.062120203225112;0.34546097343727;0.300851376424741;0.002908640106736;0.013581712002815;0;0;0.310839509381198;0.4;0.101938813957246;0.198908766414304;0.199895167804344;0.04;0.04;0.0397352048390773;0.0183162071195627;0.00153209220971912;0;0;0;0;0;0;0
1.00537544405752;0.751128026199716;0.631501341795272;0.187146996098322;0.47306465772592;0.00736384916446688;0.0193459236031682;0.038466009390603;0.0221929411655647;0.04;0.04;0.038892093868088;0.0344539930729195;0.0309016197087277;0.0320464056611468;0.00104035287159495;0;0.0341173830383192;0.0138412791144568;0.0310549808299169;0.04;0.315752329098375;0.48;0.48;0.48;0.48;0.214646156018379;0.338182603039035;0.296911605275856;0.0371068564644814;0.134419166411964;0;0.150313748678435;0.4;0.4;0.155658078193708;0.223148170934717;0.117911007974387;0.04;0.04;0.04;0.0397169389804599;0.0151386694476029;0;0;0;0;0;0;0
0.54953964007329;0.00476167295589134;0.00333972752792761;0.0041895484583344;0.0184754311284233;0.0356707853866853;0.0390742830283964;0.0289765546842013;0.0277182410619145;0.04;0.0117006409204286;8.78757707308978e-05;0;0.000666134023759514;0.0347027758146636;0;0.0102873482937238;0.0392827307290404;0.00379406964966058;0.0113307748020683;0.04;0.0428021780406125;0.436288022552826;0.48;0.408556554287414;0.455700321431568;0.276880890276711;0.379495960616722;0.4;0.397840005326614;0.0259141244139214;0.0197906581711823;0.312470842207384;0.4;0.4;0.349850840917117;0.366195143863866;0.0828381301121615;0.04;0.04;0.04;0.0340299806597151;0.00165046553343545;0;0;0;0;0;0;0
0.0604471346018366;0;0.0101553824527027;0.0250050731002353;0.0230843201929546;0.0369046989514331;0.04;0.0352660554737944;0.0367690676593281;0.04;0.0157124282503605;0;0;0.00383079986353588;0.0330398961950758;0.0383454264958389;0.04;0.0287548590891465;8.35474769451697e-05;0.000493630438503823;0.0193641405383272;0.039315044774257;0.3992284749395;0.48;0.41446525905097;0.270439291644354;0.401008416992586;0.287505815710196;0.346201008006357;0.395775354320855;0.187265139933792;0.268904477235617;0.4;0.252555859896637;0.308739072652744;0.179129003895229;0.161400730956845;0.04;0.0396271099060857;0.0385471516714575;0.04;0.0205409201916386;0;0;0;0;0;0;0;0
0;0;0;0.0258789497131924;0.0371554119730732;0.04;0.0316003540484096;0.0119230472393409;0.04;0.04;0.04;0.00941737623611957;0.00100146278563908;0.0291581704588283;0.164732751714275;0.228772814298965;0.04;0.0245365649271488;0;0;0.00244508990427308;0.0621288998403317;0.380932047187514;0.48;0.360864010350406;0.393065284093881;0.437055773618675;0.135199514356324;0.252292012991727;0.145367012593256;0.0201918465570132;0.172152695160585;0.354395892464187;0.0938387335008792;0.301658695185475;0.0527698267369818;0.04;0.04;0.0163667039176559;0.007678295506616;0.0116646597307175;0.00236898779032585;0;0;0;0;0;0;0;0
0;0;0;0;0.00616716951152649;0.00677258269134909;0.00184235788551252;0.0113747080511459;0.04;0.04;0.04;0.00345835769707337;0.0153322071438847;0.0621683406886417;0.418788942414914;0.473259535229411;0.0368139923577217;0.00462738659735274;0;0;0.0627522912722796;0.304424759123527;0.343587925281022;0.48;0.35252985981768;0.124636511477346;0.203726966830089;0.123495524216772;0.37066347730423;0.350939050113067;0.277296717637672;0.297724646334641;0.395478987126839;0.378021273990823;0.334804563765166;0.0225439515176524;0.00958418642650358;0.00518634100640193;0.0206289415521945;0.00878693142312663;0.000295673759766293;0;0;0;0;0;0;0;0;0
0;0;0;0;0;0;0;0.0150467004832855;0.0397024619170567;0.04;0.04;0.0401849644659732;0.0318469805842613;0.100400287047727;0.321938580175498;0.0694647893656977;0.0302701152746207;0.0722087715044618;0.0374820052697814;0.0898773471306638;0.0399302863732515;0.262393661420266;0.48;0.48;0.478199507471091;0.147020123876152;0.04;0.325234884127835;0.4;0.4;0.358239805705301;0.332196350012163;0.4;0.389361520695586;0.280657273289303;0.135688487286982;0.00478169067544164;0.0134256170151209;0.00492953405780967;0.0348790245066188;0.0198890028533337;0.00539129440737888;0;0;0;0;0;0;0;0
0;0;0;0;0;0;0;0.000680193684448651;0.0355021347710099;0.04;0.182193947895438;0.399936224663586;0.189359594421702;0.10707963430114;0.394153966275779;0.389391704939155;0.48;0.48;0.412833318932434;0.446208801668909;0.196188797474927;0.0482316345475617;0.386587031258522;0.48;0.40179409971509;0.164554622619749;0.04;0.291866341422684;0.4;0.330061117090234;0.168844421594317;0.240159193956414;0.4;0.234552015931622;0.0181387230386175;0.00849882443591626;0.0332951063087399;0.0399478154719644;0.0385322155519389;0.04;0.04;0.0162070859650417;0;0;0;0;0;0;0;0
0;0;0;0;0;0;0;0.00821581041950734;0.0279677935892016;0.0193388264961319;0.446244416742526;0.48;0.233275014022282;0.377191416401124;0.48;0.48;0.48;0.48;0.48;0.48;0.405950392825432;0.199211750237748;0.48;0.48;0.338486011941946;0.0402531316983778;0.0412619926137964;0.290204300897241;0.289571045541733;0.209697682316664;0.161602981937351;0.135342411226236;0.244944122983129;0.365427076580936;0.223623360541347;0.0296731809616841;0.04;0.04;0.04;0.0375812754568644;0.0331882045433391;0.004991886693794;0;0;0;0;0;0;0;0
0;0;0;0;0;0;0.214014164696407;0.0101991058347747;0.0604309033613652;0.203027136549391;0.47375291930424;0.0475576528621464;0.0846141330790416;0.383884290399996;0.48;0.48;0.48;0.48;0.48;0.48;0.48;0.48;0.48;0.48;0.473024896680429;0.14049705346912;0.0628783980610075;0.338656460241854;0.118914661247605;0.42733142184895;0.48;0.396611081440073;0.120250795362706;0.115584629789713;0.198665073144304;0.00159549016475347;0.0109403985615354;0.0128651211030695;0.0223149820174091;0;0;0;0;0;0;0;0;0;0;0
0;0;0;0.0206768206746087;0;0;0.380111269126319;0.357681132258036;0.48;0.48;0.48;0.0386743400752031;0.0232204762680456;0.156410193624906;0.48;0.48;0.48;0.48;0.48;0.48;0.48;0.48;0.48;0.48;0.434239025972791;0.0429131788914884;0.0891809936631169;0.0942096589961555;0.04;0.333535342321172;0.48;0.48;0.401605126280829;0.0650632054066117;0.000591121756145731;0;0.000627769180052594;0.0129493163824547;0.00407319573260093;0;0;0;0;0;0;0;0;0;0;0
0;0;0;0.325401532674389;0.151679891619938;0;0.17441240318467;0.48;0.48;0.48;0.181263324089712;0.0056914316442822;0.00916485254467493;0.244271857090026;0.48;0.48;0.48;0.48;0.48;0.48;0.48;0.462075905799125;0.252762536764907;0.138522181176348;0.0881909513623624;0.167735018113752;0.119282960774994;0.04;0.0456779984007191;0.464246383050357;0.477557801393475;0.48;0.30356374573016;0.132101976181992;0.055572222602759;0.0534244471002688;0.00858921790122986;0.04;0.0291365447672863;0;0;0;0;0;0;0;0;0;0;0
0.00074206906538112;0.0414236789147821;0.389604197448383;0.436854992667186;0.252767956588045;0.0102792135771822;0.248314726132729;0.48;0.48;0.459100676474704;0.34449440592674;0.100918731771914;0;0.249632406364381;0.48;0.48;0.48;0.48;0.48;0.48;0.48;0.253181940128505;0.242710382436661;0.377729779740749;0.426361451573064;0.358235774736766;0.282637909528143;0.258306720276923;0.04;0.0747922714098486;0.40023317678924;0.383817576369068;0.387196630331753;0.341394315471079;0.2506308548953;0.202332089300138;0.04;0.04;0.034029938038718;0;0;0;0;0;0;0;0;0;0;0
0.0189760299937412;0.0880965207602203;0.48;0.48;0.327482966505009;0.0153132956304594;0.48;0.48;0.48;0.48;0.199401518561204;0.0141108135791511;0;0.362610352828249;0.48;0.48;0.48;0.456394582286495;0.436128674472912;0.48;0.416223700088634;0.169630182296169;0.48;0.48;0.48;0.19143998019933;0.48;0.349464603430895;0.159367483894435;0.3493148058786;0.478774161808104;0.431974857254288;0.279190808833998;0.148983658653671;0.351561578889677;0.261866896190448;0.0973105093926263;0.04;0.037720430870913;0;0;0;0;0;0;0;0;0;0;0
