0.109835497043282;0.624536905789193;0.8;0.8;0.8;0.793051639867295;0.57169256130999;0.8;0.8;0.8;0.242096618514741;0.04;0.04;0.04;0.04;0.04;0.04;0.04;0.0222561837910472;0.0389387135014504;0.04;0.04;0.04;0.04;0.04;0.04;0.04;0.04;0.04;0.04;0.109129475277971;0.774115247469141;0.874583362093282;0.68310508144344;0.04;0.04;0.04;0.04;0.04;0.04;0.04;0.04;0.04;0.0425615826678694;0.0565088235258848;0.0745620750578808;0.08;0.130877168284688;1.06025315136817;0.413367081209263
0.04;0.287694096948724;0.574096389495348;0.787617527348444;0.8;0.8;0.8;0.8;0.8;0.8;0.415340741867827;0.04;0.423039691205228;0.29731931483885;0.04;0.04;0.04;0.04;0.0213862169655971;0.04;0.04;0.04;0.04;0.04;0.04;0.04;0.04;0.04;0.04;0.04;0.04;0.0799124215008039;0.176781123573525;0.706936024005425;0.04;0.04;0.04;0.04;0.04;0.04;0.04;0.04;0.04;0.04;0.04;0.0400923945457507;0.0529487831501962;0.0698186009773026;0.0799558494538907;0.315044559852619
0.04;0.04;0.383471894218663;0.792062376539638;0.8;0.8;0.8;0.8;0.8;0.8;0.780405619163969;0.734334588332055;0.8;0.72692327422693;0.102702531374717;0.04;0.04;0.04;0.0225551453795284;0.0398768069808371;0.04;0.04;0.04;0.04;0.04;0.04;0.04;0.04;0.04;0.04;0.04;0.04;0.04;0.04;0.04;0.04;0.04;0.04;0.04;0.04;0.04;0.04;0.04;0.04;0.04;0.04;0.04;0.0410019514681899;0.0486537649122622;0.587674143599622
0.305727719772412;0.154762974222749;0.227688582170839;0.732650824873952;0.8;0.8;0.8;0.8;0.8;0.8;0.8;0.8;0.8;0.8;0.619703926015273;0.204635894833806;0.04;0.04;0.0302345571633088;0.0234472425424927;0.04;0.04;0.04;0.04;0.04;0.04;0.04;0.04;0.04;0.04;0.04;0.04;0.04;0.04;0.04;0.04;0.04;0.04;0.04;0.04;0.04;0.04;0.04;0.04;0.04;0.04;0.04;0.04;0.187489488359828;0.947489710735301
0.8;0.8;0.673951454130359;0.495604691946013;0.8;0.8;0.8;0.8;0.8;0.8;0.8;0.8;0.8;0.8;0.601765489196332;0.4706032498168;0.114930139525445;0.04;0.04;0.0209551707631317;0.020377744033747;0.0718703040963902;0.0604093914389661;0.04;0.04;0.04;0.04;0.04;0.04;0.04;0.04;0.04;0.04;0.04;0.04;0.04;0.04;0.04;0.04;0.04;0.04;0.04;0.04;0.04;0.04;0.04;0.04;0.670773450451712;1.24576619188577;1.28098502864231
0.790446339084968;0.8;0.8;0.8;0.8;0.8;0.8;0.8;0.8;0.8;0.8;0.8;0.8;0.785411997299279;0.503543384365037;0.444087116765743;0.0974118362547895;0.0270935044366866;0.04;0.04;0.0127721533041486;0.265223594500311;0.46228643198715;0.228165240271649;0.0489293598248623;0.103006087234445;0.04;0.04;0.04;0.04;0.04;0.04;0.04;0.04;0.04;0.218543008744661;0.289477471149101;0.04;0.04;0.04;0.04;0.04;0.04;0.04;0.04;0.04;0.246118799045614;1.17539650062011;1.42602612332615;0.670297888201894
0.0880142429374343;0.325557303141244;0.545416565670544;0.790495799942742;0.8;0.8;0.8;0.8;0.8;0.8;0.8;0.8;0.799807889839858;0.636111946193949;0.48;0.385414153026044;0.0952697452326124;0.0184555609644126;0.0293611577337806;0.04;0.04;0.103696656462798;0.440893796603152;0.487110144215869;0.273240208104485;0.7153722638804;0.137275631161456;0.474167589117234;0.0421360079241049;0.04;0.04;0.04;0.04;0.04;0.04;0.659294599526179;1.14024212212463;0.04;0.04;0.04;0.04;0.04;0.04;0.04;0.04;0.04;0.0955926854839459;0.271753420959278;0.456862100452039;0.08
0.409322006139967;0.109882085273645;0.04;0.132865518818528;0.638262201277467;0.8;0.8;0.8;0.8;0.8;0.8;0.8;0.728594455231532;0.48;0.48;0.197867929288109;0.230062728412449;0.216776122095215;0.0386249632849699;0.04;0.04;0.0128368742917758;0.0898976714153042;0.428859203081089;0.386780836361525;0.851917406850193;0.883939114637427;0.848783319731642;0.793744906713762;0.256736070759638;0.04;0.572986639160186;0.167468355356798;0.04;0.04;0.081028690857364;0.981055850887522;0.631020642451942;0.568057080747467;0.04;0.04;0.04;0.04;0.04;0.04;0.04;0.04;0.0604448137692725;0.08;0.08
0.729495501107446;0.781334875422034;0.320102912623574;0.395200250684928;0.779543443928007;0.8;0.8;0.8;0.8;0.8;0.8;0.8;0.620052917351871;0.4900852318489;0.48;0.178908704273242;0.133247534039795;0.272763923868765;0.0611427538479857;0.04;0.04;0.0097102404310368;0;0.0613004281785985;0.114181805366954;0.826189783603372;0.893631801503827;0.974315672960547;1.14665926737695;0.577286532853739;0.187169179165113;0.102682839968162;0.565283652538509;0.049820578416825;0.426819760900736;0.962485469154827;1.13710282120224;0.936238237238826;0.174804861370973;0.04;0.04;0.04;0.04;0.04;0.04;0.04;0.04;0.0410351907275866;0.0493904809312596;0.0564757876390591
0.450367218906801;0.515307109709605;0.613693245147016;0.503267097372272;0.449396361502446;0.544618273569065;0.753641611491012;0.8;0.8;0.8;0.8;0.8;0.799501691754318;0.745543330115865;0.625342580261028;0.49654841401536;0.354413982521807;0.185185013968979;0.34156928891201;0.0655581400519478;0.04;0.0136474689670838;0;0.00521695108111903;0.0993472432900223;0.457220751317069;0.874347201164453;0.88;1.05742792411684;1.14180827557572;0.998307556054519;0.553412489718342;0.878071758624156;0.647076908854049;0.823847490376083;1.16;1.16;1.16;0.784171022847758;0.240704292916671;0.04;0.04;0.04;0.04;0.04;0.04;0.04;0.04;0.0171898533068716;1.58880702857137e-06
0.0563845370230316;0.04;0.04;0.04;0.04;0.04;0.167545894065927;0.301308851573365;0.765435511888685;0.8;0.8;0.8;0.8;0.8;0.8;0.770833768719227;0.617784973225911;0.48;0.48;0.261131901585884;0.0633247390441045;0.00764258427235012;0;0;0.0237023104526435;0.0668390461305156;0.618502097525358;0.88;0.927964497833077;0.892490386743304;0.88;0.88;0.88;0.88;0.945596591503872;1.11618100318488;1.16;1.16;1.16;0.895732961582684;0.685453296502379;0.139633540106652;0.0580325303098712;0.269138236694693;0.04;0.04;0.04;0.04;0.0384577679200459;0.0219000987269603
0.470983249153272;0.229025358541666;0.549368859252842;0.349704498997409;0.04;0.04;0.04;0.04;0.205919959210278;0.8;0.8;0.8;0.8;0.8;0.8;0.8;0.729791954247281;0.48;0.48;0.48;0.115762888142816;0.00096420433176577;0;0;0.231814239946706;0.48;0.683941188080211;0.532446648639753;0.723456953653419;0.863697559799718;0.88;0.573105857696636;0.585320126384963;0.634454202979198;0.833696784610937;0.950099707619064;1.04522295515435;1.03295578590044;1.11617106133769;0.98560106395598;0.88;0.88;0.415908300475789;1.08777877122515;0.46143048931338;0.040972670535668;0.04;0.04;0.04;0.04
1.07980016578486;1.08;1.08;1.03731869937465;0.04;0.04;0.04;0.04;0.26853214280461;0.8;0.8;0.8;0.8;0.8;0.8;0.8;0.761338460907712;0.48;0.48;0.48;0.458190802726699;0.289540104452183;0.323196028618142;0.382693211908266;0.452867208871384;0.489897027571592;0.657230305976101;0.311120380064783;0.11024616920813;0.144968217088518;0.322491053943569;0.597648080215586;0.411674223825335;0.115649001308246;0.523981640029421;0.88;0.88;0.88;0.88;0.88;0.88;0.88;0.88;0.926039087737198;1.13618911902361;0.928534821958597;0.0582985754957423;0.04;0.04;0.04
0.285787066610164;1.07451627299675;1.08;1.00653334497574;0.0780620583500344;0.04;0.143200655850219;0.262434246408287;0.608177712081891;0.8;0.8;0.8;0.8;0.8;0.8;0.8;0.792498952995241;0.48;0.48;0.48;0.48;0.48;0.48;0.48;0.48;0.676361427076569;0.76;0.71112792303546;0.0920274574479995;0.04;0.04;0.043785919916651;0.123800482731033;0.0413694210968351;0.697222677871357;0.88;0.963578262556257;1.03382999106038;0.917895283944532;0.952404220485874;0.986900719635328;0.88;0.88;1.01097259094466;1.16;1.15103620903819;0.145501826579308;0.04;0.0355131863820451;0.0294556817889949
0.550146303779316;1.04537031077938;0.389915597077645;0.409484311978374;0.120904585548198;0.0785307054451907;0.720200854151002;0.8;0.8;0.8;0.8;0.8;0.8;0.8;0.8;0.8;0.8;0.482948446959257;0.48;0.48;0.48;0.48;0.48;0.48;0.506227698068591;0.738565227690538;0.76;0.76;0.545826579946456;0.0672463744098371;0.04;0.04;0.04;0.04;0.04;0.470323187003448;0.753643694602403;1.15521423771079;1.16;1.16;1.16;1.02043974196342;0.943189241063708;1.01908780465685;1.16;0.914309469808458;0.04;0.04;0.0254172336929456;0
0.054243530612284;0.0417084188221022;0.04;0.04;0.04;0.0512713746507323;0.304502781755989;0.342029642503643;0.499096544330753;0.8;0.8;0.8;0.8;0.8;0.8;0.8;0.8;0.509550891320035;0.48;0.48;0.48;0.48;0.48;0.48;0.568801939599965;0.76;0.76;0.448570523941529;0.438465800134673;0.588899482259787;0.04;0.04;0.04;0.04;0.04;0.04;0.0565600762004223;0.228264189310938;0.953490356983343;1.16;1.16;1.15185114441086;1.10270462250696;1.0298504187303;1.10373627046305;0.804081366196333;0.0360433555954136;0.0220818984182653;0.00322420412424986;0
0.04;0.04;0.04;0.04;0.04;0.04;0.04;0.04;0.04;0.223085657179746;0.585710277886522;0.8;0.8;0.8;0.8;0.8;0.8;0.541088974717632;0.48;0.48;0.48;0.48;0.48;0.48;0.662262695520738;0.76;0.475978975903101;0.150855325052892;0.225827268244163;0.48102516477939;0.0454832495533192;0.04;0.04;0.0318454946417879;0.0365895358634621;0.04;0.04;0.04;0.04;0.612578175280057;0.940110175584003;0.185985857770268;0.466707611477847;0.281351003950463;0.646443661053494;0.729323284615164;0;0;0;0
0.04;0.04;0.04;0.04;0.04;0.04;0.04;0.04;0.04;0.04;0.0817005302854942;0.502457166340414;0.763622476614407;0.8;0.8;0.8;0.8;0.572626362342387;0.48;0.48;0.48;0.48;0.48;0.48;0.624549048799818;0.76;0.76;0.433288740962133;0.167002128560062;0.0489293826269346;0.04;0.04;0.0304398576639062;0.000239646802324741;0.00185257146902828;0.0108717573426198;0.0232618452302182;0.0312144568061456;0.0374677654746632;0.04;0.574673698907695;0.212565836545249;0.0135137120408599;0;0;0;0;0;0;0
0.04;0.04;0.04;0.04;0.04;0.04;0.04;0.04;0.04;0.04;0.04;0.0764431026896694;0.697277421470001;0.8;0.8;0.8;0.799409828309827;0.544406008659049;0.48;0.48;0.48;0.48;0.48;0.48;0.49176058317792;0.742140778944563;0.7092397164137;0.59905405823784;0.10763605699108;0.04;0.04;0.04;0.018668362295302;0;0;0;0;9.66560822911561e-05;0.0029082056817395;0.0115640423805919;0.0976410021370217;0.0219205143624917;0.00415530486292798;0;0;0;0;0;0;0
0.04;0.04;0.04;0.04;0.04;0.0432208066364821;0.04;0.04;0.04;0.0433824901024811;0.282159438661712;0.619674020209504;0.8;0.8;0.8;0.8;0.678891596160528;0.48;0.48;0.48;0.48;0.48;0.48;0.48;0.582368103211814;0.757640812354807;0.197446118336937;0.04;0.04;0.04;0.04;0.04;0.0261394172561435;0;0;0;0.0758317842924289;0.448424977436662;0.089562010407605;0.0613115513226242;0;0;0;0;0;0;0;0;0;0
0.397834231011011;0.530573185590096;0.402997347064072;0.26755491053788;0.397369403914921;0.755806844023032;0.494848431812832;0.589610455624526;0.684338718010578;0.777681906936131;0.8;0.8;0.8;0.8;0.8;0.788854957107816;0.555340725037831;0.48;0.48;0.48;0.48;0.48;0.48;0.480964588521077;0.700034072719707;0.76;0.31266382923438;0.115701569639012;0.294896233776864;0.04;0.04;0.04;0.0399856317179396;0.0240595080427732;0.000438592234667473;0;0.0245193625492933;0.561230655787922;0.99585904083519;0.833752757726089;0.81291660575429;0.481884871401598;0.559225053295959;0.682312637406867;0.567213105140093;0;0;0;0;0
0.463438187011911;0.916979339370907;1.08;1.08;1.08;0.846910796087515;0.742158485175209;0.8;0.8;0.8;0.8;0.8;0.655589588427916;0.674821120356107;0.8;0.74394836884102;0.48;0.48;0.48;0.48;0.48;0.48;0.464293299971;0.409393359267918;0.292481391284736;0.76;0.76;0.226684090900571;0.734059611795787;0.422866310351263;0.0611558288828507;0.04;0.04;0.0395258807690393;0.00650999533432321;0;0;0.0084939198266384;0.384373588509772;0.972399178023288;1;1;1;1;0.584683561707267;0.00307277539295644;0;0;0;0
0.33191348096093;1.04592857896471;1.08;0.893294190064969;0.219335094873421;0.081555877516922;0.0418516423215215;0.266651665836805;0.530646131074309;0.8;0.8;0.748761523214572;0.125305549159174;0.0784338125860493;0.670214093331461;0.560555088687992;0.48;2.57889835163637;9.67586349674664;0.531226420235584;0.48;0.48;0.267194747602057;0.0796895099622623;0.0936430392266032;0.619943374169887;0.76;0.646174748771688;0.540585973101947;0.451509796448052;0.076522126536986;0.04;0.04;0.0145601976505176;0;0;0;0.224578873182855;0.632237891739546;0.91752322275411;1;1;0.967264496177668;0.585760455524932;0.0715784756680165;0;0;0;0;0
1.04130859317501;1.06489590391013;0.490163817708381;0.100470956270553;0.04;0.04;0.04;0.04;0.0551885165527359;0.649841991089718;0.8;0.715827534738649;0.177985136318826;0.346378485904075;0.6320938967275;0.500579314982117;5.03418351794264;6.74414047706221;10.1952770445498;1.19844418725387;0.686863870414364;0.530773819036158;0.148827609203802;0.04;0.119666694175283;0.540681119588143;0.362666448572185;0.0915853361218367;0.04;0.04;0.04;0.04;0.04;0.0317803267440781;0.00186160036825465;0;0;0.0289382835989818;0.00918268574324463;0.644735288736194;1;0.663838596496295;0.00167153128422797;0;0;0;0;0;0;0
0.987843716949736;0.169831518357351;0.04;0.04;0.04;0.0382911031300419;0.02402338289849;0.04;0.0277741493491375;0.660764568648836;0.773082188383168;0.225581960484892;0.154764513823298;0.748128609775218;0.755340916674857;0.48;6.87801568846865;15.7976002627018;11.2065039602385;2.40135405765538;0.865086301178198;0.831480538505696;0.201697595259671;0.0500841344828219;0.4765633357014;0.151320764162912;0.04;0.04;0.04;0.04;0.04;0.04;0.04;0.04;0.00686660951113082;0;0;0;0.0766674937320028;0.959732647045443;1;0.0816509489471965;0;0;0;0;0;0;0;0
0.514260144658638;0.023382804605877;0.0181714043087326;0.0251967482086357;0.0127854117577685;0.003105569712633;0.00355172249626557;0.013213288594503;0.419123236363427;0.744351106582151;0.269387216584728;0.130147277047858;0.190817849958113;0.305904380786842;0.507417005437763;0.48;0.48;9.22267015382303;10.4072388358201;1.16;0.816188734615082;0.529372918268456;0.608547443994314;0.366721539135727;0.323711058984041;0.04;0.0410081441919635;0.04;0.04;0.04;0.04;0.069160247178023;0.230826592584466;0.04;0.0271165375210473;0;0;0;0;0.201283097177519;0.240100225516362;0.0118046239458008;0;0;0;0;0;0;0;0
0.839833058350439;0.33882819298119;0.23504775134963;0.416201118713705;0.62777250315994;0.550210721359753;0.426495367678814;0.52717039374914;0.772036613642797;0.794811078649376;0.8;0.8;0.78451345826463;0.252888744369364;0.108605889886423;0.48;0.48;1.30061843666775;4.97508830526228;1.13428185324251;0.638185452307267;0.094254359277223;0.12531231076416;0.63269850310025;0.055142761239782;0.092200067549453;0.473699672746778;0.285565285544731;0.430136606475719;0.0856012761608316;0.0513413509638049;0.221914112857816;0.55195410955067;0.27934628965985;0.0311485728496686;0;0;0;0;0;0;0;0;0;0;0;0;0;0;0
0.769853147232533;0.44;0.44;0.707292043389767;0.8;0.8;0.8;0.8;0.8;0.8;0.8;0.8;0.8;0.744861705022195;0.517515627638019;0.48;0.48;0.862788198871693;1.14693007910158;0.687459299640116;0.48;0.237249453095009;0.145722166979451;0.117801666062333;0.0576972111773557;0.0478878293851038;0.472651196218303;0.571680666402167;0.506871153312447;0.368868920418895;0.56406163908469;0.6;0.6;0.440876244354012;0.0350652080197353;0;0;0;0.00530278734653257;0.00740244109423027;0;0;0;0;0;0;0;0;0;0
0.467023429116755;0.268297938877578;0.215533968999428;0.592195512421134;0.713846511587175;0.8;0.632913529943621;0.699531689800881;0.604784250801057;0.740687834286354;0.774435522958639;0.623921343655011;0.6446075303927;0.503484521729877;0.48;0.455207495502678;0.368853919628262;0.433235965714674;0.627805677978449;0.48;0.48;0.173656086351501;0.241841468242057;0.04;0.04;0.0423657645798969;0.4619690377259;0.252931626781989;0.495200438027135;0.634847938146405;0.604600330128444;0.6;0.6;0.52677624258462;0.0504654194122095;0.00950651142676023;0.00346184771623421;0.272619084765534;0.585213804619387;0.148909448504426;0.000672352512690753;0;0;0;0;0;0;0;0;0
0.353465106936127;0.00199629174076357;0.00553167701397266;0.04;0.119331220484189;0.29109428643308;0.0459382825949838;0.04;0.04;0.217692040112279;0.252056881845006;0.18877974251091;0.098890114840064;0.04;0.161725143721892;0.158452273206292;0.04;0.108107305656221;0.474847199116275;0.473371251119451;0.370804219208986;0.127357016792944;0.04;0.04;0.04;0.04;0.20857707209792;0.566876334051145;0.64;0.64;0.629100502098728;0.600498486104915;0.6;0.37010836746968;0.0401558011366626;0.0303842282598016;0.0250837757432575;0.277867411257327;0.581518952177186;0.113880141539912;0.00971214019599665;0;0;0;0;0;0;0;0;0
0.023805720927934;0.0359714689643877;0.0392152692091768;0.036498457767861;0.04;0.04;0.04;0.04;0.0123951365541786;0.0177598367494968;0.0205064893591218;0.0154179059910122;0.0104381300142501;0.00546013140031137;0.000863871646858752;0.00919108191246375;0.0105367997755762;0.0256866701276217;0.01103312805444;0.144128413390535;0.0216459245081026;0.0344464503365014;0.04;0.04;0.04;0.111279900021777;0.361224841550293;0.64;0.64;0.64;0.64;0.621300249873543;0.600801513228846;0.437303472823159;0.48134893593038;0.0734390420535605;0.04;0.066014474085203;0.410791597818743;0.0279003006456279;0.0134422160327981;0;0;0;0;0;0;0;0;0
0.04;0.04;0.0398551309354603;0.00195431307778248;0.0107549199162982;0.0146342301532432;0.0395819018267273;0.0310314979390511;0.00163105079861732;0;0;0;0;0;0;0;0;0;0;0;0;0.0129194391756784;0.0256886578850585;0.04;0.317812830733282;0.565683167011502;0.62650316393613;0.64;0.64;0.64;0.64;0.64;0.607310422701156;0.6;0.6;0.15831977240375;0.04;0.226024850529674;0.587667349624789;0.152563161639563;0.00519875193226114;0.00243520652697051;0;0;0;0;0;0;0;0
0.0246833413897134;0.0180445601879333;0.00595724878818169;0;0;0;0.00106335908908383;0;0;0;0;0;0;0;0;0;0;0;0;0.0166679060220479;0.24806074816687;0.199940413403526;0.0220914701602223;0.2034232211317;0.589281076963783;0.64;0.64;0.595301673426293;0.412116671382351;0.64;0.64;0.635481934344132;0.603408923483486;0.6;0.6;0.527351140918596;0.242973353262379;0.474022245047951;0.523964338608033;0.0275601177141729;0.021840340473922;0.011524889549939;0;0;0;0;0;0;0;0
0.044165897625017;0;0;0;0;0;0;0;0;0;0;0;0;0;0;0;0;0;0.205687325914722;0.727012070958206;1.2;1.13032613469427;0.0454304579160367;0.385150837022444;0.617752058500251;0.64;0.403774320980693;0.04;0.0508189390431436;0.34005194589587;0.134946500159092;0.462217796277316;0.6;0.6;0.6;0.6;0.536878345023487;0.174622900007009;0.0746020999554546;0.0334916657313665;0.0265190318591909;0.0111309675418422;0;0;0;0;0;0;0;0
1.08509224863216;0.315129765215263;0.400573120219524;0.116478068368385;0.394933829700574;0;0;0;0;0;0.775844733602215;1.16636135916961;0.700878788769164;0.0883887695792724;0;0;0;0;0.811378226040075;1.2;1.2;1.2;0.162492761097383;0.0280867382726702;0.25387520778393;0.613250923981684;0.065851753293615;0.0719106715484522;0.146188691536197;0.219325277193039;0.361056455412698;0.6;0.6;0.6;0.6;0.6;0.572982435314562;0.267752972112941;0.164134199529327;0.343028774720058;0.146065670537742;0.187198924608664;0;0;0.115296463579101;0.479757565560769;0;0;0;0
1.70678830352958;1.56393904349091;0.199733473269468;1.60074598703142;0.871080799880366;0.0125206549279804;0;0;0;0;1.58328953141277;2.03585522086717;2.04;0.715990330738151;0;0;0;0;0.162588288712916;0.736366162748102;1.11204299424361;1.2;0.738912297128708;0.0322012335608836;0.29035102296019;0.238099761720594;0.477839878918184;0.64;0.64;0.623511059634726;0.6;0.6;0.6;0.6;0.6;0.6;0.566034511175511;0.478948884606082;0.565380287008546;0.736807440377177;0.651868350744698;0.737492854203567;0.677586997920474;0.437337680798164;0.678557919917442;0.735748391423072;0.325180568859866;0.06124550687084;0;0
2.03838306796732;2.04;1.54047220029751;0.447818795085637;0;0;0;0;0;0;0.087369884842833;0.787743428990471;0.753453511161047;0.645226219004858;0;0;0;0;0;0;0.410542459972712;1.04574323447049;0.687826545175146;0.316757851766981;0.706892142950336;0.178678384508015;0.0546704965236997;0.631914030663167;0.64;0.62350401284704;0.6;0.6;0.6;0.6;0.6;0.6;0.6;0.6;0.6;1.01265332844251;1.11205133624383;1.07543961601394;0.801755520475783;0.411576736495178;0.647641250994041;0.746442080042325;0.84;0.832548346948233;0.0525415196857925;0
0.638271442413839;0.424256641120138;0.131379450863107;0;0;0;0;0;0;0;0;0;0;0;0;0;0;0;0;0;0;0.703352282996958;0.516505432034377;0.407034585780366;0.76;0.721977778191227;0.581612458494492;0.639798202581059;0.64;0.627426830228465;0.6;0.6;0.6;0.6;0.6;0.6;0.6;0.6;0.6;0.6;0.84310431236988;1.12299200770285;0.822035702764863;0.269356677857072;0.0312803777758493;0.0919388153061535;0.346854813038946;0.427121476424206;0.175682222942192;0
0;0;0;0.00228121576616541;0.0512569110919515;0.0380806044218543;0;0;0;0;0;0;0;0;0;0;0;0;0;0;0;0.220616821067896;0.268556324566524;0.739794796528402;0.654473484907113;0.558427046906329;0.46577021609091;0.626719849963486;0.633487689819979;0.501626993844667;0.6;0.6;0.6;0.6;0.6;0.6;0.6;0.6;0.6;0.6;0.6;0.950485449071042;1.16;1.15018350974796;0.640476555111871;0;0;0;0;0
0;0.0186501207314844;0.0374241178404719;0.0795685649773106;0.08;0.0296391533567185;0.0218895650870488;0;0;0;0;0;0;0;0;0;0;0;0;0;0;0;0.0304897243769398;0.00816076203817502;0;0;0.00811315061368816;0.00823903146237135;0.353385783980559;0.0185191355214356;0.352104708086324;0.6;0.6;0.6;0.6;0.6;0.6;0.6;0.6;0.6;0.6;1.0857681340846;1.16;0.407950385261888;0.0391853235193863;0;0;0;0;0
0.050783837437816;0.0759488473957311;0.08;0.08;0.0715304162433621;0.0165157309165807;0.0638863115104847;0;0;0;0;0;0;0;0;0;0;0;0;0;0;0;0;0;0;0;0;0.000271590923346751;0;0;0.206744549184531;0.597026058255342;0.535295230416348;0.49051781532078;0.6;0.6;0.556944055715893;0.569834493291282;0.6;0.6;0.717832598094401;1.15225899736979;1.16;1.16;0.587114054427203;0;0;0;0;0
0.08;0.08;0.08;0.0766535364843888;0.0294065081572354;0.0680174156660107;0.071796075377427;0;0;0;0;0;0;0;0;0;0;0;0;0;0;0;0;0;0;0;0;0.00942477595660064;0.0378689588688824;0.13713105157224;0.548301265764634;0.447398851910373;0;0.0356793838165454;0.19922647740859;0.553845395221939;0.147427071668465;0.186784024169422;0.56495574008798;0.6;0.878234091417277;1.16;1.16;1.16;0.679081778260693;0;0;0;0;0
0.08;0.08;0.08;0.0799784100990168;0.08;0.08;0.0788641445617191;0;0;0;0;0;0;0;0;0;0;0;0;0;0;0;0;0;0;0;0;0.00972687211798059;0.0807076058107104;0.498565280056494;0.6;0.506192341421731;0;0.00520284560415435;0.04;0.149352050321459;0.136948395573889;0;0.441952371144667;0.466646457178491;0.385128137067567;0.608246318333454;1.16;1.16;1.00270618952333;0.166283867490394;0;0;0;0
0.08;0.08;0.0734667860133372;0.0254689357879106;0.076149170138234;0.08;0.0405068680190365;0;0;0;0;0;0;0;0;0;0;0;0;0;0;0;0;0;0;0;0;0.015742658979306;0.04;0.206187519082225;0.564090405683382;0.56498453264893;0.0103362762669675;0;0.0174194017543468;0.04;0.0258941243470565;0.00773768970249221;0.0819061128886884;0.0495310919657653;0;0.353113390898896;1.16;1.16;1.12595948252773;1.02453609896951;0.643688567262562;0.178066178602846;0.00450650242220432;0
0.08;0.08;0.072111602277251;0.0103288221467629;0.0150395780032822;0.0642117333144328;0.00383439524246226;0;0;0;0;0;0;0;0;0;0;0;0;0;0;0;0;0;0;0;0;0.0276202961687256;0.04;0.04;0.194255751611297;0.566137556299994;0.297241924660274;0;0.0154365113997109;0.04;0.04;0.04;0.04;0.0211553384958414;0;0.193016364542925;0.226689304569503;0.362581171997808;0.314196458600747;0.544539146615556;0.821702734237025;0.642438394540432;0.153662395029827;0
0.08;0.08;0.08;0.0692195637074017;0.0122763671624978;0.0311869747339954;0;0;0;0;0;0;0;0;0;0;0;0;0;0;0;0;0;0;0;0;0;0.0245675552339293;0.04;0.04;0.04;0.476381484842766;0.586948259337057;0.157101766019766;0.0099692463303667;0.0387369876376642;0.04;0.04;0.0189307692561911;0.00156074309354437;0;0;0;0;0;0;0;0;0;0
0.08;0.08;0.0585330630601015;0.0767977732104151;0.0248010372515939;0.0130703550285376;0;0;0;0;0;0;0;0;0;0;0;0;0;0;0;0;0;0;0;0;0;0.0208116870155092;0.04;0.04;0.04;0.144731491473351;0.525846911290776;0.12637491570427;0.0116434245477896;0.0365927194456029;0.04;0.0301474695999876;0.00125115712287806;0;0;0;0;0;0;0;0;0;0;0
0.08;0.08;0.019084264105279;0.0415516002405095;0.0447534339140169;0.0549477586803728;0.000871135293770325;0;0;0;0;0;0;0;0;0;0;0;0;0;0;0;0;0;0;0;0;0.0110391661659371;0.04;0.04;0.04;0.04;0.04;0.04;0.04;0.04;0.0399422340941764;0.00590640045480785;0;0;0;0;0;0;0;0;0;0;0;0
0.08;0.08;0.0327407365019312;0.0675281754106707;0.0775296213056687;0.0237474491489677;0;0;0;0;0;0;0;0;0;0;0;0;0;0;0;0;0;0;0;0;0;0;0.0392323471207637;0.04;0.04;0.04;0.04;0.04;0.04;0.04;0.04;0.00081581250987947;0;0;0;0;0;0;0;0;0;0;0;0
0.08;0.08;0.0735334678011506;0.08;0.08;0.0595521705133217;0.00594883114696791;0;0;0;0;0;0;0;0;0;0;0;0;0;0;0;0;0;0;0;0;0;0.0189919147963375;0.04;0.04;0.04;0.04;0.04;0.0308943349482744;0.0246940266112331;0.019648113839142;0.0014203812695588;0;0;0;0;0;0;0;0;0;0;0;0
