0.118261671590948;0.0414179528689239;0.0416961973063224;3.55591628477607e-05;0;0.0199600265794446;1.5968945810545;0.12;0.12;1.63146684648008;16.2112749332824;0;0;0;0;0;0;0;0;0;0;0;0;0.000573639903838554;0;0.0111569316952885;0.0245806125006638;0.0313968485620804;0.0382077652485575;0.0659122589411414;0.115270756993163;0.12;0.12;0.12;0.12;0.12;0.12;0.12;0.12;0.12;0.12;0.12;0.12;0.12;0.12;0.0136014338817447;0.0170804623963492;0.0333138402059498;0.109126441210322;0.12
0.0369576492257499;3.42373967011711;4.9122530014706;0;0.252149701151134;2.1530545572285;1.66;0.12;8.87638121831381;7.97195727455647;44.9662811277149;0;0;0;0;0;0;0;0;0;0;0;0.0909102057230981;0.0789175110954331;0.0705043890440371;0.100739947018377;0.12;0.12;0.12;0.12;0.12;0.12;0.12;0.12;0.12;0.12;0.12;0.12;0.12;0.12;0.12;0.12;0.12;0.12;0.12;0.0461157700408117;0.000185517913716208;0.0245611489752147;0.0895226861783744;0.12
23.2265378016175;24.1993520868992;18.3762486622006;0;2.31144870519223;3.23561528988331;34.003539601076;41.1886365343618;61.3540929214214;59.3850253317916;62.2211126286977;7.253938643053;0;0;0;0;0;0;0;0;0;0;0.12;0.12;0.12;0.12;0.12;0.12;0.12;0.12;0.12;0.12;0.12;0.12;0.12;0.12;0.12;0.12;0.12;0.12;0.12;0.12;0.115135671157397;0.119296601586744;0.12;0.12;0.00878460402189065;0.0832053302449052;0.00241462162158043;0.114668885335923
8.84101003855793;14.2773736615152;50.041492573481;5.59095603021194;3.2;19.8497704693639;65.3823455412559;67.8034185981993;37.9833888097378;19.3654160511807;48.6535076673122;19.5366960950548;0;0;0;0;0;0;0;0;0;0;0.116439286297839;0.12;0.12;0.12;0.12;0.12;0.12;0.12;0.12;0.12;0.12;0.12;0.12;0.12;0.12;0.12;0.12;0.12;0.12;0.119108282828019;0.0474582682677021;0.0788131970738275;0.12;0.12;0.099696687741755;0.0821853170612314;0.0710689892405238;0.119701070559193
0;57.1128440339628;67.84;25.5787078870297;3.2;3.32788063408982;3.2;58.3574543285241;9.0446873217694;0;0;0;0;0;0;0;0;0;0;0;0;0;0.06297758059578;0.12;0.12;0.12;0.12;0.12;0.12;0.12;0.12;0.12;0.12;0.12;0.12;0.12;0.12;0.12;0.12;0.12;0.12;0.112133956868069;0.0525353395882689;0.0215599463120969;0.069142614912578;0.111466355198819;0.12;0.12;0.12;0.12
0;17.1897754079;29.0666287983072;27.8976605123259;47.7470964377104;33.3196915156201;35.6756092314698;23.3069886492102;3.67674493885183;0;0;0;0;0;0;0;0;0;0;0;0;0;0.00230706584706796;0.12;0.12;0.12;0.12;0.12;0.12;0.12;0.12;0.12;0.12;0.12;0.12;0.12;0.12;0.12;0.12;0.12;0.12;0.118280774115845;0.117498474417258;0.017525246588764;0;0.0349228358150389;0.113750124040977;0.12;0.12;0.0495801884074132
0.818936038420338;1.01794672337155;0.595641336257142;4.17170720976854;4.49490501474046;2.55221459846944;0;25.0169201725044;42.2393401102774;0;0;0;0;0;0;0;0;0;0;0;0;0;0.0256687739304623;0.119230671020682;0.12;0.12;0.12;0.12;0.12;0.12;0.12;0.12;0.119902431390812;0.112944958366826;0.0577549253816993;0.0420894567815089;0.0926209786083084;0.113187436738329;0.12;0.12;0.12;0.035903529607204;0.0408080901954156;0;0;0;0.079563606046661;0.12;0.110893056588467;0.0143596629224507
8.76471638576718;23.0318488897892;41.2962024784341;13.1577438585913;4.76472782546339;45.0934807346912;0;0;0;0;0;0;0;0;0;0;0.00733040591347128;0.00117915561129912;0;0;0;0;0.019002894613671;0.117613444280402;0.12;0.12;0.12;0.12;0.12;0.0534343263952151;0.0137446389427409;0.0287205530708372;0.0587942677446678;0;0;0;0;0.051803542251921;0.12;0.12;0.12;0.118523765554838;0;0;0;0;0.00793521806871803;0.0736568551022604;0.0363610677353237;0
36.1589044058359;19.6530543049793;41.1099645705727;53.7266937641943;49.5276752623955;47.1562245946282;27.4466028892808;0;0;0;0;0;0;0;0;0;0.0614507437833432;0.0809356398001382;0;0;0;0;0.0389392980617937;0.12;0.0820151564813641;0.0738246377442857;0.0707800516602451;0.109804890073347;0.0780609113104384;0.00217948085155549;0.0149779824358468;0.112195779054472;0.0370342958068693;0;0;0;0;0.0603810018388992;0.12;0.12;0.0650088431022891;0.000910030544176698;0;0;0;0;0;0;0;0
0.439418566340824;0;14.3789311319177;12.4720333335961;52.8220182655772;21.4298851580739;0.536091132569313;0;0;0;0;0;0;0;0;0;0.0333031489379747;0.191180616062049;0.0629867034176514;0;0.247515953948819;0.399582325183098;0.664877291247886;0.0948937902182513;0;0;0;0.018253591017824;0.00936354407021585;0;0.076911516658729;0.12;0.0201316546447176;0;0;0;0;0.043180766956445;0.12;0.0661054025101089;0.00309603443046625;0;0;0;0;0;0;0;0;0
0;0;0;0;3.49709844111055;0;0;0;0;0;0;0;0;0;0;0;0.0454711213203904;0.196110799332151;0.159580055877985;0.265946257198229;0.924904289519003;0.940056150742439;0.43820058768493;0.0282459351848698;0;0;0;0;0;0.0527457163329787;0.119632114358252;0.109445790262366;0.0125024110808583;0;0;0.0361367819959481;0.084386808891641;0.108769620839891;0.12;0.0138140605413531;0;0;0;0;0;0;0;0;0;0
0.00250921055586619;0;0;0;0;0;0;0;0;0;0;0;0;0;0;0.236140684523306;0.0535178967554122;0.118129551240487;0.456936500559546;0.81511313107023;0.485573250484762;0.385699188014031;0;0;0;0;0;0;0.0156592060968843;0.114083768477723;0.12;0.0786059213975355;0;0;0;0.089575525154639;0.12;0.12;0.108055322164089;0.00694222768773238;0;0;0;0;0;0;0;0;0;0
0;0;0;0;0;0;0;0;0;0;0;0;0;0;0;0.67092821115254;0.96;0.683157887332946;0.740165722500657;0.225068369915421;0;0;0;0;0;0;0;0;0.0279085702529816;0.12;0.0837834867450825;0.0330454583819143;0;0;0.00537539921521021;0.0884296486716639;0.12;0.12;0.0716232903234473;0;0;0;0;0;0;0;0;0;0;0
0.0704316166405116;0.0945490089827806;0;0;0;0;0;0;0;0;0;0;0;0;0;0.425511202500388;0.96;0.96;0.749802884114816;0;0;0.265509947796614;0;0;0;0;0;0;0.102863239059971;0.0962821031076465;0.00321959357859718;0;0;0;0.0559850908274406;0.12;0.11094955519427;0.0616284688074142;0.00890989881765412;0;0;0;0;0;0;0;0;0;0;0
0.484650249325514;0.963997615404904;0.877802957233507;0.691852533485282;0.634207669690464;0;0;0;0;0;0;0;0;0;0;0.00201087140904822;0.439654430977521;0.49527644925153;0.804887440252153;0.333706888116896;0.163506661432632;0.926180915922658;0.259245435541466;0;0;0;0;0.0224567242088397;0.0926782479950453;0.0691386341345637;0;0;0;0;0.0020291175632002;0.045806020329427;0.0252367715201325;0;0;0;0;0;0.122483708261595;0;0;0;0;0;14.1525425813871;14.7625654029557
1.24216207712544;1.20705444357021;1.2;1.2;0.954383243881504;0;0;0;0;0.0900884597330501;0.154739850593358;0;0;0;10.4409561741017;17.4158543938406;15.8995230513111;17.1294273354344;4.41307693754021;0.823988624689356;0.769732418109634;0.565861351343656;0.00887328219034862;0;0;0;0;1.60872055075295;0.587623782568992;8.0325464490429;2.51053137780723;0;0;0;0;0;0;0;0;0;0;0;13.6710834856304;0.820240455692854;0;0;2.94612877368283;7.2694349809795;31.2153716859612;16.9009016440542
1.57905157199576;1.41734213902856;1.28238422535555;1.2;0.556549871036073;0.464497026062105;0.670763844510983;1.08937554266648;1.19519192263768;1.26464827436758;1.56186299918686;0;0;0;22.0369057986042;29.96;29.3831459135839;10.8971296616732;0.872179548396597;0.96;0.762460397655044;0.0543137629003856;0;0;0;1.01136795305624;0;7.18928674594549;21.5023569753128;28.2247931858216;15.4685509418486;13.2333204645184;0;0;0;0;0;0;0;0;0;0;15.3767934671251;26.6588224098094;1.90591792597741;1.66528977854204;23.6716174802781;5.73798384952308;32.8;32.8
2.16;2.16;1.95859264707525;1.45368511018865;1.50921647750996;1.2;1.38289256887048;1.08612545835134;1.37799086249332;0.192770876094137;0.603838748279773;1.15003286715996;0.455690373381684;11.0157640639969;29.96;26.4637221633857;2.18957799777968;0;0.0905956911380928;0.780231593200942;0.57854294150328;2.22951357430415;10.6576875211829;18.9034398799716;13.1373715615758;29.96;10.0387386801678;1.34188674810331;18.319375930122;29.96;29.96;29.96;0.57664664044003;0;0;1.60911432973319;5.852031047471;4.15827464358781;0;0;0;21.7712783858919;32.528092300072;32.1091780454075;10.6582483405726;16.7612954841705;30.850199585652;18.2861013059568;32.8;32.8
1.98014588565929;1.92850855306737;1.76027770041568;1.79899557122888;1.22067214455693;0.753522103156616;0.549205086962975;0;0;0;0;0.242358153411374;0.151868486402752;1.76053051550467;10.2885783805373;1.21327391990895;0;0.282313352952911;0.0391207048646904;0.11270523069086;0.600705479940376;5.00200895913776;27.7749992620165;29.8571267740041;17.2678642976525;29.96;29.96;23.3501096544783;27.9138596699158;29.96;27.0756792128682;11.0424980414951;0.235737178600697;14.1764049599548;4.58626076180832;22.4333534456139;22.2171428269816;2.13197728847272;0;1.72521944258268;12.0657927380586;31.4072268398619;32.8;22.4192418733578;24.4183123512453;18.6434729799144;28.548287900697;32.8;32.8;8.2
0;0.154722883981094;0.935384557515266;1.02913120290111;0.15001849781386;0;0;0;0;0;0;0;0;0;0;0.0685227184949829;0.127344333081599;0.882791571009975;0.74766784840822;0.288376838909951;0.491783937711299;0.96;19.2191877522612;28.7790310268478;15.4608582552802;25.8283903868432;29.96;29.96;29.96;29.96;29.96;28.7230246570262;27.3548215910923;29.96;29.96;29.96;28.4634005762236;10.4866191057797;1.00599502229902;11.0655664817553;32.8;32.8;32.8;32.8;32.8;32.8;32.8;32.8;8.2;0
0;0;0;0.511685175600383;0;0;0;0;0;0;0;0;0;0;0;0.117438697030395;0.955960125429838;0.96;0.96;0.96;0.844661943820027;0.96;2.92133324715371;15.194769269452;29.3834990233478;29.9107246356888;29.96;29.96;29.96;29.96;29.96;29.96;29.96;30.0691209230308;31.4326765045761;31.5942876156168;31.7545473916695;32.505214425067;18.875550409011;5.21617382117698;16.611561039228;32.8;32.8;24.6;8.2;16.4;16.4;0;0;0
0;0;0.0845183131124359;0;0;0;0;0;0;0;0;0;0;0;0;0.0458922350949911;0.690468528853808;0.650266160921225;0.96;0.96;0.96;0.96;0.96;2.12083955502213;9.86724192751106;24.6337520381581;29.1492911017533;29.7985499495524;26.3046011406777;29.96;29.96;29.96;29.96;29.9650865051398;31.751140050113;32.8;32.8;32.8;32.8;29.6485147493687;30.8176742751829;32.8;32.8;0;0;0;0;0;0;0
0.619044187462925;0.264597854099519;0.661967732909162;0;0;0.560999913933742;0.500782619967319;0.204967616767573;0;0;0;0;0;0;0;0;0.00549157481258043;0.358462844912447;0.877256075046108;0.908018695720916;1.02672534090075;1.19132988193445;1.19015088680229;1.07698076139192;1.1446537116671;1.2838227764119;10.9074593034293;13.7229322494282;6.80703505928139;29.96;29.96;29.96;29.96;29.96;31.6204869814271;32.8;32.8;32.8;32.8;32.8;32.8;32.8;32.8;0;0;0;0;0;0;0
1.2;0.766564200791066;0.335595912262643;0.81654558719827;0.279369699779732;0.734106210688121;1.2;0.984935896107735;0;0;0;0;0;0;0;0;0;0.680608724580787;0.0906923779670423;0.744393531510857;1.65820429145135;1.7297568702963;1.7534886995436;1.63935429135905;1.60399299356757;1.6361515120127;1.84;4.27931121156869;7.47741165483963;29.96;29.96;29.96;30.7270561057076;31.2023403369201;32.1351139534808;32.8;32.8;32.1857264892734;14.1790917724099;14.7707272209462;21.9711582788944;28.94746947961;8.2;0;0;0;0;0;0;0
1.2;0.601427953797429;0.176389416037776;1.12313115520554;0.982393830235675;0.230996665342835;0.810448303961916;0.829028018679534;0;0;0;0;0;0;0;0;0;0.00173269338570801;0;0.0710042149757308;1.38924162054936;1.33981948652312;1.03186675323102;1.52090317140697;1.77982219549723;2.93064480154358;16.7569722274616;28.1808083177886;24.99748962213;29.96;29.96;30.0259181110993;32.2003768058217;32.8;32.8;32.8;32.8;30.4382378579797;0.15;0.1;0.15;2.68800574897579;0;0;0;0;0;0;0;0
0.679771172295708;0.443133194709144;0.149010617160309;1.09496396694589;0.560560243222829;0;0.263429079307562;1.00582366626653;0.326826737890465;0;0;0;0;0;0.0265494838212681;0.097126719047264;0.107135920588015;0.558471376185659;0.26830133225756;0.363759645984694;0.962770578940657;0.868514391163599;0.407506045688148;0.815160155261942;0.866497428259551;1.41481598218373;12.608432907033;16.0928896565535;27.4426795038067;28.7718965549208;28.413417962975;30.0625642332569;32.8;32.8;32.8;32.8;32.8;24.6;0;0;0;0;0;0;0;0;0;0;0;0
0.494521572454482;0;0.239876356165856;1.2;0.867019755498292;0.234354328045079;0.594512656978511;0.332104174083491;0.00818316348087378;0;0;0;0;0.00113826266826389;0.0959475160036823;0.100573373909267;0.130507819846412;0.951668951450754;0.907283421510737;0.856977749958551;0.785239170732973;0.542121621054856;0.182744635416631;0.170088950251323;0.380121383201594;0.409167913705994;0.96;0.96;6.02834846897516;8.40459093759462;22.5066483703104;31.0971969364323;32.8;32.8;32.8;32.8;32.8;16.4;0;0;0;0;0;0;0;0;0;0;0;0
0.772953700674141;0.0699778065004073;0.571714472518586;1.2;0.61918058952922;1.08667631611865;0.387862522315597;0.00766219061872131;0;0;0;0;0;0;0.0107821551287467;0.00780313493384668;0.0854373934879888;0.12520056315246;0.156395483141835;0.408025174371677;0.535393880450672;0.0757771490642302;0;0;0;0.824338185219626;1.01988172551888;0.725979289821436;0.877368324918994;0.96;6.13363560287971;6.99459431481972;21.6686517560952;19.8809528118018;18.094655556696;16.1967409250084;27.0725549527677;0;0;0;0;0;0;0;0;0;0;0;0;0
1.19260614331891;0.414065315916233;1.13411327715697;1.2;0.819739365120486;0.938677282654767;0.044252605662909;0.337705596352206;0.414131347797102;0.00546576367218686;0.0738322507471628;0;0;0;0;0;0.0284865989012444;0.0913890282668173;0.37215908306486;0.873213408939074;0.00577333819158375;0;0;0.584570363454981;0.697415432080322;1.45878935940871;1.6149045483784;0.601230265464715;0.744219424852343;0.652953026505491;0.913781081252724;4.01491523350931;10.9342994051687;0.410211699725637;0.161276079445705;2.04653107249141;28.016879948591;0;0;0;0;0;0;0;0;0;0;0;0;0
0.951093466986297;0.124564676607769;0.636550055270735;1.01521233398564;0.312700523169246;0.459976328228162;0.619671038939634;0.436456807045772;0.500183783112146;0.366275198146178;0.7823220278261;0.182653170989756;0.447559849802472;0;0;0;0;0.06;0.212395555717551;0.890676662777303;0.0444307324055582;0;0.527425216266964;1.82084860065174;1.74084570278451;1.82717483119921;1.80422628091177;0.369127382393836;0.13191824049667;0.176648390025048;0.834807713230134;10.8642213221389;29.8589390128538;21.3196988218319;17.2509445147762;2.28449365721944;16.4;0;0;0;0;0;0;0;0;0;0;0;0;0
0.558899864666066;0.506752973984413;0.976614847988946;0.983957616730593;0.364425033781662;0.00416936565954462;0.545271983153691;0.278069159844412;0.0107329428032041;0.770865599360372;0.930958347060717;0.687622945736518;0.789978898608084;0.478648035090831;0;0;0;0.030514979755557;0.171321000733544;0.543130352093855;0.074966371105831;0;0.134475616589405;1.07204365752901;1.54539327832275;1.25568906036716;0.548825693719384;0;0;0;0.539245720295236;9.86516323586999;29.96;29.96;29.96;16.6480215117907;15.5864814847734;0;0;0;0;0;0;0;0;0;0;0;0;0
0.12;0.12;0.748658553125825;1.14447138272543;0.746574419849565;0;0.669079076181241;0.518255889358703;0.40438259143379;0.527222243419165;0.400180319586555;0.195980369040989;0.784573051998764;0.727447110800644;0.100486783429739;0;0;0;0;0;0;0;0;0.141375421430824;1.33344622328545;0.32741104758362;0;0;0;0;0.405946925272061;8.63116441911668;29.96;29.96;29.96;29.96;22.47;0;0;0;0;0;0;0;0;0;0;0;0;0
32.8138272166169;28.5119708771855;1.0985935502036;1.19636343048736;0.623320644155536;0;0.747108775765122;0.0381187668231108;0.0242253676434222;0.0420337452433092;0.157699361395049;0.314420408075222;0.00280136782249919;0.326869777608848;0.284471550103173;0.160067159636691;0;0;0;0;0;0;0;0;0.0943513144373188;0;0;0;0;0;10.8167702261738;24.5862305522687;29.96;29.96;29.96;29.96;14.98;0;0;0;0;0;0;0;0;0;0;0;0;0
50.88;0;6.67212783299484;0.583870218240889;0.418976314301882;0;0.0842720958367329;0;0;0;0.0989486454529404;0.607461137408872;0.444341804047193;0.857242464754952;0.872374151867213;0.645259552644462;0;0;0;0;0;0;0;0.0126966380963943;0.0426050591875333;0.0494373576456215;0.0368311293644282;0;0;0;7.54563947528525;29.96;29.96;24.3393756066459;29.96;29.96;29.96;0;0;0;0;0;0;0;0;0;0;0;0;0
0;0;0;0;0;0;0;0;0.465084343065198;0.0893531938694725;0.370822869832153;0.801596901444623;0.96;0.96;0.96;0.440117936272699;0.213222173822537;0.117652408636705;0;0;0;0;0;0.0511126496941238;0.12;0.12;0.0607402727624034;6.63175959523291e-05;0.00435353344464832;5.67736596731075;24.9161372726235;29.96;27.2788156057099;4.17185306484643;23.161909505615;0;0;0;0;0;0;0;0;0;0;0;0;0;0;0
0;0;0;0;0;0;0;0;0.384006649964039;0.460677274299091;0.749800025150469;0.96;0.622965574511531;0.273571065580845;0.41952025557303;0.820814613258055;0.671955103755649;0.794083134265569;0.0765639172310198;0;0;0;0;0.0811572707028128;0.12;0.110210331264272;0.0319242565109766;0.0442941426939406;0.0792183407388001;6.55627973805471;29.075980651176;29.96;22.4986652861036;10.6941161506272;29.915825157428;0;0;0;0;0;0;0;0;0;0;0;0;0;0;0
0;0;0;0;0;0;0;0;0;0.780431615183875;0.937880349817872;0.76786064601744;0.0625278501479334;0;0.212867771065285;0.867566536410027;0.96;0.870246381834031;0.670736295818778;0.0213395146509682;0;0;0;0.0293526385954132;0.0799794941665605;0.117149639374307;0.104020908331736;0.0354232303156236;0.0908027771834344;0;7.64291037130183;18.9680072529525;16.9730746038941;9.66734629026181;29.3328927095756;0;0;0;0;0;0;0;0;0;0;0;0;0;0;0
0;0;0;0;0;0;0;0;0;0;0.220719318630075;0;0;0.343200516288355;0.820256423891592;0.660620329571888;0.930883671586758;0.792599468504637;0.333328722221615;0.551477232089301;0;0;0;0;0;0.0914539946209991;0.11911127924202;0.119183675866574;0.119554411551123;0.00500241479976329;0;3.83577097947112;1.30076829013965;24.8249800612189;29.96;14.98;0;0;0;0;0;0;0;0;0;0;0;0;0;0
0;0;0;0;0;0;0;0;0;0;0;0;0;0.358344876861237;0.69034327634369;0.137074666428503;0.844971291060001;0.462744683128468;0.149211201572699;0.895553830576831;0.300598146940304;0;0;0;0;0.005921840806447;0.0961417865044968;0.12;0.12;1.87691731535792;9.00269448499053;18.5752562111324;24.0597053510716;29.96;25.2677468084965;29.96;7.49;0;0;0;0;0;0;0;0;0;0;0;0;0
0;0;0;0;0;0;0;0;0;0;0;0;0;0;0;0;0.317213469103891;0.283552973507345;0.625931613487333;0.936616071838522;0.634757201084149;0;0;0;0;0;0.00840242003019399;0.0620546719865408;6.69715650590282;23.7776458074477;26.876027730282;10.583095229489;14.4765238755789;16.751934145959;17.3572026576203;14.98;0;0;0;0;0;0;0;0;0;0;0;0;0;0
0;0;0;0;0;0;0;0;0;0;0;0;0;0;0;0;0;0;0.11875761627254;0.107244377182057;0.720251867364201;0.388978832002749;0;0;0;0;0;0;5.00565825980955;26.9977530943543;5.11728661122764;21.4808785104029;1.99992607959728;24.566875066397;29.0636991771563;0;0;0;0;0;0;0;0;0;0;0;0;0;0;0
0;0;0;0;0;0;0;0;0;0;0;0;0;0;0;0;0;0;0;0.190574844517188;0.409969074625287;0.104868900138742;0;0;0.230773504502046;0;0;0;0;20.1431959485933;20.2830520068034;13.2226059014381;0.844389444041059;29.96;29.96;0;0;0;0;0;0;0;0;0;0;0;0;0;0;0
0;0;0;0;0;0;0;0;0;0;0;0;0;0;0;0;0;0;0;0;0;0.785609294513277;0.865817996433159;0.562786495375792;1.54887410353747;0.465774951712824;0;0;0.00214986453861929;5.45961754255244;26.9493883163316;1.66136046350231;13.9293485563999;21.7876744835772;29.96;7.49;0;0;0;0;0;0;0;0;0;0;0;0;0;0
0;0;0;0;0;0;0;0;0;0;0;0;0;0;0;0;0;0;0;0;0;0.0507499011880092;1.27026974785776;1.75887245307596;1.59078546714373;1.09322864281162;0.108077667578263;0.114900876290537;0.12;0.12;19.905115294832;22.6385122682822;29.96;16.507010951953;14.0858606493673;4.77353724604341;0.12;19.0947699129524;0;0;0;0;0;0;0;0;0;0;0;0
0;0;0;0;0;0;0;0;0;0;0;0;0;0;0;0;0;0;0;0;0;0;0.301087543031366;1.16888894276805;0.942584482323067;0.558937045159123;0.0341695040435597;0.0940490706841461;0.12;0.0686757923310949;12.9394339640904;9.66743930820455;19.4024004335079;29.1425527721468;16.4634145484981;9.2987298914104;0.359015969033335;22.47;0;0;0;0;0;0;0;0;0;0;0;0
0;0;0;0;0;0;0;0;0;0;0;0;0;0;0;0;0;0;0;0;0;0;0.722604976023994;0.601793903454219;0.774614396276032;0.937947103794224;0.390340315968963;0.00245029410865328;0.0336804965643935;0.01495881560935;0;0;2.03056765439075;27.4058806065486;29.96;21.5946757571793;22.30658313278;14.98;0;0;0;0;0;0;0;0;0;0;0;0
0;0;0;0;0;0;0;0;0;0;0;0;0;0;0;0;0;0;0;0;0;0;0.06;0.12;0.161307567071586;0.170719043424726;0.508056677472782;0.313195877875178;0;0;0;0;7.53951762099592;13.8699095723446;20.782522563344;29.96;29.96;14.98;0;0;0;0;0;0;0;0;0;0;0;0
0;0;0;0;0;0;0;0;0;0;0;0;0;0;0;0;0;0;0;0;0;0;0.06;0.12;0.0745659189422149;0;0.02426397703927;0.0471615017283427;0;0;0;0;1.78377894957953;4.42752320173422;0.877859745312408;25.7041570101109;29.96;7.49;0;0;0;0;0;0;0;0;0;0;0;0
0;0;0;0;0;0;0;0;0;0;0;0;0;0;0;0;0;0;0;0;0;0;0.09;0.12;0.110287910370849;0.00826862324085855;0.00692587389796185;0.0957900613691638;0.0330767687031065;0;0;0;0.0144524986518118;2.59903470719727;15.7487971965663;10.9936040328895;29.96;0;0;0;0;0;0;0;0;0;0;0;0;0
0;0;0;0;0;0;0;0;0;0;0;0;0;0;0;0;0;0;0;0;0;0.06;0.03;0.06;0.03;0.00707885468434542;0.0578198858041099;0.12;0.0937222259668514;0.00049288403270951;0.00973236486786045;0.0434660491301058;0.102713269393894;2.14414573171609;12.5378006547165;20.948312645286;29.96;14.98;0;0;0;0;0;0;0;0;0;0;0;0
