0.28;0.28;0.28;0.28;3.44697087815749;78.9821518932744;75.9544957292775;122.678494573642;167.888264575823;168.48;168.48;168.48;168.48;168.48;168.48;168.48;168.48;116.076799834112;39.1152934587552;1.51929323641919;3.2787000963755;0.130505627465213;0.556191287314146;0.962706400693668;0.403358627760041;0.00801427612094614;0.130690900982492;1.96;1.96;1.62096729238224;0.12;0.12;0.12;0.909699563137367;0.235378746313636;0.236919810038586;0.0699374008371798;0.0465191347437762;0.920874884118156;1.02406014966221;1.96;1.96;1.96;1.96;2.20291493341774;2.56;1.76094812531257;1.37672279437181;1.36;1.36
2.81992625319439;0.310541175242506;0.28;0.28;0.28;0.28;19.9295659645536;74.6747305837037;17.6579253492392;109.510109785647;168.48;168.48;168.48;168.48;168.48;168.48;168.48;168.48;62.546690939743;2.79512246973683;3.55156989929978;2.90495194275118;0.12;0.62981967689443;0.615907749900919;0;0.328590783538724;1.96;1.92240104436311;1.86270642360605;0.140719454429578;0.12;0.12;1.76170011513806;1.13661302491211;1.28215556536042;0.747759062513115;0.542744163175048;1.61945329144863;1.48788183113822;1.77339812054422;1.96;1.96;1.96;2.35854544813791;2.0142547048211;1.36160333457341;0.677727772014413;1.15448984101758;0.57866513553307
4.16;2.966676846793;2.2811756732834;2.58880003211363;2.88889175978261;3.18881252637124;90.6735171952097;164.871316524664;165.286875412886;168.48;168.48;168.48;168.48;168.48;168.48;168.48;162.504810277023;105.26897218729;127.406949112507;2.4084207762036;2.79590185854097;2.453448464542;0.12;0.328801791686225;2.0861373822672;0;0.0934908231158717;0.119309577221004;0.00474685665619655;0.281645282079088;0.148458314629423;0.12;0.12;1.4766536767469;1.96;1.70568190982109;1.03755722041289;1;1.09004257974374;1;1.48;1.96;1.96;1.96;1.97696262488594;1.41797335452302;1.15286203595679;0.586682833213825;0;0
4.16;3.19811552199162;3.50790611808793;3.94245782762161;2.65364724708186;2.23051292430586;28.9337400266998;151.816765933193;168.48;168.48;168.48;168.48;168.48;168.48;168.48;84.2378799398949;52.4771436154573;3.56;47.8399670750037;28.3268090767952;0.123773273347334;1.74744208230334;0.118516130370467;1.19182514056355;3.45498750504041;0.384114634675417;0;0.02501105085669;0.103232094267402;0.00221301885457054;0.0716825249540617;0.12;0.12;1.56032383591656;1.96;1.94208318614382;1.19142546312548;1;1;1;1.47211232925579;1.96;1.96;1.96;1.65976329117729;1.13034506291351;0.188173621045462;0.37376612370596;0;0
3.64323708744899;1.60294658096712;1.56;1.56;1.56;1.56;20.6280888749842;151.63274028705;168.48;168.48;168.48;168.48;168.48;168.48;140.116076817147;3.97165516639539;3.56;3.56;1.78;0;0;1.68483550251787;0.0465528750302611;0.0807904047152201;1.83342534771152;1.66537943139723;0;0.0290779948636476;0.0913504168320447;0.045681891968746;0.0157937928310255;0.105254939174565;0.12;0.619142611075692;1.89082173793578;1.34201164350455;1.49575600114393;1;1;1;1.24679424009385;1.75457121241734;1.96;1.84247563795857;0.320023772827183;0.117271437976418;0;0;0;0
4.09246760296534;2.15592308935499;1.56;1.56;1.56;1.56;1.22582209154258;35.3317991647302;155.044644908718;168.48;168.48;168.48;168.48;117.943645069757;13.1055753246901;3.56;3.56;3.56;1.91640734954611;1.56423941168771;0.945312628846722;0.03629919602544;0;0.0285141668538563;0.12;1.67822635555323;0;0;0.0293299822471145;0.0973861167993235;0;0.015408145269371;31.4750136259567;13.6544929925494;1.71592457315447;1.09619093879648;1.8613531062691;1.25020530211365;1.11066777608506;1;1;1.03989378901617;1.75166807236889;1.62112482070505;0.0829643147279413;0;0;0;0;0
4.16;2.83207353751093;1.56;1.56;1.56;1.56;0.590496558954381;0;62.5504650466264;164.377943885689;138.642714060608;53.5317071559872;41.8450649245938;16.7922353136307;3.56;3.56;3.56;3.56;2.13717150183781;3.08940028283586;1.87735269228313;0;0;0.0109475339208798;0.104753989023046;1.51765576587762;0;0.162313226501681;0.358081092084835;0.0573797998352268;0.0241006298245694;0;47.0859160161794;19.1678551010831;1.21347816160026;1.27332748668653;1.68265907196683;1.92557907550355;1.48513902437873;1;1;1;1.51662652165071;0.862387929303682;0;0;0;0;0;0
4.16;3.64287774358201;1.56;1.56;1.56;0.73574260968337;0.0312863147603751;0;1.89041631187396;0;0;0;1.446144322079;3.56;3.56;3.56;3.56;3.56;2.35793084123395;3.25841547135343;3.2127184128215;0.432912625921841;0.0287781192389822;0.0774740433080916;0.12;2.32946473480019;0.111992641833828;0.965220770575175;1.35821579086646;0.122718609032436;0.0520873861067935;0;27.213600741418;42.6143656547993;1.69502961564894;1.50170859934948;1;1.36742438390768;1.4134540703723;1;1;1.18339599266866;1.0005041863709;0.408662669256105;0;0;0;0;0;0
4.16;2.80936976627885;1.56;1.56;1.46582348529196;0.149839300494742;0;0;0;0;0;0;2.33380022796748;3.56;3.56;3.56;3.56;3.56;2.57868536768481;3.03772436425742;3.29731347506174;0.0958841690960989;0.758719791033857;1.64398351375868;0.12;1.36779198531667;1.47743136456586;1.36;1.11691462573387;0.756661916902277;0.26767953870535;11.8678809925892;36.0190563679041;53.8134984187651;32.4169048597353;6.03789967267325;1;1.04289508432532;1.14613931536162;1.23316859475868;1.74342291698075;2.28104620655684;1.25539500000465;0.325955935234674;0;0;0;0;0;0
4.16;2.39030234992048;1.56;1.56;1.03082685579913;0;0;0;0;0;0;0;2.50668340381398;3.56;3.56;3.56;3.56;3.56;2.79943508111164;1.66587357859916;2.83290074059771;0;2.64666964876854;2.19128165212972;0.341180215673848;1.78803771499575;3.0922624998772;1.46267747689368;0.558655714281055;0.371925010310985;0.263031472238991;5.75258153126409;41.2813514526648;54.64;54.64;12.9741186265399;1;1.11752999569895;1.57450921800083;2.06621909926079;2.6209453797154;1.7685561996104;1.14734575967714;0;0;0;0;0;0;0
3.08529751139194;1.57852941339832;1.56;1.56;0.425220553852212;0;0;0;0;0;0;0;2.28511409167545;3.56;3.53916194462842;2.92627396517858;3.56;3.56;3.38699797461637;2.97543127552298;1.91401597925518;0;0.0169268986560541;2.38216723400634;1.70997583431881;1.50552235535136;1.63205756641327;0.304440287518004;0.846552271313257;0.336802079756225;0.10636972264264;1.45380168187952;14.6690125318742;52.8137860255237;47.8174302323065;1.4485870625668;1;1.10526041940879;1.61509232473932;2.72152395190166;2.66206897591785;0.457940915448194;0.000318036829374896;0;0;0;0;0;0;0
1.71730768996347;1.56;1.56;1.56;0.254608465334354;0;0;0;0;0;0;0;0.843589207239115;3.28505190145816;3.56;0.491010498883197;3.47037538177646;3.51315640000817;3.06965837067478;2.6992589194085;3.34531903235444;1.41709031035207;0.190722162213456;2.39145223734313;2.74092356812456;0.428807145974775;1.19025869041459;2.48394610770495;1.46902567861552;0;0.0214858043187919;0.951880851447135;1.96;20.9059227937591;50.2333127254338;1.15872517530173;1.05046403388232;2.12884808436957;2.08768223015671;2.29685949416469;1.17517966035645;1.15697092120303;0;0;0;0;0;0;0;0
1.56;1.56;1.56;1.56;0.35214100470501;0;0;0;0;0;0;0;0.233434598947807;3.30652422961431;3.56;0.0681330281486565;0;1.14571674655317;1.42888094519173;1.08735318795106;3.56;20.3735408570389;85.4396389424328;45.0324168219613;2.8;1.81003084356365;0.639303785536375;1.31881991292908;0.189525656755597;0;0;0.197706167715195;1.96;1.96;31.0657566981898;12.4353925459406;2.10984746123396;2.77315641798398;1.88378227722808;1.02821194367238;0.0535135246344306;0.117021120489139;0;0;0;0;0;0;0;1.04675103818284
2.78698284941238;1.55569850705892;1.56;0.86456332778593;0.836629557953845;0;0;0;0;0;0.579367700130853;0.51122237349852;1.76696586631777;3.56;1.20713097425614;0.0184293372252906;0;0;0;0.188974616557531;97.7504018172371;87.6186382758308;87.08;66.6014934387498;2.8;2.74838719842917;1.2026992217376;0.12;0.0868613578418735;0.060812310965918;0.0253108230896022;0.0693183282113544;1.96;1.96;4.22446427295221;1.96;2.3310085290739;2.65000283091023;0.46051119422277;0;0;0;0;0;0;0;0;0;0.821711570908641;2.53240246765215
3.97513733825342;1.25791843947783;1.01215218649868;1.17065797945263;1.03496928503973;0.203573811160163;0;0;0;0;2.31764404137567;0.934609346099989;0;3.44538743044571;0.688540207396221;0;0;0.0171906139483516;0.0791730733950622;0.11989369313766;91.1059932466094;101.409433182769;87.08;71.8119750538323;2.8;55.9974193566428;0.639293889782477;0.790879346609687;0.264796165379239;0.704565139179346;0.183146573535931;1.47800171087085;1.96212256858464;1.96;2.08561257783204;2.32459357846257;0.761820108052917;0.704071654023593;0;0;0;0;0;0;0;0;0;0;1.22548094412865;0.95477988314752
4.02855586944864;1.49233561380331;0.201731778407744;1.42500232239267;0.604105072629919;0.852690087312328;0.0377408576336941;0;0.440040465291788;1.86072529248325;3.72792239203671;1.15628132050987;0.727985668801538;3.56001854859197;0;0;0;0.00980619240560434;0.101378990025604;0.12;50.1155872100831;87.08;87.08;77.4656722451076;5.18462334373694;74.6627926908109;21.6707865915219;1.51098485489984;1.04667339004114;2.00179072661664;1.89346340329777;2.8;2.18005486722038;2.46072639303236;2.72537292505503;2.79784282008139;0;0;0;0;0;0;0;0;0;0;0;0;0.0571301351442613;0
4.08;1.80479851335604;0;0.658235790287292;0.325382236625014;0.635616677887327;1.19374429516571;0.467548610970219;2.63235607156714;4.08;1.96037118393769;0.545981244325554;0;3.73465453409152;0;0;0;0;0.0515888579695154;0.12;12.7697424654437;76.4704435281709;87.08;87.08;39.3952566222316;72.4427396609503;13.9162109600808;1.89868843951855;2.69151565364381;2.8;2.8;2.8;2.8;2.8;2.8;2.27503820195298;0.000146966162114592;0;0;0;0;0;0;0;0;0;0;0;0;0
4.08;2.63576403361694;0;0.0191991086708253;0;0.113325370856865;0.72218047731833;1.52363801918491;3.03153539235187;4.08;3.7248520062842;0;0.786219376378964;2.57631418358276;0;0;0;0;0.026114847880695;0.12;0.12;34.4812891871972;87.08;87.08;87.08;87.08;39.8603699235301;2.8;2.8;2.8;2.60604318313395;1.10934053079151;0.905292310236953;0.775823206642732;2.45256274998861;1.27886390358719;0;0;0;0;0;0;0;0;0;0;0;0;0;0
3.67914507796975;4.06291292126649;2.17925757267214;0;0;0;0;1.1755939280423;1.8632860094856;2.97284255098785;3.11258192982284;0.0220542138994922;1.42150855488478;3.27827259363122;0;0;0;0;1.81631114709009;49.6769511678981;47.6060391163328;80.9733191552114;87.08;87.08;87.08;67.3966326241144;6.57333881557989;2.8;2.8;1.81877182042199;0.752408520463761;0.12;0.111767554114541;0.0873904462804087;0.315992381102036;0.0666735140430527;0;0;0;0;0;0;0;0;0;0;0;0;0;0
1.47636302557577;3.64612936208288;3.65885830580341;0;0;0;0;0.594957168791117;1.27310543642929;0.72024929338465;1.7634960071591;0.0619542815751954;4.08;4.08;0;0;0;0;4.77690529023637;61.3178740294261;87.08;87.08;87.08;87.08;87.08;62.1925585263672;7.32952182788026;2.8;2.17829490983498;0.493876388731505;0.0884924601000787;0.113476167959037;0.0871870593217201;0;0.017069508741678;0;0;0;0;0;0;0;0;0;0;0;0;0;0;0
1.4218020438619;1.92712556137189;2.22064597084823;0;0;0;0;0.670438068216552;0.605234399345458;0;1.45817205616757;1.26521219171687;4.08;4.08;0;0;0;0;0;0;65.31;87.08;87.08;87.08;87.08;87.08;28.1447517056388;1.8768758789151;0.185082901614751;0.00289512626195856;0;0.0275430026192104;0.0297897677023003;0;0;0;0;0;0;0;0;0;0;0;0;0;0;0;0;0
1.67741837032931;0.925748799011447;3.69882873491139;1.0265594396924;1.53672775362251;0;0;1.05886251904448;0.302457054382356;0.0999539597800167;0.0276995803874889;1.42369951438782;3.53584493084784;4.08;0;0;0;0;0;0;0;87.08;87.08;87.08;87.08;87.08;33.5301750707107;2.97053745490027;0.14532591971436;0;0;0;0;0;0;0;0;0;0;0;0;0;0;0;0;0;0;0;0;0
2.32097023920385;0;3.41769342820142;2.2082383865444;2.87934120773558;0.487367766019426;0;0.961517937120236;0.479052670851815;0.16;0.06662233115118;0;0.0524876494820774;1.25964485964311;0;0;0;0;0;0;0;87.08;87.08;87.08;87.08;87.08;38.5671099340208;3.2;2.81386164542611;1.24313922826247;0;0;0;0;0.015646006994569;0;0;0;0;0;0;0;0;0;0;0;0;0;0;0
3.91088613898521;0;2.04587502177649;1.91144955653051;3.25051937241583;1.32859687996161;0.0691489847681779;0.695145994845062;0.566361424168805;0.16;0.00319252087419675;0;0;0.147195478884876;0;0;0;0;0;0;0;87.08;87.08;87.08;72.1063875703816;51.7813203387259;14.0068652524464;2.69052486509508;3.2;1.052622126621;0;0;0;0;0.0842394554772963;0.0275782341436137;0;0;0;0;0;0;0;0;0;0;0;0;0;0.102622755257762
4.08;0;0;2.73535347031054;4.08;4.08;0.92167105563731;0.0871436528227314;1.30815751953735;0.16;0.00655560548864305;0;0;0.100816166692954;0.060475836371836;0;0;0;0;0;43.54;87.08;87.08;87.08;32.0879035638182;1.23400247837536;1.2;2.41714086470427;3.2;0.254897945992649;0;0;0;0.00313716944156757;0.0947129296595639;0.0879107995825558;0.000192504857939536;0;0;0;0;0;0;0;0;0;0;0;0;0.158829837705195
4.08;0.0439495214084163;0;2.27006069417993;4.08;4.08;2.87665049353464;0.0727765813313394;2.26509770977885;1.04647334516128;0.0165219165405259;0.00548141444008798;0.00452227254509972;0.0707645150249824;0.08;0;0;0;0;0;43.54;87.08;29.7771929574302;80.9181241697804;57.7126493471784;1.69681284866764;1.2;2.29997932057911;0.506741747431457;0.0407352069523404;0;0;0;0.00725179441245273;0.12;0.12;0.00596474622921087;0;0;0;0;0;0;0;0;0;0;0;0;0.0045264248380871
4.08;0.279480703892279;0;3.03243171311896;4.06963760360697;3.99697775170404;4.08;0.543579333404638;2.1324520510057;1.42007143464396;0.154121650536108;0.16;0.0640962995477067;0.0608183655455709;0.0431241210399038;0;0;0;0;0;0;56.7573322081391;6.18013247047109;6.15036964616243;59.440253732484;2.44334284215963;1.06952109660289;1.20719315875374;0;0;0;0;0;0.000457685800778861;0.0945007689962152;0.0880655435344239;0.00695173207492483;0;0;0;0;0;0;0;0;0;0;0;0;0
4.08;0.936437180056053;0;2.77728474687561;1.58139033983897;1.92001820998503;4.08;1.14194348082126;2.10053705130412;2.28463833353175;1.48919444075386;2.20558742091581;0.52584568370141;0.290695330439005;0.08;0;0;0;0;0;0;0.7;2.8;2.28720901094363;2.8;2.8;0.847383405081576;0;0;0;0;0;0;0;0.12;0.0394137155035045;0;0;0;0;0;0;0;0;0;0;0;0;0;0.945856117587836
4.08;2.90022636434718;1.28965872404762;1.70589621494318;0.0382672574096627;0.0413719380628803;2.78637220847736;3.56754887676834;3.67595083791227;4.01081669217797;3.99270181452829;4.08;4.08;1.41154363823212;0.0545402003863826;0;0;0;0;0;0;0;0.513861016523836;0.0977392598001608;2.50405537946886;2.8;2.53631931366041;0.559496274717672;0;0;0;0;0;0;0.0259890526788948;0.00750356844211044;0;0;0;0;0;0;0;0;0;0;0.422748270883016;0.801421829854138;1.00361989835976;1.17564020714982
17.0241162938023;11.8332363296435;4.08;1.12505519696465;0;0;0.171618915327651;1.75316878115641;3.89409307947796;4.08;4.08;4.08;4.08;1.57893050482161;0.0713517435911655;0;0;0;0;0;0;0;0;0;1.72557945497369;2.5942609889522;2.8;2.52899410477864;1.10917867311602;0;0;0;0;0;0;0;0;0;0;0;0;0;0;0;0.0251152908839285;1.07002983435338;2.59105987774024;2.61109117446398;1.2;1.2
115.922745944241;47.04503287252;3.55812542695192;0.0129651974072483;0;0;0;0;1.84371471230819;4.08;2.59328137062201;1.55744756081402;3.54553216214427;1.57490104965039;0;0;0;0;0;0;0;0;0;0;0;0.0276877081948332;2.8;2.33240965121389;0.453228872622081;0;0;0;0;0;0;0;0;0;0;0;0;0;0.0657775983663058;0.527730152982753;0.89028834058484;2.07803710541502;2.8;2.8;1.82458944177834;1.2
134.852739937376;102.513079915977;27.9556268764743;0;0;0;0;0;1.1787893537608;4.08;4.04888216386271;2.96775747010387;0;0;0;0;0;0;0;0;0;0;0;0;0;0;2.6329656804595;0.904929625667166;0;0;0;0;0;0;0;0;0;0;0;0.0943230287749009;0.850598692517728;0.941518598746508;1.04869439967997;1.2;1.18394250326324;1.83487738277139;2.8;2.8;2.37133165022922;1.2
90.3067969340774;138.8;110.160697787546;7.04006965351489;0;0;0;0;0.224581056406254;0.691227310911566;3.9306383827565;1.58181405304085;0;0;0;0;0;0;0;0;0;0;0;0;0;0;0.483016047554556;0.317387445392546;0;0;0;0;0;0;0;0;0;0;0;0.0496851201625541;0.536837270912823;1.01527045777512;1.2;1.2;0.280507243023397;0.028101960527245;1.4;1.5549059686447;1.51023330137284;1.2
24.620957377663;137.293034481331;138.8;47.3836062258697;0;0;0;0;0;0;1.3666139607955;0.963112841266761;0;0;0;0;0;0;0;0;0;0;0;0;0;0;0;0;0;0;0;0;0;0;0;0;0;0;0;0;0;0;0;0;0;0;0;0;0.136990642887237;0.984773399837177
4.08;129.461221724068;138.8;132.768611975169;12.9285234981298;0;0;0;0;0;0;0;0;0;0;0;0;0;0;0;0;0;0;0;0;0;0;0;0;0;0;0;0;0;0;0;0;0;0;0;0;0;0;0;0;0;0;0;0;0.3
4.08;82.7678135858016;138.8;138.8;75.8664514944194;0.109442874222918;7.33656361074177;0;0;0;0;0;0;0;0;0;0;0;0;0;0;0;0;0;0;0;0;0;0;0;0;0;0;0;0;0;0;0;0;0;0;0;0;0;0;0;0;0;0;0
32.4445987733287;111.970223836175;138.8;138.8;109.961243202486;7.66824191221819;115.929433175934;0;0;0;0;0;0;0;0;0;0;0;0;0;0;0;0;0;0;0;0;0;0;0;0;0;0;0;0;0;0;0;0;0;0;0;0;0;0;0;0;0;0;0
138.8;138.8;138.8;138.8;138.8;136.890201185095;125.509198760433;5.34553027314777;12.7926840347119;70.1211107540484;39.4464155135083;0;0;0;0;0;0;0;0;0;0;0;0;0;0;0;0;0;0;0;0;0;0;0;0;0;0;0;0;0;0;0;0;0;0;0;0;0;0;0
59.5096916754574;110.201316261287;138.8;138.8;138.8;138.8;138.8;107.274308812139;112.177807905793;138.8;115.861608795537;0;0;0;0;0;0;0;0;0;0;0;0;0;0;0;0;0;0;0;0;0;0;0;0;0;0;0;0;0;0;0;0;0;0;0;0;0;0;0
4.08;87.2981805138841;138.8;138.8;138.8;138.8;138.8;138.8;138.8;138.8;46.5128815172125;0;0;0;0;0;0;0;0;0;0;0;0;0;0;0;0;0;0;0;0;0;0;0;0;0;0;0;0;0;0;0;0;0;0;0;0;0;0;0
9.60105410421655;86.7836627934177;138.8;138.8;138.8;138.8;138.8;138.8;138.8;138.8;36.2180190745955;0;0;0;0;0;0;0;0;0;0;0;0;0;0;0;0;0;0;0;0;0;0;0;0;0;0;0;0;0;0;0;0;0;0;0;0;0;0;0
63.8641501171152;138.8;138.8;138.8;138.8;138.8;138.8;138.8;138.8;89.3256085692613;16.5342024957013;0;0;0;0;0;0;0;0;0;0;0;0;0;0;0;0;0;0;0;0;0;0;0;0;0;0;0;0;0;0;0;0;0;0;0;0;0;0;0
138.8;138.8;138.8;138.8;138.8;138.8;138.8;138.8;138.8;44.1996201801226;0;0;0;0;0;0;0;0;0;0;0;0;0;0;0;0;0;0;0;0;0;0;0;0;0;0;0;0;0;0;0;0;0;0;0;0;0;0;0;0
138.8;138.8;138.8;138.8;138.8;138.8;138.8;138.8;138.8;60.0425672622239;0;0;0;0;0;0;0;0;0;0;0;0;0;0;0;0;0;0;0;0;0;0;0;0;0;0;0;0;0;0;0;0;0;0;0;0;0;0;0;0
138.8;138.8;138.8;138.8;138.8;138.8;138.8;138.8;138.8;19.1420099266398;0;0;0;0;0;0;0;0;0;0;0;0;0;0;0;0;0;0;0;0;0;0;0;0;0;0;0;0;0;0;0;0;0;0;0;0;0;0;0;0
138.8;138.8;138.8;138.8;138.8;138.8;138.8;138.8;129.357036292742;17.4709091247319;0;0;0;0;0;0;0;0;0;0;0;0;0;0;0;0;0;0;0;0;0;0;0;0;0;0;0;0;0;0;0;0;0;0;0;0;0;0;0;0
138.8;138.8;138.8;138.8;138.8;138.8;138.8;138.8;121.659983247858;51.7214204665529;0;0;0;0;0;0;0;0;0;0;0;0;0;0;0;0;0;0;0;0;0;0;0;0;0;0;0;0;0;0;0;0;0;0;0;0;0;0;0;0
138.8;138.8;138.8;138.8;138.8;138.8;138.8;138.8;138.8;69.4;0;0;0;0;0;0;0;0;0;0;0;0;0;0;0;0;0;0;0;0;0;0;0;0;0;0;0;0;0;0;0;0;0;0;0;0;0;0;0;0
138.8;138.8;138.8;138.8;138.8;138.8;138.8;138.8;138.8;69.4;0;0;0;0;0;0;0;0;0;0;0;0;0;0;0;0;0;0;0;0;0;0;0;0;0;0;0;0;0;0;0;0;0;0;0;0;0;0;0;0
138.8;138.8;138.8;138.8;138.8;138.8;138.8;138.8;138.8;104.1;0;0;0;0;0;0;0;0;0;0;0;0;0;0;0;0;0;0;0;0;0;0;0;0;0;0;0;0;0;0;0;0;0;0;0;0;0;0;0;0
