0;7.46207887820494e-05;0;0;0;0;0.0306494448223151;0;0;0;0;0;0;0;0;0.317057408798952;0.803863154425233;1.04;0.888158444437003;0.213336083461848;0.00576807531225727;0.0177872011718442;0.00790528523669012;0.0469221063353158;0;0.000375021589249597;0.0621113456876076;0.0727795221370976;0.0422357494554615;0.04;0.0286639186759889;0.000536648058084116;0.00178530836175534;0;0;0.157961027910284;0.213114589706063;0.0334018597040149;0.301103826389483;0.179214656886312;0;0.437591469208151;0.555771509242513;0.0326616498785166;0.328959720728546;0.64;0.578748557527176;0.327897515630722;0.0127058543064827;0
0.0177861970365143;0;0;0;0;0.30249730127435;1.0366512770352;0.0283111287164502;0;0;0;0;0;0;0;0.336955969368123;1.01720973010939;0.144596116684563;0.0249936398021877;0;0;0;0.00934439858794212;0.0587933380891455;0;0.0296595675681722;0.08;0.055583631126536;0.04;0.0354689099404725;0.0114716448289268;0.0135118185080987;0.0284809204768094;0.0116793174393941;0.00934045543174285;0.00165412679455717;0;0;0;0.269695844466984;0.201470216782038;0.578171996065999;0.617242052518629;0.0910703486624719;0.289570519083738;0.634378330646287;0.198415085620464;0;0;0
0;0;0;0;0;0.0186943886632311;0.796336797788981;0.136755303209461;0;0;0;0.156302231903401;0.536347286284715;0.121919242228493;0;0;0.233114132615331;0.00827789019766294;0;0;0;0;0.0583660407507317;0.034706391858682;0;0.0377055139690288;0.08;0.0406619926453459;0.04;0.0327953517863924;0.0341555067460173;0.0224685816438747;0.04;0.0362124634475481;0.0124826499164325;0.0122868643097675;0.000363590161822567;0;0;0.335517608312623;0.461363155452981;0.639210359642563;0.810222938852951;0.260261859245645;0.252622232949675;0.64;0.00536517393812537;0;0;0
0;0;0;0;0;0.0337056576810208;0.75946956511046;0.0878116977784662;0;0;0;0.17404427162474;0.72;0.393132440337539;0;0;0;0;0;0;0;0;0.0327513613466173;0.0404136699030176;0;0.024840792509275;0.0671609257472963;0.04;0.0335288750279157;0.04;0.035875263768412;0.018531367644572;0.0375648045580743;0.173909197273012;0.203336516069396;0.14455997818773;0.00450200302213241;0.00478981858117777;0;0.0067305997774748;0.175739533422533;0.662954064944116;0.727472230544536;0.532634376853365;0.443839345080406;0.64;0.1509612451292;0;0.0403048981235892;0
0;0;0;0;0;0.0139617859463207;0.974656775275231;0.219227770364181;0;0;0.00602024860837571;0.478823484047368;0.680349336924024;0.147608981232207;0;0;0;0;0;0;0;0;0.0244551023121923;0.0274088818114921;0;0.00735699908141652;0.0433488597774395;0.04;0.00440148854190484;0.0346623130809701;0.0395487181499162;0.0210205012468975;0.0325996063389815;0.340749779564794;0.884353144580295;0.733763830928372;0.0229140137608466;0.0362919210868123;0.00784282563027317;0.0421142132079108;0.508230160890999;0.749861105157141;0.84;0.416274712395442;0.152708793324339;0.325131999474799;0.333864847005786;0.0235193077049614;0.612880477353216;0.444443744020164
0;0;0.263772626018125;0.647388949102256;0.202878727759581;0;0.529114999560871;0.817164420032888;0.596908641916628;0.202135192682288;0.700005648463313;0.72;0.543570550427353;0;0;0;0;0;0;0;0;0;0.000701985592485278;0;0;0.0126740752143323;0.0298375742895544;0.04;0.0134746900643112;0.0140289205439828;0.0396094541051663;0.0241450944878568;0.010297899788708;0.479163857147069;0.913466697628258;0.435122289492983;0.0345009029577438;0.04;0.0381761883047863;0.0199064036025319;0.527717265040631;0.773717113916762;0.745900563531254;0.0698419055814865;0;0;0;0;0.58667809675835;0.64
0;0;0;1.03221934448269;0.5310562934493;0;0.859192971292725;1.04;0.946708282798866;0.138450061633185;0.41637302665741;0.665911155711593;0.123903019532835;0;0;0;0;0;0;0;0;0;0;0;0.00567727279581961;0.0606459319534427;0.0442912769182815;0.0397793993851037;0.0369802964595167;0.00621084981450199;0.00396681752520101;0.000370748616792466;0;0.350026085715485;0.92;0.499931271424238;0.04;0.04;0.04;0.0402212629117516;0.626908783661534;0.355570711069996;0.109549562788072;0;0;0;0;0.196385599061169;0.529004608746068;0.206887098387629
0;0;0.183728264911173;1.01656339356638;0.697828492411857;0.168342672912959;1.02536814458905;1.04;1.04;0.656263407893162;0.248669376214136;0.0656511073276956;0;0;0;0;0;0;0;0;0;0;0;0.00329535250110896;0.044373836032548;0.0135429453533395;0.0179378260653295;0.0289680710125767;0.00616214114417687;0;0.119532382492174;0.260285779599409;0.00168706539795201;0.562408021336375;0.92;0.747734872785091;0.28153977369931;0.04;0.04;0.305466522592778;0.625532692292532;0.0114279250941277;0;0;0.00220154959213714;0.158902637461888;0.73700008635256;0.861679118530089;0.27873754009124;0
0;0;0.27529131107619;1.04;0.924949951423189;0.730790929563348;1.04;1.02588988233586;1.04;1.04;0.499558855419805;0.592315962800197;0.718743136710953;0.612593389611122;0.207610869715642;0;0;0;0;0;0;0;0;0;0;0.0114183729442767;0.0366533504711451;0.0319089833639074;0.305937504401465;0.394341050133681;0.581529580626793;0.92;0.181800075141539;0.269417877907636;0.92;0.92;0.457328092553706;0.635222132614119;0.04;0.0425147990401118;0.04;0.04;0.0321725743684128;0.0173610930507537;0.170429918343173;0.861625348442388;0.92;0.724378218270652;0.193285941409184;0
0;0;0.166692200450599;1.02325490637464;0.561907342654683;0.325780797735637;0.0498384300364181;0.607743168186448;0.841252342783846;0.849763694340998;0.109223643485103;1.04;1.04;0.93587418132342;0.341297843026555;0;0;0;0;0;0;0;0;0;0;0.0221288149740547;0.04;0.04;0.362832493540659;0.899283825672996;0.860216698462959;0.915800602184609;0.905999563895751;0.795554068029707;0.92;0.92;0.55975870983244;0.327131949098487;0.0466156988377375;0.04;0.04;0.04;0.04;0.812011731039031;0.751689446998675;0.92;0.721868575411674;0.134644731808192;0.0377846727086231;0
0;0;0.00119216290725556;0.359434396314321;0.619888247408075;0;0;0;0;0.0547344911974207;0.0125858809947502;0.95042385087293;0.960642743821837;0.167719962086242;0;0;0;0;0;0;0;0;0;0;0;0.0234366489000005;0.04;0.04;0.04;0.810405573353544;0.916883297444413;0.238281853599078;0.589045362607135;0.814091563319391;0.627419362825341;0.875031518853295;0.566104479539978;0.22245784867952;0.0350170646687986;0.0386177688347502;0.04;0.04;0.04;0.802578770464007;0.92;0.92;0.681551926940438;0.268884935621358;0.0606353963694535;0.00225302133969747
0.388531616624862;0.38393873005165;0;0.0601239580888301;0.900321256527232;0.698062513542024;0.168243662536747;0;0;0;0;0;0.331612323883344;0;0;0;0;0;0;0;0;0;0;0;0.00363707810948361;0.0353234525059285;0.04;0.04;0.04;0.228122561333664;0.37348438782553;0.042465642950236;0.109906482998377;0.62039385885582;0.04;0.0806921582184486;0.216366956108492;0.0196690493077117;0.0109891514601748;0.0172022014097008;0.04;0.04;0.04;0.357036886052769;0.92;0.92;0.92;0.901640594788752;0.900935976116119;0.0780022581874895
0.72;0.54674799069101;0;0.283053288001598;1.04;1.04;0.291753240393382;0;0;0;0;0;0;0;0;0;0;0.00481685037292641;0.0242362733765676;0.0201122322586831;0.0199399748050979;0.00972003814205527;0.0145661569779273;0.0194999880895019;0.0343258482168939;0.04;0.04;0.04;0.04;0.04;0.04;0.04;0.0632263685154318;0.459381300715093;0.04;0.04;0.04;0.0388418113423642;0.0117208330763299;0.0115023901601322;0.039944321111496;0.04;0.04;0.157312877464708;0.647051552896526;0.525384740684662;0.275816392624664;0.74206393108226;0.341649954634255;0
0.72;0.517495203091497;0.102336364457875;0.903313392534238;1.02230790585773;0.873485282157734;0.468450221967754;0;0;0;0;0;0;0;0;0;0.00130998835820662;0.0289341451029293;0.04;0.450736120397083;0.400842360496122;0.689903087647632;0.796519121810328;0.482260020353267;0.04;0.04;0.04;0.04;0.04;0.0295584288530681;0.0144753324405621;0.04;0.04;0.04;0.04;0.04;0.04;0.04;0.0342548134909208;0.0140302096305097;0.0200223568548398;0.0367030114167184;0.04;0.0374047889896134;0.0103765063781918;0.0129761877386365;0.04;0.0764791731042193;0;0
0.393690706223148;0.0844284759625234;0.13066577466345;0.00155554505736277;0.463982878693084;0.411745722168243;0;0;0;0;0;0;0;0;0;0.000614829861676106;0.0270791471805041;0.04;0.307727436434967;0.917025368906602;0.92;0.92;0.92;0.386455139039168;0.0176924999631945;0.04;0.0272215278920715;0.0306090420001542;0.0384311161973091;0.00148692074692789;0.0336310662468626;0.04;0.04;0.04;0.04;0.104663001668212;0.221577257266194;0.04;0.04;0.0397169853857448;0.0360717506372874;0.0167119156864652;0.0295800884586293;0.0390052196962816;0.0371912601411775;0.0182383409641184;0.04;0.04;0.00601486881165765;0.361157408508242
0.231000260593659;0.249984138726071;0.691670197145086;0.139531261214984;0.0286624171787637;0.486042662803113;0.472963105805787;0.00450796838080314;0;0;0;0;0;0;0.00661315768260605;0.0363104370906754;0.04;0.04;0.391966511340718;0.92;0.92;0.92;0.796219627493069;0.0264218154940224;0.0135861883929268;0.0318759715581796;0.00448532422630626;0.0320791587338741;0.0346823018758688;0.00408757283754968;0.0385953399334103;0.04;0.04;0.04;0.29542897570308;1.05580630996157;0.755555907664091;0.04;0.04;0.04;0.04;0.0181462240984814;0.016157906260044;0.0392474191947857;0.0392459314803593;0.0112784087185157;0.282303012243438;0.794124208355788;0.895810041310828;0.851420490934032
0.72;0.72;0.72;0.0156368644706905;0.154931731669485;0.72;0.621516437533628;0.0421521627974108;0.368789061637783;0.259876708667818;0.105509307015924;0;0;0;0.00945464090447128;0.0352130689738613;0.04;0.04;0.371972182461514;0.790865995362573;0.92;0.92;0.520649432653285;0.024298010636299;0.0164590012736305;0.0202002997318894;0.00130866754023238;0.04;0.0394052432213929;0.00823498488184969;0.0344591946396977;0.04;0.04;0.04;0.149375443639849;1.09654520057514;1.11966168599511;0.426754007845905;0.332565899041668;0.306253210088909;0.04;0.04;0.04;0.04;0.0397344132261351;0.00214647658449954;0.248065821963636;0.92;0.92;0.49821903650205
0.709240373738671;0.569583831754578;0.72;0.0876422706800513;0.397426566219284;0.72;0.636265232378114;0.435017693416109;1.04;1.04;0.390502155149914;0.00015105353252963;0.00423212608578615;0.0189101313380723;0.0370052506614691;0.04;0.0542485684668296;0.0513297664318936;0.04;0.170760529642398;0.872845407490305;0.854611746224148;0.173466163271324;0.0192599228073843;0.0247114647707902;0.04;0.025656875158331;0.0389040876446435;0.0360804985766299;0;0.0252132496100606;0.04;0.04;0.147602795716455;0.786910818562617;1.16;1.16;1.16;1.16;0.417718983897279;0.04;0.04;0.04;0.0264522472661327;0.00102528201383539;0.0114339358333268;0.449894862022928;0.92;0.716952847972248;0.0494263723119818
0.424732250997716;0.0638725894716238;0.360980083809451;0.00361256493716753;0.395244280011659;0.614921179206473;0.224775810937115;0.493892934667345;1.04;0.919682571986926;0.335496021154057;0.0231432474397839;0.04;0.04;0.209835436913651;0.12623932113531;0.239004408349398;0.169184684197682;0.04;0.0409683412069388;0.0982102996592184;0.243128799844494;0.04;0.0215679545713589;0.0208014536255971;0.04;0.04;0.033544820582207;0.026952801330328;0.00248611588376806;0.0330606373222636;0.04;0.04;0.600463806320913;1.16;1.16;1.16;1.16;1.16;0.973425721227324;0.198218781349484;0.04;0.0219635296657953;0.00311106906772965;0;0.433497683025915;0.88885997285436;0.92;0.917304501515434;0.65930433618785
0;0;0;0;0;0.0916845991858531;0;0.386662240370838;0.880353183493327;0.185543740680649;0.033421364029321;0.04;0.04;0.04;0.287449215232995;0.328909356564943;0.302411613613716;0.133925655901157;0.04;0.04;0.04;0.04;0.04;0.0257133266831748;0.0173231044467016;0.0399538999026756;0.0326753969276339;0.00798870491002673;0;0.0038498315073157;0.04;0.328723049073831;0.614727916559391;0.920975984482858;1.00377159757037;1.16;1.16;1.16;1.16;1.16;0.952771815533956;0.0159923660896719;0.00174527827057803;0;0.290170562625307;0.92;0.92;0.92;0.92;0.880326676198089
0.018616984932333;0.105093892131606;0.158787680749455;0.266778794346512;0.245312522304314;0.547567267788574;0.653547145102302;0.528304678600223;0.834264343172877;0.0137711148264795;0.0387679788511636;0.04;0.04;0.04;0.156997909687459;0.369260906458405;0.0439437156554319;0.04;0.04;0.04;0.04;0.04;0.04;0.0394237398847644;0.0170636578356091;0.0365499963126611;0.0190709668981377;0;0;0.013274639157963;0.0295819332830608;0.457465733539759;1.16;0.87287945274412;0.209409021799577;0.215895959965898;0.681800289842057;1.13229249006896;1.06196918059424;0.758555290979147;0.0349944755103496;0;0;0.249700360360867;0.866293460276453;0.92;0.92;0.92;0.597048415673709;0.248125666919042
0.22155131603329;0.44;0.44;0.598522481426739;1.12;1.12;1.11040333553353;1.11727178090243;0.284522087022888;0.04;0.04;0.04;0.04;0.04;0.262953990173741;0.321866458377801;0.04;0.0801086666973509;0.273352184358892;0.159416980162227;0.04;0.0937705154282107;0.249953396505457;0.658267542421631;0.530173188951385;0.0375154942898383;0.0360813571209961;0.0071839619353682;0;0;0.0122930619060873;0.258986895866919;0.872739959423915;0.216349511733763;0.04;0.208818373860986;0.040088044779282;0.718293996759858;0.42237164004343;0;0;0.0916380642155152;0.0995458223965256;0.120482696482662;0.405064391214025;0.865789430706451;0.85544095141813;1.04876905149099;0.651154818795987;0.125275027270796
0.25443574706791;0.44;0.44;0.718589249421683;1.12;1.12;1.0404425200893;0.194714632224539;0.04;0.04;0.04;0.04;0.04;0.04;0.244630168154216;0.223415600444769;0.048413679718329;0.328088433216682;0.44;0.380576123926246;0.204016529144187;0.311488920997822;0.72;0.552978832528589;0.0430277464825194;0.04;0.04;0.0210465644765645;0;0.000983498626367047;0.027439645914768;0.73845818280729;1.16;0.858146838544871;0.118123713996195;0.861425450344247;0.618911112814168;0.767987016941793;0;0;0.642756046595849;1.16;0.681970305693077;0.0355265742224209;0.035165842853477;0.00245122429315915;0.533090337842051;1.13658286054382;1.16;0.293772418277152
0.243351626105934;0.674942865303284;0.890317793088387;1.09509258235075;1.12;1.1085688697977;0.204310927577031;0.04;0.04;0.04;0.04;0.04;0.04;0.04;0.0735783106213037;0.04;0.20316663454098;0.39715655285651;0.44;0.187132619504846;0.369950651973106;0.642549936641597;0.72;0.307301679941365;0.04;0.04;0.04;0.0385054717017729;0.0208608711292973;0.0262436387122894;0.04;0.0802306384123595;1.00001851476257;1.08576985534745;0.181454686251843;0.288222537830621;1.04202242562674;0.913440964234764;0.110302154177665;0.148162046496775;1.1334319011653;1.09260761316232;0.691549663256888;0.0374288318352213;0.00141680933033877;0;0.386678797801851;1.14054543592909;1.16;0.80008106749496
0.370850286258385;0.529153145845281;0.743247792781161;0.872961021184326;1.04573762022783;0.449690768059031;0.0413259040870049;0.04;0.04;0.04;0.04;0.04;0.04;0.04;0.04;0.288383083331623;0.237045587491244;0.255560729255492;0.497487681490423;0.638069446248998;0.580152342405794;0.72;0.679761299089717;0.129011213293289;0.0483587438963045;0.294782735880284;0.236446840444648;0.04;0.04;0.04;0.04;0.04;0.242452657704598;0.821909694580163;0.0653505670206418;0.04;0.0665917944566446;0.200812026900092;0.833225640578047;0.777975979621182;0.516176048447139;0.0474564859319367;0.04;0.0340634161357278;0;0.000418367333011983;0.0249942211224316;0.488851650193432;1.13369924130233;0.640085779042995
0.329058864328079;0.44;0.44;0.404928206849584;0.04;0.04;0.04;0.04;0.04;0.0383090719506739;0.0194905273325937;0.0380516051921067;0.04;0.0825620659542243;0.352606289696414;0.432469371848638;0.430727112778695;0.395561736221956;0.601237158479126;0.654588259072449;0.72;0.72;0.399227218824441;0.04;0.417130269256514;0.72;0.291157647801824;0.04;0.04;0.04;0.04;0.04;0.04;0.753254449030987;0.155683957755103;0.04;0.04;0.04;0.156742535447473;0.170326083439942;0.404253848514365;0.477228746245135;0.04;0.0249504689681809;0;0.00524207229321478;0.328159104924051;0.04;0.58002590909873;0.0402179464257532
0.287268314726651;0.44;0.44;0.253725808283777;0.04;0.04;0.04;0.04;0.0283996024625566;0.0114704567479073;0;0.0317756086407695;0.04;0.156277499701094;0.44;0.44;0.198278430901991;0.04;0.107042897918292;0.482155351519398;0.72;0.72;0.643021087816823;0.383044931569416;0.236020385919175;0.642567953813733;0.72;0.149198554647729;0.04;0.04;0.04;0.04;0.393125658856603;1.08251430823784;0.5139267515138;0.04;0.04;0.04;0.04;0.04;0.206235061065656;0.466235623700358;0.04;0.0290660522026476;0;0.242159593336094;0.65117008680502;0.220135498333673;0.104175822310819;0.225729494113889
0.350552856621767;0.44;0.44;0.21190686840061;0.04;0.04;0.04;0.0349245206944097;0.00208654862189173;0;0.00421925383768009;0.0385066123361023;0.04;0.04;0.243457556720965;0.401930720168271;0.0990871388236246;0.04;0.0435896507519151;0.673559087406625;0.72;0.556351887481858;0.220649824298313;0.04;0.132409366038864;0.569514095239054;0.202528001256287;0.648686194570834;0.0467443548093005;0.04;0.04;0.04;0.0405136374821176;0.04;0.04;0.04;0.04;0.04;0.04;0.04;0.34710473090969;0.539307912079549;0.0416190340074888;0.0760423804062187;0.505675246794945;0.910853050499968;0.92;0.895882693264618;0.806098234431539;0.902667475426383
0.427547810688624;0.44;0.383627936405943;0.0512382084971961;0.04;0.04;0.04;0.0347170411606882;0.0334453627915464;0.0192079671998584;0.173152010367695;0.0910706485129975;0.222497825118219;0.04;0.04;0.184153048180944;0.044630967592553;0.158344342994818;0.324363456638924;0.716399689736522;0.719539037978995;0.255942331370104;0.04;0.04;0.659130846215917;0.0171311833245394;0;0.381900317841356;0.0446707583627311;0.04;0.04;0.04;0.04;0.04;0.04;0.04;0.04;0.04;0.04;0.04;0.0567761942497136;0.745163589680826;0.167118769796906;0.51043075235231;0.92;0.92;0.92;0.721120935759153;0.436050704622508;0.918808109203676
0.44;0.44;0.432707515801431;0.247125413764595;0.04;0.04;0.04;0.04;0.491115934154084;0.59920299974087;0.525851907778562;0.464341916388363;1.02778451451845;0.214366644520134;0.04;0.04;0.0610611496409917;0.504715387596911;0.493431399240618;0.626775052881876;0.548981622947386;0.04;0.108000675107379;0.04;0.634667254248215;0.175654752559546;0;0.0818740075496471;0.04;0.10630093410816;0.395640624425185;0.04;0.04;0.04;0.04;0.04;0.04;0.04;0.04;0.04;0.04;0.544206263124769;0.250117706599631;0.841744497996941;0.59860559189012;0.488651107390225;0.455963475167799;0.10750602628452;0.32736424157905;0.635652695657877
0.44;0.44;0.24692628164122;0.0782025475442451;0.04;0.04;0.04;0.04;0.04;0.691673352145022;1.03691143159866;1.10357744336951;1.06724826468907;0.0276790010709926;0.04;0.04;0.293273620676143;0.485106097622015;0.323651755002194;0.370300048853133;0.110135559966993;0.0786497474506739;0.604078689303374;0.374143024345823;0.636178329192868;0.248533196326657;0;0.0236985243414994;0.779128924388282;1.12983936430783;0.295471941898541;0.04;0.04;0.04;0.04;0.04;0.04;0.04;0.04;0.04;0.04;0.491213685322041;0.509114788806351;0.311129655278235;0.0486352096014065;0.0671169682597272;0.790828856930387;0.740833010264251;0.898759237334501;0.526192526277374
0.623321531638694;3.5517618881309;0.204824375153883;0.04;0.04;0.04;0.04;0.04;0.04;0.148704449936799;1.04002664638871;1.12;0.63306389782019;0.000987564937976944;0.13040637216693;0.477211519103384;0.04;0.04;0.04;0.04;0.04;0.311537406285014;0.72;0.72;0.658117304030525;0.0977886926690983;0.00344640334010591;0.195698933869875;0.895507520406139;0.641908266611152;0.672990492413167;0.116631945877709;0.04;0.0392561698913696;0.04;0.04;0.04;0.04;0.04;0.04;0.184289928230432;0.885421527986038;0.177852517114718;0.04;0.04;0.303922101438594;0.619721477234938;0.28398761780317;0.317562387085636;0.0704207259103041
1.83246514714789;24.6348547202341;0.157757625815459;0.04;0.04;0.190443890231213;0.299613288426888;0.0777952214023237;0.04;0.04;0.286029053147157;1.12;0.74955217162203;0;0.0199943669445238;0.586027563081098;0.04;0.0847392296381594;0.151414553831125;0.365988640372371;0.04;0.127765643221566;0.594379513753527;0.711648161177354;0.0826628738447926;0.04;0.00887023730170913;0.509397534787794;1.16;1.16;1.16;0.247652139876597;0.0323305818956538;0.00215605780845704;0.0143682819999754;0.018744725959877;0.04;0.04;0.04;0.04;0.423612620017115;0.10074170636094;0.04;0.04;0.0247201640610469;0.000873253562590657;0.0559777464627995;0.00117362624525026;0.0145781644533537;0.0130746219692249
7.36061976186731;25.1718327278774;0.335435363854541;0.04;0.04;0.409095497802366;0.44;0.185154871950392;0.04;0.04;0.204783863520296;0.898541932443518;0.695486653095568;0.0146258493694295;0.202651102099905;0.726427430861163;1.06881843145252;0.996573778509128;0.908384192590842;1.11944320896657;0.502319327399516;0.04;0.20512215354528;0.603812983373101;0.0497444439034926;0.039734364976335;0.0111808511771127;0.790414270407551;1.16;0.864625389574398;0.913561226753271;0.116729784778117;0.025109917047061;0;0;0.00191275639124643;0.031338329350493;0.04;0.04;0.04;0.04;0.04;0.0279311915586918;0.0113474389109761;0.00284331648778359;0;0;0;0;0.00128095249460163
10.8570746813144;31.44;22.5161690195432;4.36113818006133;0.0884699388140072;0.391467598663448;0.358740775923801;0.293579621516533;0.04;0.0530134380224459;0.339254924886046;0.123118738931142;0.396680749688988;0.550323899499533;0.881250669787555;1.07809438356058;1.12;1.06830728848651;0.828919196423544;1.12;0.168023243100821;0.04;0.04;0.105036702749205;0.04;0.0391312376830727;0.00220647043238328;0.582729674196605;0.154199151805975;0.0463085935503244;0.04;0.0366589254529894;0.00800718223491095;0;0;0;0.0191175608549962;0.04;0.04;0.04;0.04;0.0358692888522561;0.0067603648652553;0;0.0392652899581699;0;0;0;0;0
7.54408860615313;21.3513100200906;27.7825895452846;28.0705113463289;0.04;0.0839079698893873;0.0590660041619321;0.343054472089165;0.04;0.231640038944261;0.34458706814515;0.0104080642569492;0.286850343457956;1.03224495286666;0.147677217074112;0.485508227649976;0.959651267152123;0.553638423801539;0.249188858563403;0.878030898111352;0.230503181007551;0.04;0.04;0.04;0.04;0.0451028728108423;0.129162854043461;0.632174150330678;0.644009450080375;0.426890048215722;0.0538599254383256;0.0396394790282437;0.00992694063044107;0.000192211077977587;0;0;0.000554977135071075;0.106214260870822;0.432856312694908;0.226986241348274;0.349429295696515;0.79920413434951;0.122343502099147;0.195584613588545;0.111587366807634;0;0;0;0;0
0.44;0.44;3.27329940059659;5.30622995816404;0.22191641610613;0.04;0.04;0.0733215063574633;0.0422225295675994;0.44;0.213892021686634;0.0094513766712157;0.730268689126988;0.546221230620725;0.04;0.313237512514461;0.156941552899906;0.04;0.04;0.701515653343732;0.540462722186332;0.04;0.04;0.277923273161985;0.579905483577684;0.543681357568922;0.508056829657406;0.986976631588967;0.754928170289623;1.16;0.765810782249225;0.0980667317183462;0.0167778617325567;0.0249600825099724;0;0;0;0.4973466981506;0.84690233106548;0.879572231956544;0.92;0.487835419695681;0.0455876435209346;0.28;0.0564705235264264;0;0;0;0;0
0.430128232998667;0.435182679519867;0.268224744347064;0.308208215482533;0.0719240703711155;0.04;0.04;0.04;0.188296359687642;0.415661093398929;0.275834373160189;0.0371252916404683;0.0774572623624724;0.467159874329678;0.0807181651848219;0.318195270791896;0.165371168986429;0.04;0.04;0.151296212415591;0.131365854176661;0.04;0.0938368597216279;0.883592645692309;0.92;0.551850556858724;0.197844286927082;1.04556331014774;0.577689580685544;1.16;1.05208657356108;0.299748424710705;0.003579672063544;0.0370548933100818;0;0.00248184025905189;0.0133201133463066;0.0429595239268444;0.0471897637963362;0.476820483824592;0.830639724982309;0.160714846297736;0.093203508337376;0.28;0.0852678838901687;0;0;0;0;0
0.436860267753551;0.429653015458956;0.234601976629366;0.14171869616689;0.178741616571315;0.153158405313279;0.04;0.04;0.0442445250107998;0.0590641596697586;0.109433555938769;0.04;0.237916228896051;0.189597367130708;0.17847988296163;0.434904436032624;0.282933489959706;0.04;0.04;0.04;0.04;0.04;0.251064924811313;0.78807948809079;0.404930929475297;0.998728965471723;0.423936597187817;0.896439500791021;0.512517074472525;0.906188135334086;1.14327052333459;0.688388635735455;0.00386159384579622;0.00117568946073671;0;0.00713843766115606;0.04;0.235570467935184;0.629361416002146;0.874540231506223;0.348450754485171;0.279317324887924;0.28;0.252358175145648;0.0828282072833899;0;0;0;0;0
0.44;0.424541799369058;0.402811475075962;0.103024611036136;0.321635315103377;0.196539661348255;0.0750050967257883;0.04;0.0665493385866429;0.392227069820089;0.44;0.359418190827933;0.419949232611882;0.271628169030048;0.177530175022811;0.515047633729289;0.188741486611718;0.04;0.04;0.04;0.04;0.04;0.04;0.16306198833879;0.380075042326416;1.02098372322571;0.249812142224194;0.806589998181588;0.20727512507878;0.996192182467715;0.737868760460805;0.00481197024902907;0;0;0;0.00301230114721693;0.04;0.365297081357054;1.16;0.921532690193318;0.28;0.28;0.225532692591574;0.0546966699272697;0;0;0;0;0;0
0.405780886272083;0.159105470977949;0.091275339269909;0.04;0.194410153367155;0.43788408375933;0.295675312628467;0.156068148067221;0.40810730781618;0.44;0.44;0.44;0.44;0.448096568736716;0.528693095316851;0.327687426309753;0.247549221956332;0.0507687137442732;0.04;0.04;0.04;0.04;0.04;0.19958461143747;0.92;1.11790154207567;0.485303445528962;1.12208490411628;0.526065959900861;0.256981368095367;0.0482748201025779;0;0;0;0;0;0.0344805403313065;0.470936427037251;1.16;0.972826533161446;0.790127823013369;0.297305974993671;0;0;0;0;0;0;0;0
0.228139703145407;0.04;0.04;0.04;0.0412092571656196;0.147942412163747;0.210404926814241;0.398711577217005;0.354872004847442;0.44;0.44;0.408784187959693;0.284023733131588;0.527190490786557;0.536558216453226;0.516224280483178;0.496801397774387;0.0673059751447595;0.04;0.04;0.04;0.04;0.04;0.405165508500636;0.92;1.09738966327263;1.16;0.939293931620372;0.447543450235932;0.0348759417286305;0.00534554383654139;0;0;0;0.150756000023227;0.17146054933861;0.0190173542739824;0.849228735254503;1.16;0.832531217541407;0.23014542518286;0.0406453303234765;0.008960470978311;0;0;0;0;0;0;0
0.175317469361731;0.04;0.04;0.04;0.04;0.0508783851470302;0.562496231883337;0.338752235828433;0.253173014725941;0.44;0.44;0.366697902013082;0.04;0.0508804446314903;0.538710217043957;0.56;0.547422963929814;0.153235190632756;0.04;0.108071419746242;0.19846716266792;0.04;0.04;0.555203470848038;0.785292821147579;1.07254249935867;1.15663120873634;0.300581841100719;0.04;0.04;0.0289850785923663;0.155130486140214;0.256621947706304;0.577526971187048;0.554413643160809;0.202447881627496;0.00282728644552283;0.493924017378814;0.989212347644195;0.352603022599443;0.0291779170997906;0.0243603463677224;0.000493636652614704;0;0;0;0.00949158122409135;0.00147539006935926;0;0
0.0461566406309664;0.04;0.126479081568591;0.04;0.04;0.292120582375045;0.775350545733143;0.329704972568683;0.124175568225709;0.39889817716434;0.44;0.429983143940927;0.133737170743669;0.304306362558467;0.552163934624411;0.492828923709749;0.481142642066943;0.266248753106015;0.35491340384935;0.476834808394305;0.442158264567873;0.04;0.04;0.04;0.512750597141555;0.922899265572754;1.0589160834087;0.87922753035899;0.226660442433643;0.0440489558754585;0.0593443426280695;0.551531608671387;0.700159287049941;0.291222373378594;0.000558403780284141;0.0372147526993329;0.0354523694308605;0;0.781182203606779;0.386628167327028;0;0;0;0;0.00815546844223974;0.257010393527886;0.822379964561295;0.0825590732302051;0;0
0.04;0.04;0.61424264064926;0.872418974298285;1.00420309429998;1.11150619649203;0.78816455736837;0.0794376231423439;0.0191196084550357;0.18196038166145;0.351316426811441;0.247133369840465;0.04;0.155777472689048;0.382921114160208;0.281577750285007;0.0779910508819665;0.452284442014243;0.56;0.56;0.140480167433097;0.04;0.04;0.04;0.111925595058775;0.504286957754894;0.89580263090054;0.80732169980647;0.573147780894556;0.0629404590476072;0.0316633534913021;0.0170133682907089;0.505199206863388;0.264882684091373;0.149267859154195;0.272459120118003;0.207372286580257;0;0.325743744263629;0.700062990598474;0.636028140492272;0.250862932793005;0;0;0.00825823637368158;0.451013585921757;0.84;0.422673315280158;0.562212166621922;0.705295327911107
0.04;0.04;0.956628176497621;1.12;1.12;1.03955770028884;0.400833677072889;0.0107705425206411;0.000291590753165504;0.00726429895333347;0.04;0.04;0.04;0.04;0.0659765794974742;0.04;0.04;0.17202746822336;0.56;0.56;0.151043983001402;0.04;0.0415307751730373;0.0902258907987315;0.402526208438381;0.129946566995072;0.340356610829534;0.407831230961011;0.73478916769571;0.184882503514812;0.523111341157193;0.0396301999298988;0.84;0.478936316695747;0.27750063828925;0.28;0.262019353021914;0;0.11874185140453;0.312674796855077;0.211463256059401;0.0576139677296421;0;0.0239335623750681;0.185614367274319;0.561762579562888;0.84;0.84;0.774046696416215;0.565905820375029
0.04;0.13793876309174;0.974835780310835;0.654640279927526;0.535775722989238;0.451489954408677;0.339326793316659;0.00330916433075687;0.0143155308485962;0.029420831927572;0.04;0.04;0.04;0.158370265773018;0.386274068780229;0.04;0.04;0.04;0.414612415979586;0.56;0.243011189084982;0.267855684296181;0.333246465360047;0.489258361797027;0.182657661291534;0.0446675352553819;0.260460195955095;0.282819685861838;0.427129852687905;0.213054643370376;0.388838215276383;0.125067933739442;0.829092069634938;0.426399305341985;0.036511873274022;0.101794981253892;0.133647543125031;0.000471936492485219;0;0;0;0.0922658653011897;0.133831161889946;0.242452099009434;0.253325322763151;0.312986246817838;0.718830828634866;0.84;0.62548395046941;0
0.04;0.0969893203719272;0.366067743804455;0.0695953036289877;0.389966507930936;0.44;0.362601720811372;0.0120249128217011;0.04;0.04;0.04;0.04;0.04;0.251161460708063;0.156154149900191;0.04;0.04;0.04;0.23760589275562;0.555560733143804;0.520202187541543;0.56;0.56;0.396327221801907;0.0380570826681877;0.0315552386427556;0.232562057696061;0.28;0.28;0.320817344730755;0.640207361880901;0.84;0.748568879973983;0.782341797207899;0.187136422726703;0.391674600959431;0.12426864979527;0;0;0;0.0599227448842758;0.273434242539268;0.28;0.28;0.111031025657889;0.0950168360462003;0.289105083317561;0.612676910397724;0.711720152940787;0
0.04;0.04;0.04;0.04;0.277648092863795;0.439287635914918;0.204093361277621;0.0353468893930851;0.04;0.04;0.04;0.04;0.04;0.333922864376269;0.219733211999953;0.04;0.04;0.04;0.04;0.491122752049239;0.56;0.56;0.490374457119328;0.268891743457157;0.0298538687226984;5.72041048629903e-05;0.0248464007733488;0.198772214608813;0.26748305258454;0.311120345881226;0.0931670154320993;0.64240178566528;0.598458846329268;0.84;0.839437386128185;0.758846061232045;0.251185243540909;0;0;0;0.143432528512815;0.252339152446092;0.141119016271592;0.257878219679301;0.0375410258342477;0;0;0.159589702905516;0.662306921691765;0.47280005608083
0.04;0.04;0.32676436897765;0.0732302752104178;0.491808170633425;0.369323774208255;0.587267854803245;0.0510315028198345;0.04;0.04;0.04;0.04;0.04;0.194579183786175;0.435763966173589;0.101845717403039;0.0435590454912471;0.491318466988229;0.326863182224054;0.520936721631414;0.56;0.544282772081473;0.143936838202986;0.04;0.0119195666937019;0.0344694674838989;0.0134244087262079;0.0774086143685505;0.0902904120950461;0.00536620391389646;0;0;0.559589580417937;0.84;0.84;0.251126095906273;0.337800698394701;0;0;0;0.114747305057339;0.105539953084351;0.198257947728643;0.0154311222104388;0.150738299487919;0.0842059465221444;0.411969849271503;0;0;0.0668507681667453
