0.0290326309974532;0.059369882948882;0.12;0.128363056673289;3.45867906114184;6.14296523168401;5.26796470176504;0.299988828832364;0;0;0;0;0.215315992204054;2.11713152004965;1.64807480331445;1.05675235271593;1.79583541062078;0.349250921716465;0.0936819377438724;0.515535226322891;0.122899786581391;0.041547615826918;1.67412290402398;0.283419475368393;0;0;0;0;0;0;0;0;0;0;0;0;0;0;0;0;0;0;0;0;0;0;0;0;0;0
0.00605247851467023;0.098846847969409;0.12;0.244933187096217;0.626738563010339;5.14286520187711;6.16;4.30508346634764;1.98449677716438;2.29363863121857;0.353690659233369;0.921493797747884;2.64324221453081;4.4;4.4;4.42552136612078;4.92;4.85014504886085;2.06105041995296;1.83690900356721;0.250128189945328;0.190673596749286;3.36;1.73666149813694;0;0.0117417357492183;0.118301206450437;0;0;0;0;0;0;0;0;0;0;0;0;0;0;0;0;0;0;0;0;0;0;0
0;0.0867500439316933;0.12;0.289903922719983;0.4;3.43656810121626;6.066372576818;6.16;6.16;5.3647079119835;4.4;4.4;4.4;4.4;4.4;4.4;5.16165644249979;4.00941963415;1.99336459494509;1.8;1.25194360682956;0.737889271961061;1.99684170797293;1.73148808873186;1.29868724980801;0.834703401245596;1.33315335866847;0.314163081791761;0;0;0;0;0;0;0;0;0;0;0;0;0;0;0;0;0;0;0;0;0;0
0;0.069131887792569;0.12;0.152820939235466;0.384988693409982;0.460690913914118;1.31455602045331;4.95415289309587;5.50478896442894;4.86807596581243;4.15739639278203;3.62053880978227;4.0912359659565;4.4;4.4;4.4;5.03064585100114;5.64645709109805;3.82545946547061;2.6465724234404;0.688762876346052;0.577256258099549;0.926409471578586;1.23223345376911;1.43026803508888;1.48;1.44784737102431;0.745973063121919;0;0;0;0;0;0;0;0;0;0;0;0;0;0.0341025096921714;0;0;0;0;0;0;0;0
0.0427350121310336;0;0.118651572499936;0.12;0.295668792262853;0.4;0.4;0.4;0.931617852720094;0.66495618694896;0.24;0.24;0.739182542588057;2.26459528524599;2.05443835697371;2.80306544672348;4.58373085368672;5.6001974421817;5.36955586413733;2.35937203584818;0.0720135214345414;0.310962167869322;5.80741512806064;12.3670864521391;9.66434673155422;3.68857730756784;0.950635639256544;0;0;0;0;0;0;0;0;0;0;0.0125178511125501;1.085077089056;4.67475899533312;5.87301178249832;9.37578967931057;6.59454441294296;3.39168831393588;0.229791743965188;0.453278772043996;1.1205361476626;0;0;0
0.0902286369548095;0;0.0845859949013417;0.12;0.325088333948795;0.4;0.4;0.4;0.4;0.282264540205785;0.24;0.24;0.24;0.24;0.240714986867028;3.39139279475108;3.12968346853779;1.25662471200024;0.462683675754028;0.481971139600312;0.101304499421543;0.390022259231571;0.92;22.7484634941574;4.75110506260805;4.73448618236772;14.7084353596219;8.11592750887278;0;0;0;0;0;0;0;0.186067189906428;0.459055090483557;0.514469720117096;7.2973772685932;2.80357878159732;1.27036490597762;2.64962750822867;4.20553745239042;6.96061729369212;6.21988593576609;5.64252273562364;2.91976465493522;0;0;0
0.0428108680642441;0.0901079730768446;0.106911281737187;0.12;0.296402399170073;0.4;0.4;0.4;0.383180974221545;0.242599318373338;0.24;0.24;0.24;0.24;0.233880740366337;2.33030521140711;5.02537495266393;5.49719085414364;1.53237176837609;0.0593996835051745;0.12;0.330164201647974;2.8581538315378;22.9973324163186;9.68146574502323;23.2093122780304;41.28;40.6952609548293;22.0294175005415;0.15044675360882;0;0;0;0.0659185636314563;0.338067193540072;0.264221819979374;0.52;0.361523963013639;0.0418579970715846;0;0;0;0;0;0;0;0;0;0;0
0.0128047751825378;0.12;0.12;0.12;0.267717097914917;0.4;0.4;0.4;0.356069936722517;0.24;0.24;0.24;0.24;0.24;0.171207287414817;0;1.17348129201625;0.441918150536623;0;0.0626091366047971;0.12;0.12;0.12;5.39022751781996;15.5943861639318;36.6465433942888;41.28;41.28;20.5768179988932;1.17527548174048;2.32292530768841;0.703306126463413;0;5.64464720406662;7.10775953251931;0.959040147229954;0.0723415361221414;0.010474926034523;0;0;0;0;0;0;0;0;0;0;0;0
0.0515877422905144;0.12;0.12;0.12;0.15531712547005;0.4;0.4;0.4;0.321405239458052;0.24;0.24;0.24;0.24;0.24;0.0996521206733035;0;0;0;0;0.065176021088381;0.12;0.12;0.12;0.12;0.103960180535273;12.6915164018996;39.2240686919024;34.7123680628316;25.0072925611739;1.80722289929253;7.02637672405854;6.68828825429678;6.43457746790349;7.10704037941712;4.00603107067476;1.41945711711137;0.0715494828721892;0;0;0;0;0;0;0;0;0;0;0;0;0
0.107570711098254;0.12;0.12;0.12;0.22765978711982;0.4;0.4;0.4;0.265939475584502;0.24;0.239278613671602;0.24;0.24;0.24;0.00723124590401254;0;0;0;0.00137173597180784;0.100742422816452;0.12;0.12;0.115439707883913;0.111684595641129;0.0830533388343191;0.08;1.53129280914404;31.3163186888105;27.1913317915484;11.1740161881035;7.6005511980929;7.09292658038355;5.14619652947194;0.695838495303279;0.063215045210888;0.0665040507605299;0.0651612124457017;0;0;0;0;0;0;0;0;0;0;0;0;0
0.12;0.12;0.12;0.12;0.321664995369408;0.4;0.4;0.394441547381275;0.25416125629381;0.230016412294807;0.074949946841162;0.197302120131129;0.216345253576446;0.213782365090114;0.0123795243447534;0;0;0;0.0155008365686517;0.12;0.12;0.105848589023741;0.00127010641903306;0.0716264934244394;0.08;0.08;0.08;27.935914035386;29.0200714097084;5.36964638078075;3.27231502478928;3.58533448193483;0.56;0.433905400195591;0.490370995818056;0.46409054530735;0.476200138287591;0.0752157968022816;0.0149088478083837;0;0;0;0;0;0;0;0;0;0;0
0.12;0.12;0.12;0.133659861945314;0.311510944740607;0.4;0.4;0.361393600099034;0.24;0.13289355292519;9.40316017960293e-05;0.0237785713084973;0.0355973174445298;0.123146650612053;0;0;0;0;0.0352604241942104;0.12;0.12;0.116892110850569;0.0153702387100086;0.08;0.08;0.08;0.08;0.08;0.08;0.54976904146201;4.4023448802964;1.49423696267029;0.56;0.56;0.552056162498617;0.491162439584818;0.535076019166503;0.503686208804102;0.408321604322858;0.331384492369107;0.155024041059986;0.0516449338111482;0.0376360756924376;0;0;0;0;0;0;0
0.117201840734912;0.12;0.12;0.241037347371271;0.4;0.4;0.4;0.313785632994861;0.24;0.122260559923017;0.0159269896834099;0.0975465061507188;0.00963283258357839;0;0;0;0;0;0.0746263636958527;0.12;0.12;0.100457435440072;0.00728690133443755;0.08;0.08;0.08;0.08;0.08;0.08;0.283985211529963;3.4914826052178;0.56;0.56;0.56;0.49122041161815;0.121094860326871;0.48;0.48;0.48;0.48;0.48;0.466508410641121;0.447619016656838;0.210945057278723;0.0501017540666581;0;0.00300701026027336;0.0299439786942149;0;0
0.0897806320382282;0.12;0.12;0.217150560034771;0.4;0.4;0.4;0.254152651519515;0.24;0.141893426560143;0.00121532877946617;0;0;0;0;0;0;0.00604582137876902;0.104135255393565;0.12;0.12;0.081328663458908;0.00152766587660368;0.08;0.08;0.08;0.08;0.08;0.08;0.147399667070323;0.569501001136467;0.56;0.56;0.39361190183846;0.222070108998219;0.0254591207246479;0.321808744734415;0.48;0.315140776045368;0.154203421875089;0.210779715658085;0.232768171610851;0;0.251949681734886;0.266767688572275;0.210891974792629;0.0632109560980855;0.101294839877118;0;0
0.0774719346363097;0.12;0.12;0.300392910680315;0.4;0.4;0.385486577488254;0.145426098863105;0.202022223218921;0.017489519857085;0;0;0;0;0;0;0;0.00661955876913853;0.12;0.12;0.12;0.0667785253862285;0.0466656708609545;0.08;0.08;0.08;0.08;0.08;0.08;0.10461298026219;0.56;0.56;0.415279130474105;0.0894726978444778;0;0;0.0752639508511571;0.284843129153922;0.0021297435018186;0;0;0;0;0;0.00565281829006835;0.0888189519306656;0.210520332775824;0.192500228957197;0;0.558565122844766
0.0651635091419332;0.12;0.12;0.271702821192797;0.4;0.4;0.27920322137324;0;0.0356631986256541;0;0;0;0;0;0;0;0;0;0.0680145104599844;0.118768761980208;0.0939705418455292;0.0775666387334936;0.0788066669418111;0.08;0.08;0.08;0.08;0.08;0.08;0.08;0.56;0.545241105813675;0.350231258474991;0.128113708032468;0;0;0;0;0;0;0;0;0;0;0;0;0;0;0;0
0.0910869442438565;0.12;0.12;0.380806575531742;0.4;0.4;0.200833995949477;0;0;0;0;0;0;0;0;0;0;0;0.0595296440667473;0.102022273406003;0.08;0.08;0.08;0.08;0.08;0.08;0.08;0.08;0.08;0.140740407864243;0.54409666921102;0.386557255080418;0.2;0.196060692098923;0;0;0;0;0;0;0;0;0;0;0;0;0;0;0;0
0.12;0.12;0.12;0.354324543659436;0.4;0.4;0.170500329862877;0;0;0;0;0;0;0;0;0;0;0;0.0477393465612312;0.08;0.08;0.08;0.08;0.08;0.08;0.08;0.08;0.08;0.08;0.168057602996294;0.310617135508406;0.2;0.2;0.2;0.0943507588111299;1.39965315421007;0.679737907918344;0.176505354708543;0.184213560940607;0;0;0;0;0;0;0;0;0;0;0
0.12;0.12;0.22031430123779;0.362764528464413;0.4;0.4;0.106580317596905;0;0;0;0;0;0;0;0;0;0;0.00948129068681449;0.0780001057345291;0.08;0.08;0.08;0.08;0.08;0.08;0.08;0.08;0.08;0.08;0.157540354245391;0.2;0.2;0.2;0.698964446576721;0.420383908823962;2.83601308322643;3.68960955252915;1.25105997904068;0.44163801203481;0.106321736908274;0;0;0;0;0;0;0;0;0;0
0.260151689421828;0.322503195809526;0.399556377039264;0.4;0.4;0.387476765860458;0.0222462579932517;0;0;0;0;0;0;0;0;0;0;0.00363317672964185;0.08;0.08;0.08;0.08;0.08;0.08;0.08;0.08;0.08;0.08;0.0897365129771993;0.197544377891144;0.2;0.2;0.2;0.844310737874519;2.43269212832142;4.7116488388895;4.76;4.56956701464844;0.594160307638862;0.439993437876062;0.484320504383845;0;0;0;0;0;0;0;0;0
0.0453697732184082;0.4;0.4;0.4;0.4;0.356872855019477;0;0;0;0;0;0;0;0;0;0;0;0;0.0341751368365446;0.08;0.08;0.08;0.08;0.08;0.08;0.08;0.08;0.08;0.122765581205983;0.2;0.2;0.2;0.2;0.2;0.207835889734558;2.82221413696866;4.34774876422742;4.76;1.70089921660409;0.370345552141104;0.875901590376245;0.57129836338084;0.000228985591599625;0;0;0;0;0;0;0
0.00730397732276469;0.4;0.4;0.4;0.4;0.262695638628211;0;0;0;0;0;0;0;0;0;0;0;0.0160649443089736;0.0693348115732744;0.08;0.08;0.08;0.08;0.08;0.08;0.08;0.08;0.0849851325064806;0.183876398410701;0.2;0.2;0.2;0.2;0.2;0.2;0.2;0.829747147089197;4.16944737123759;3.9112730217088;1.40242712545672;0.162975419523618;0.548064776137586;0.0039870255299909;0;0;0;0.0053599456565492;0;0;0
0;0.393193603384308;0.4;0.4;0.4;0.185012802574549;0;0;0;0;0;0;0;0;0;0;0.0087601805914888;0.0729885703446393;0.08;0.08;0.08;0.08;0.08;0.08;0.08;0.08;0.08;0.154883318515281;0.2;0.2;0.2;0.2;0.2;0.2;0.2;0.2;0.2;2.51303126185853;4.35091308368437;3.8;1.6798126548149;0.087742990496512;0.293126451491319;0.113870676180576;0.572030926732951;0.751469827967128;1.221177363165;0;0;0.610603223283019
0.0744657115314246;0.387939951960277;0.4;0.4;0.4;0.177894959602039;0;0;0;0;0;0;0;0;0;0.000588623995985836;0.0580634490389386;0.08;0.08;0.08;0.08;0.08;0.08;0.08;0.08;0.08;0.0894559328664289;0.181930695854166;0.2;0.2;0.2;0.2;0.2;0.2;0.2;0.2;0.2;0.55032840864369;3.73186268930684;3.76538289718954;3.8;2.15838613303551;1.45294741830204;0.633248921496411;0.903552830422806;0.914976681056645;0.737884214307926;0.0889665716080344;0.695939379169559;0.784185079038422
0.152033172092404;0.38758159030111;0.4;0.4;0.4;0.0852098929087952;0;0;0;0;0;0;0;0;0;0.0488876418143655;0.08;0.08;0.08;0.08;0.08;0.08;0.08;0.08;0.08;0.08;0.08;0.15247755144193;0.2;0.2;0.2;0.2;0.2;0.2;0.2;0.2;0.2;0.2;2.27618157513585;1.18609320860872;1.99830393487066;2.47157479700277;1.92739515904547;0.68;0.669087475355522;0.31677198934052;0.00393714254277399;0.0208425663680304;0.04;0.04
0;0.164197690681576;0.4;0.4;0.39304763789063;0.0502247687897636;0;0;0;0;0;0;0;0;0.0223241135863114;0.0252390955847008;0.08;0.08;0.08;0.08;0.08;0.08;0.08;0.08;0.08;0.08;0.08;0.0919101775180347;0.195887607769141;0.2;0.2;0.2;0.2;0.2;0.2;0.19381012002565;0.16842016028706;0.142827466276009;0.389496651305895;0.2;1.87023751417113;3.36448659307136;0.833018337581472;0.68;7.83889235096598;1.96306822404966;20.5526919903718;6.97237043992883;0.329360848420222;0.101838390708825
0;0.0245347370544396;0.322549030137519;0.4;0.334073024432175;0;0;0;0;0;0;0;0;0.0328233313735464;0.0762672766410605;0.0217948519627903;0.0560056498533087;0.0761245359252072;0.08;0.08;0.08;0.08;0.08;0.08;0.08;0.08;0.08;0.0799387282877323;0.117197513354827;0.2;0.2;0.2;0.2;0.2;0.169335911307678;0.000761057299096137;0;0.0510953707572222;0.19446728304769;0.2;1.18869639279078;2.21397525933031;0.570787990477745;0.677233355272273;29.3647496373528;24.8565461193978;46.92;38.232131364105;1.56239211543087;0.556492039389132
0;0;0.129988918829675;0.4;0.375026884478051;0;0;0;0;0;0;0;0.0178319103895579;0.0662853361619299;0.0647482328889422;0.00368611060549276;0.0235796237011259;0.0281541495373678;0.08;0.08;0.08;0.08;0.08;0.08;0.08;0.08;0.08;0.064283906822513;0.0118197924121987;0.163393793314861;0.2;0.2;0.2;0.2;0.148988678764097;0.00165534249852849;0.0667723077299001;0.174173972788396;0.2;0.2;0.2;0.143370196623021;0.0562280773610352;0.344699150527823;0.68;0.68;26.5916676259799;35.873170597095;0.68;0.68
0;0;0.0506407549194992;0.4;0.4;0;0;0;0;0;0;0;0.0415717527271246;0.08;0.072490115601822;0.0635374860433666;0.08;0.010240777323395;0.08;0.08;0.08;0.08;0.08;0.08;0.08;0.08;0.0768794071707154;0.0130478881308064;0;0.08885722565184;0.2;0.2;0.2;0.2;0.0782680078305945;0.114522579084763;0.2;0.2;0.2;0.2;0.188118807445533;0.0578365438298435;0.04;0.04;0.303165021762805;0.503941185235232;2.01314373474052;9.23167147130198;0.612608954601122;0.59006805527313
0;0;0.00995274465717375;0.4;0.396333581651424;0.0204574434698687;0;0;0;0;0;0;0.0226782030845293;0.0513148559673504;0.08;0.08;0.08;0.0196413497153844;0.08;0.08;0.08;0.08;0.08;0.08;0.0754329948337301;0.0766056624791735;0.0996748398878084;0.0920337328256574;0.083534032254524;0.0679293726324104;0.161440069670819;0.2;0.2;0.2;0.179250524421513;0.199772080311479;0.2;0.2;0.2;0.199179675593981;0.0969240831638091;0.04;0.04;0.04;0.04;0.04;0.0892869705398828;0.478036743612913;0.0856806463966934;0.133627047618903
0;0;0.126302056515787;0.4;0.29788303385023;0;0;0;0;0;0;0;0.0409300781386589;0.0708548299663031;0.070178190006474;0.0650839910821989;0.08;0.08;0.08;0.0715810595418244;0.0723955936804269;0.08;0.08;0.08;0.0179004882799165;0.0161881497815341;0.160809967591623;0.2;0.2;0.2;0.2;0.2;0.2;0.2;0.2;0.2;0.2;0.2;0.2;0.183242334731775;0.04;0.04;0.04;0.04;0.04;0.04;0.04;0.04;0.04;0.04
0;0;0.127702862668782;0.4;0.174744644224799;0;0;0;0;0;0;0;0.0377121786649973;0.08;0.0288801972049569;0.067832024129245;0.08;0.08;0.08;0.0675139615155756;0.0413362086222036;0.08;0.08;0.08;0.024982960114585;0.0212429987315303;0.143713531821081;0.156219476736198;0.2;0.2;0.2;0.2;0.2;0.2;0.2;0.2;0.2;0.2;0.2;0.122377703221701;0.04;0.04;0.04;0.04;0.04;0.04;0.04;0.04;0.04;0.0383982604574183
0;0;0.025119314480661;0.147683060008438;0.000189148916258487;0;0;0;0;0;0;0;0;0.0293819815186453;0.0164196256416505;0.0473868836865862;0.0778674724230444;0.08;0.08;0.0756616002947092;0.0167656103883985;0.0778151908544699;0.08;0.08;0.0504034440079305;0.00475999315998977;0.0152726989143892;0.112650258855579;0.2;0.2;0.2;0.2;0.2;0.2;0.2;0.2;0.192118724838662;0.2;0.2;0.106683541819917;0.04;0.04;0.04;0.04;0.04;0.04;0.04;0.04;0.04;0.0378247923748933
0;0;0;0;0;0;0;0;0;0;0;0;0;0;0;0;0.0694366392927244;0.0787956667628373;0.0741398029166092;0.08;0.0178056432057781;0.0346640241235828;0.08;0.08;0.0626483584652626;0;0.0456330860260264;0.194040805752315;0.2;0.2;0.2;0.2;0.2;0.2;0.2;0.0105105078138877;0.0249107671347648;0.0593071135459468;0.142179368699619;0.0651442976449323;0.04;0.04;0.04;0.04;0.04;0.04;0.04;0.04;0.04;0.035391777228335
0;0;0;0;0;0;0;0;0;0;0;0;0;0;0;0;0.0454702042389621;0.0529468971284487;0.0480012145868503;0.0651662386520475;0.00352761432176866;0.0147684824363329;0.08;0.08;0.0318229934711009;0;0.0994455431678798;0.2;0.2;0.2;0.2;0.2;0.2;0.2;0.116161334355513;0.000660990236188242;0;0;0.0130602289860141;0.04;0.0302005569173616;0.026559253954608;0.04;0.04;0.04;0.04;0.04;0.04;0.04;0.0593092077868346
0;0;0;0;0;0;0;0;0;0;0;0;0;0;0;0;0.0519560588225439;0.0425739358246561;0.0409438506416976;0.08;0.0134209901283495;0.0066270141386427;0.08;0.08;0.0389619194434956;0;0.0602597718198338;0.163806269899476;0.2;0.2;0.2;0.2;0.2;0.2;0.065668636807939;0;0.000319673944730312;0.00501073072819324;0.00201280472536553;0.010218419559046;0.00153394550254853;0.0135023090184666;0.0398151823129793;0.04;0.04;0.04;0.04;0.04;0.0439677683057472;0.112485876903067
0;0;0;0;0;0;0;0;0;0.00348132603881136;0.00600585045414248;0;0;0;0;0.0134468873263812;0.0380486598776569;0.0330469970112622;0.044845653352088;0.08;0.0215665009520017;0.000182675999501477;0.0430048678314343;0.0504814639252611;0.0043656729258045;0;0;0.0958419351715129;0.2;0.2;0.2;0.189113873673861;0.171497807139045;0.2;0.137335306244901;0.0365779510396998;0.0137281256950951;0.0341751642911839;0.0274570047631116;0.0372685129175511;0.0369812900222339;0.0272808208665811;0.0394061722831054;0.04;0.04;0.04;0.04;0.04;0.0637178325594165;0.12
0;0;0;0;0;0;0;0;0;0.0299210607358255;0.0685413460482212;0.0150502645405409;0;0;0;0.057316167408424;0.08;0.0631370239452459;0.046968604251073;0.0776566744554405;0.0318383659105898;0;0;0;0;0;0;0.0476094483665563;0.0993711055214517;0.0941722632258731;0.148588873207569;0.0712073160198018;0.126919315177947;0.2;0.12;0.04;0.0399932177328717;0.04;0.0350595841983488;0.04;0.0399878078285678;0.04;0.04;0.024542645537637;0.04;0.04;0.04;0.04;0.0731048323566548;0.12
0;0;0;0;0;0;0;0;0;0.0233838507995838;0.08;0.0134309165409766;0.0509442442056702;0.0279648171115822;0.0192474612394573;0.0752361448798331;0.08;0.072001177082766;0.052969883824428;0.08;0.0547513327971915;0;0;0;0;0;0;0;0;0;0;0;0.0621804922869291;0.2;0.111921400270969;0.04;0.04;0.0349723391789221;0.00559291162484181;0.00382561412504874;0.0167150792066259;0.0135979567531031;0.00848679733383469;0.024203907464578;0.04;0.04;0.04;0.0436483847509723;0.109855113902338;0.12
0;0;0;0;0;0;0;0;0;0.0216791359661353;0.044930729377128;0.0715325571076963;0.08;0.0765260860950217;0.0788030822008875;0.08;0.08;0.08;0.0704077801057051;0.08;0.0781748343060134;0.00160769205781562;0;0;0;0;0;0;0;0;0;0;0.0557603507625947;0.2;0.077381559647806;0.04;0.04;0.0135221101101863;0.0292755167040119;0.0357346737565007;0.0249088307473129;0.0159063889047367;0.0230669643153346;0.0389678309315478;0.04;0.04;0.04;0.090670996104761;0.12;0.12
0;0;0;0;0;0;0;0;0;0;0.0157369434454994;0.0577362159884535;0.0772662641018271;0.0226072603357369;0.0755310808724027;0.0681101648980414;0.08;0.08;0.0792001221713466;0.0344076596283219;0.0734974290945848;0.0380517018840021;0;0;0;0;0;0;0;0;0.0108961139877363;0.128196141554929;0.0820385054446316;0.196400600952184;0.0817866357142118;0.04;0.04;0.04;0.04;0.04;0.04;0.04;0.04;0.04;0.04;0.0409023800024322;8.57927379925721;3.2002624725524;0.12;0.12
0;0;0;0;0;0;0;0;0;0;0;0;0.00689899331286847;0.0290982457308847;0.08;0.0425053636026569;0.0509373716543579;0.0797779217023226;0.08;0.0110177558996715;0.08;0.00890923949591815;0;0;0;0;0;0;0;0;0.000339664454571903;0.167191736598248;0.197197039897583;0.181726760674658;0.04;0.04;0.04;0.04;0.04;0.04;0.0410288640297949;0.0420791845198064;0.04;0.04;0.04;16.511818870537;40.7614678495472;19.2931338848979;0.11980633534289;0.12
0;0;0;0;0;0;0;0;0;0;0;0;0;0.0754125664514135;0.08;0.0252692340510927;0.000289870759817107;0.0494120976822451;0.08;0.006692186542321;0.08;0.0167983771252955;0;0;0;0;0;0;0;0;0;0.063770817815559;0.108307116798125;0.0187659253549537;0.0297370953710182;0.04;0.04;0.04;0.0527155934071344;0.108830428497493;0.11825183937503;0.100614738601043;0.0995109717539512;0.089511001259461;4.67922931646815;41.645809445952;45.64;18.5930983546227;0.0481430441351607;0.12
0;0;0;0;0;0;0;0;0;0;0;0;0;0.0339585288215429;0.0658119244192015;0.00622969271723046;0.0181889993039468;0.0793446438511713;0.08;0.0119673329563811;0.0386125443382035;5.91901331747394e-05;0;0;0;0;0;0;0;0;0;0;0;0.0263861047529697;0.04;0.04;0.04;0.04;0.0739689282852589;0.12;0.12;0.12;0.12;0.12;1.76149007097558;22.2110254733096;40.3515871963838;3.20284860562899;0.0347164333987981;0.12
0;0;0;0;0;0;0;0;0;0;0;0;0;0;0;0;0;0.0731068902499974;0.08;0.0366886302974428;0.003440369184852;0.0158582992557038;0;0;0;0;0;0;0;0;0;0;0;0.00848071952437996;0.04;0.04;0.04;0.04;0.0853454962228684;0.12;0.12;0.12;0.12;0.12;2.21476982661111;9.3373657800395;13.5822376223203;0.0195675225477986;0.0226206525057089;0.238764277045375
0;0;0;0;0;0;0;0;0;0;0;0;0;0;0;0;0.0163484174319032;0.0796142020807321;0.0500145520921829;0.00713158663456189;0;0;0;0;0;0;0;0;0;0;0.00188683187008833;0.0453114443749668;0.00685205113940305;0.0301934978287552;0.04;0.04;0.04;0.0417199412307364;0.108830214416252;0.12;0.12;0.12;0.12;0.372656779700946;2.94084441565521;0.790500477632676;0.0400772614994362;0.0806639776050407;0.0636964954875576;0.12
0;0;0;0;0;0;0;0;0;0;0;0;0;0;0;0;0.00696494121633333;0.0409019418828189;0.00319817463448288;0;0;0;0;0;0;0;0;0;0;0;0;0.0817129678553372;0.0382303348769678;0.04;0.04;0.04;0.04;0.0542045014541655;0.12;0.96550167618605;0.12;0.12;0.12;1.02486308162714;1.66158271824684;0.119439385589864;0.0586254013917992;0.105960391043625;0.12;0.12
0;0;0;0;0;0;0;0;0;0;0;0;0;0;0;0;0;0;0;0;0;0;0;0;0;0;0;0;0;0;0;0.0167207701760934;0.04;0.04;0.04;0.04;0.04;0.0804140510725389;0.12;2.56481327555361;2.89514957772269;1.67693773695868;1.67693307250519;1.82043501083828;0.212448822191367;0.12;0.12;0.12;0.12;0.12
0;0;0;0;0;0;0;0;0;0;0;0;0;0;0;0;0;0;0;0;0;0;0;0;0;0;0;0;0;0;0;0.0174245499067009;0.04;0.04;0.04;0.04;0.04;0.108592623008508;0.12;1.62682359768574;2.49521569464864;0.13940068914967;0.12;0.12;0.12;0.12;0.12;0.12;0.12;0.12
0;0;0;0;0;0;0;0;0;0;0;0;0;0;0;0;0;0;0;0;0;0;0;0;0;0;0;0;0;0;0;0.00984656504781663;0.0385010393995494;0.04;0.04;0.04;0.0450116611885721;0.111043531372705;0.12;0.12;0.184389414458134;0.747519531476061;0.0879977715172619;0.12;0.12;0.12;0.12;0.12;0.12;0.12
