0;0;0;0;0;0.0267743857609155;0.361469623436825;1.47633012554527;0.514171373966581;18.485358406011;33.1452240236445;7.0831338031364;3.13571161354594;2.89126636616922;7.83034082193556;18.4641516787765;30.2141374134794;27.7963943110977;1.14599705579325;0.0276074324434099;0.00617229490322027;0;0;0;0.00354491804001838;0;0;0;0;0;0;0.0673565702610305;0.0766200426115407;0.04;0.04;0.0231370087344988;0;0.0019449471417997;0.00806926169825794;0.0528975692098317;0.0824467100740914;0.0990270262988284;0.0495759158296063;0;0;0;0;0;0;0
5.75014349550554e-06;0.00147664048821354;0;0;0.046924303008433;0.100268669937778;0.561321328482995;1.11178759673407;0.198535097402626;0.12;0.12;1.0006828582684;3.2;29.3609639133079;31.6751579252299;32.7688774585292;18.4997582599133;0.217708383142976;0.128348411847657;0.04;0.0260777609988278;0.00209470722567529;0.00902296557877574;0.00414537763012582;0.014955282281055;0.0014410508329098;0;0;0;0;0;0.0264166672911192;0.0432106799559495;0.04;0.04;0.0279553299519802;0.0036882980171591;0.0016867082653399;0;0;0;0;0;0;0;0;0;0;0;0
0.0078228314045239;0.0774781279026234;0.0251414786292904;0.0204170918138954;0.125401640954639;0.435547869861388;1.17207864632948;1.07463845479362;0.12;0.12;0.12;0.281096601957903;2.36934127707304;9.28621969063901;0.016302626391338;4.90219770036562;0.418747847954488;0.538919989689402;0.532053289066644;0.528374627607455;0.216654652208957;0.128942752543489;0.0372262142127391;0.0240327065593819;0.0353823975860242;0.0162600914590779;0;0;0;0;0.00736062831148848;0.0345641609626992;0.04;0.04;0.04;0.04;0.0270494350156618;0.00314300326418476;0;0;0;0;0;0;0;0;0;0;0;0
0.0713261767236624;0.12;0.0916176055500149;0.0322809710901696;0.12;1.18514325934366;1.04;0.658261516246069;0.12;0.12;0.12;0.12;0.318178028942339;0.0655072790111172;0.0080942573551478;0;0.0224523258179128;0.129883846780188;0.159549394964147;0.339427165223716;0.56;0.542196527364105;0.174879160977149;0.04;0.04;0.0128890537671745;0;0;0;0.000339708975609392;0.029415103889619;0.04;0.04;0.04;0.04;0.0343725370297554;0.00932055657384917;0;0;0;0;0;0;0;0;0;0;0;0;0
0.0664166750696605;0.084927953220929;0.0878010232320055;0.110318417888867;0.119470129651443;0.9314813417878;1.04;0.397237017898213;0.12;0.12;0.119126374574272;0.12;0.12;0.12;0.103461926112676;0.0165781290265626;0.000152951189346261;0.0198292499893822;0.0356718670539224;0.207734752515456;0.473474316411823;0.257405299814375;0.0720968607972038;0.04;0.04;0.0219454116616654;0.014660079916375;0.0234727494357935;2.35262195114046e-05;0.0269057239638512;0.033205022303795;0.04;0.035990580407977;0.016250942460727;0.0113623739111527;0.0102518201932262;0;0;0;0;0;0;0;0;0;0;0;0;0;0
0.0396013906987018;0.04;0.04;0.0478821128218931;0.0998232672726117;0.779614562386143;0.859285494300785;0.125432864857163;0.12;0.0967314609863415;0.0478168146153878;0.0997558678135858;0.12;0.12;0.12;0.109907753346137;0.052010149771737;0;0.00372642691909461;0.0147024915013958;0.0906180878036897;0.235747328945174;0.0497234494901685;0.04;0.0372854354573166;0.00183343088038062;0.0126252043860854;0.0205583606114332;0.00695091075766907;0.0219642489482664;0.0325207931941465;0.0186942030928393;0.020073663401835;0;0;0;0;0;0;0;0;0;0;0;0;0;0;0;0;0
0.04;0.04;0.04;0.04;0.04;0.217728177504684;0.263018192794059;0.115223938225419;0.0830697902900948;0.0434685161551917;0.04;0.051293180065267;0.10463311718656;0.12;0.12;0.12;0.117528949943189;0.00589618208665347;0.0236441147955083;0.00242468880498479;0.00205020144966405;0.0308897808190792;0.04;0.04;0.0369712508048423;0.00635533948152108;0;0;0.011362723911341;0.031683328819321;0.033187680944013;0.00498356938203242;0;0;0;0;0;0;0;0;0;0;0;0;0;0;0;0;0;0
0.0355096839029857;0.04;0.0210940802323152;0.00514827764481306;0.0340288395388598;0.112918735314451;0.0686801687327649;0.0411713724252368;0.04;0.04;0.04;0.04;0.043304092774118;0.060604139770266;0.0923285454058;0.112879300086849;0.12;0.100379158786721;0.04;0.0365457607614671;0.0211230843465775;0.00908361511514048;0.0361382935776747;0.04;0.04;0.0180131620247531;0;0;0;0.000485469607299462;0;0;0;0;0;0;0;0;0;0;0;0;0;0;0;0;0;0;0;0
0.0143921751442537;0.033689887993867;0.0107286266408407;0.00330475275281936;0.0335777219640597;0.04;0.04;0.04;0.04;0.04;0.04;0.04;0.04;0.04;0.04;0.0490114032808111;0.0745705685634672;0.0796177107519416;0.04;0.04;0.0178332715348574;0;0.00358131338017164;0.0301060248500622;0.04;0.0388944510163811;0.0263704533138672;0;0;0;0;0;0;0;0;0;0;0;0;0;0;0;0;0;0;0;0;0;0;0
0;0.00407439461576793;0.028063432064096;0.00127161110057768;0.00785516668910138;0.04;0.04;0.04;0.04;0.04;0.04;0.04;0.04;0.04;0.04;0.04;0.04;0.0400491625492773;0.04;0.0395517639916773;0.00750460975079828;0.00347319556073985;0;0.0246519438907504;0.04;0.0338970674415748;0.0184532484429528;0;0;0;0;0;0;0;0;0;0;0;0;0;0;0;0;0;0;0;0;0;0;0
0;0;0.0017135169482023;0.0130218822803814;0.0388662128273552;0.04;0.04;0.04;0.04;0.04;0.04;0.04;0.04;0.04;0.04;0.04;0.04;0.04;0.04;0.0197321699324945;0.0116221442778482;0.0105342025270313;0;0.0106335865721572;0.0293292664485523;0.0368015553287366;0.0355611089152;0.01028863769837;0;0;0;0;0;0;0;0;0;0;0;0;0;0;0;0;0;0;0;0;0;0
0;0.000117813605758611;0.00386456491934237;0.0362904852580389;0.04;0.04;0.04;0.04;0.04;0.04;0.04;0.04;0.04;0.0337561686920509;0.04;0.04;0.04;0.04;0.04;0.0106904577629641;0;0;0;0;0.00197565346668515;0.0151723359343729;0.0372597499194982;0.0381838092694169;0.0206780097110428;0.0205735151527299;0;0;0;0;0;0;0;0;0;0;0;0;0;0;0;0;0;0;0;0
0.00375020701938315;0.0272810300332325;0.0163872685466574;0.00721143229016039;0.0349078904680358;0.04;0.04;0.04;0.04;0.04;0.04;0.04;0.0303410575299893;0.0114888650064618;0.04;0.04;0.04;0.04;0.04;0.0294884383466122;0;0;0;0;0;0;0.00260147329320125;0.0249405735540917;0.031773704212578;0.0100705888786856;0;0;0;0;0;0;0;0;0;0;0;0;0;0;0;0;0;0;0;0
0.00138907252494868;0.0391733929038933;0.04;0.0312717674033452;0.0226685296625806;0.04;0.04;0.04;0.04;0.04;0.0246843083364889;0.0181643755254336;0.0013046561558424;0.0193273301217345;0.04190434086686;0.0698386803938652;0.0656864626305178;0.0534327469654907;0.0506764833091758;0.0474671731428709;0;0;0;0;0;0;0;0;0;0;0;0;0;0;0;0;0;0;0;0;0;0;0;0;0;0;0;0;0;0
0.02404052668102;0.04;0.04;0.04;0.04;0.04;0.04;0.04;0.04;0.04;0.00843893714827625;0;0;0.0328648818169864;0.101953200261005;0.12;0.12;0.119599224232307;0.12;0.113299863263645;0.0760644019611914;0;0;0;0;0;0;0;0;0;0;0;0;0;0;0;0;0;0;0;0;0;0;0;0;0;0;0;0;0
0.04;0.04;0.04;0.04;0.04;0.04;0.04;0.04;0.04;0.04;0.038376925601052;0.0096407895257175;0;0.0289134358980579;0.115215578392592;0.12;0.12;0.12;0.12;0.12;0.119662659082934;0.030764270000792;0;0;0;0;0;0;0;0;0;0;0;0;0;0;0;0;0;0;0;0;0;0;0;0;0;0;0;0
0.04;0.04;0.04;0.04;0.04;0.04;0.04;0.04;0.04;0.04;0.04;0.0318175043065835;0.0229698011831614;0.0252961068406838;0.109083430311588;0.12;0.12;0.12;0.12;0.12;0.12;0.0612884080125019;0;0;0;0;0;0;0;0;0;0;0;0;0;0;0;0;0;0;0;0;0;0;0;0;0;0;0;0
0.04;0.04;0.04;0.04;0.04;0.04;0.04;0.04;0.04;0.0304913788503448;0.00651157830003649;0.0151174979250724;0.0260524338703654;0.0469266119020297;0.12;0.12;0.12;0.12;0.12;0.12;0.12;0.0737426883474458;0;1.20747555010035;1.49776512449542;0;0;0;0;0;0;0;0;0;0;0;0;0;0;0;0;0;0;0;0;0;0;0;0;0
0.04;0.04;0.04;0.04;0.04;0.04;0.04;0.04;0.04;0.04;0.0232661177520076;0.00784931487262207;0;0.00039612823065378;0.0417265563790998;0.0974431118762769;0.060612048190673;0.12;0.12;0.12;0.12;0.0886302454682998;1.32178969688199;3.21650336804599;1.91445950330648;0;0;0;0;0;0;0;0;0;0;0;0;0;0;0;0;0;0;0;0;0;0;0;0;0
0.04;0.04;0.04;0.135270623845032;0.101182902623699;0.04;0.04;0.04;0.0394342578186394;0.04;0.0301918177165293;0.0199035156058618;0;0.0360504361059476;0.108322899314528;0.110573553417027;0.0213606990677333;0.0407248468093577;0.117660745227765;0.113967195854156;0.12;0.162364250906555;2.31928831574486;0.765843960097318;0.0625348111298599;0;0;0;0;0;0;0;0;0;0;0;0;0;0;0;0;0;0;0;0;0;0;0;0;0
0.04;0.04;0.04;0.196794001951596;0.0608967965684788;0.04;0.04;0.04;0.0221658921503331;0.0162550978124569;0.0174895088712238;0;0;0.0115587951830554;0.0530541139318473;0.117929772981349;0.0870123498145431;0.0463314686472528;0.0259348034042761;0.0738396136293188;0.12;2.5663873984956;1.40867249175216;0;0;0;0;0;0;0;0;0;0;0;0;0;0;0;0;0;0;0;0;0;0;0;0;0;0;0
0.0365655538818799;0.04;0.236225292997179;0.444464363440766;0.101403865354458;0.04;0.04;0.04;0.0190287049783745;0.0048762091500219;0;0;0;0;0.00184182092798359;0.07704815221933;0.12;0.12;0.0692353159115572;0.0403085332000064;0.0991662254003426;1.44786477236141;2.89371208135254;0;0;0;0;0;0;0;0;0;0;0;0;0;0;0;0;0;0;0;0;0;0;0;0;0;0;0
0.00885515005176083;0.033445898621314;0.436071684295182;0.243229294060908;0.203505520829995;0.04;0.04;0.04;0.0399812698251011;0.04;0.00263669616198167;0;0;0;0.00616582357236636;0.0581528854718981;0.12;0.12;0.0872096788736906;0.106669779578771;0.12;0.628953686236033;3.18602014733477;0.0473502186365426;0;0;0;0;0;0;0;0;0;0;0;0;0;0;0;0;0;0;0;0;0;0;0;0;0;0
0.0364594566481967;0.113893447453712;0.456938991908525;0.04;0.04;0.04;0.04;0.04;0.04;0.04;0.0321399794778933;0.0348210207536449;0;0;0.0034364488276653;0.12;0.12;0.939598309665252;0.955330730728331;0.432336158233648;1.22067643259272;1.34966042301481;1.17275492329344;1.01367909368563;0;0;0;0;0;0;0;0;0;0;0;0;0;0;0;0;0;0;0;0;0;0;0;0;0;0
0.04;0.365006325723964;0.198560382795374;0.04;0.04;0.04;0.04;0.0308704676645976;0.00269440698521212;0.0164302722966764;0.0239344602788908;0.00678564972423382;0;0;0.0256030521858041;0.117134024238258;0.12;0.217008587374779;0.616968896429849;1.02641118719486;1.73114389677116;2.03323781584387;0.743635999278103;0.138573152386371;0;0;0;0;0;0;0;0;0;0;0;0;0;0;0;0;0;0;0;0;0;0;0;0;0;0
0.0976193811082029;0.454474237453176;0.0915725354892085;0.04;0.04;0.04;0.04;0.0384669669993656;0.0297511487915195;0.0136993425145876;0;0;0;0;0.0179510240760179;0.109353252930536;0.12;0.12;0.12;1.4299979276918;1.54769862415287;1.90659767295921;0.650421858097378;0.0831215154328634;0;0;0;0;0;0;0;0;0;0;0;0;0;0;0;0;0;0;0;0;0;0;0;0;0;0
0.377970156099706;0.244235388702793;0.04;0.04;0.04;0.04;0.04;0.04;0.04;0.0379142198430824;0.0106975528108506;0;0;0;0;0.0375404488519041;0.118126911516414;0.12;0.12;0.87152900793746;1.70863794524665;0.4791397682421;0.991982112119322;1.02558036515733;0.462431169170454;0.198363898309693;1.54510014489873;0;0;0;0.0119976895406871;0;0;0;0;0;0;0;0;0;0;0;0;0;0;0;0;0;0;0
0.52;0.0986381676550954;0.04;0.04;0.04;0.04;0.04;0.0322992192186988;0.0245245179333724;0.00619023057950994;0;0;0;0;0;0.00977382370487791;0.107367521127631;0.12;0.12;0.12;0.531524013841963;0.12;0.118747850189664;1.21520477364093;2.44718540197298;3.51770623897751;2.38855322851868;0;0.719568339207331;0.0468086781676234;0.0709429627157916;0.0258533958916959;0;0;0;0;0;0;0;0;0;0;0;0;0;0;0;0;0;0
10.4075596002568;0.098193053166652;0.04;0.04;0.04;0.04;0.04;0.0263460254973333;0.00806107226146223;0;0;0;0;0.197120833118615;0.225355774107046;0;0.041259245015244;0.0997386455435113;0.12;0.12;0.12;0.12;0.113389843287075;0.707364141141344;1.92389271464773;2.46063178459463;2.3303545751107;0.611487852782117;1.19902203276082;0.08;0.0585965724548547;0.00233854337247911;0;0;0;0;0;0;0;0;0;0;0;0;0;0;0;0;0;0
19.0618844063886;0.0840551114634839;0.04;0.04;0.04;0.04;0.04;0.04;0.0209917972135781;0.00113020667862147;0.00252426664042584;0;0;0.390923186257207;0.429658849033352;0;0;0.00645987251624301;0.0818016416120246;0.110260398885515;0.0915239933772012;0.0727929035831708;0.110874488058723;0.192261678442046;1.32703451977036;1.92;2.00552211255536;1.77433797275388;1.49050158981606;0.548499236927943;0.0220598183670567;0.0361504178078845;0.0491183028084226;0.0252467954892536;0;0;0;0;0;0;0;0;0;0;0;0;0;0;0;0
2.23187565132474;0.04;0.04;0.04;0.04;0.04;0.04;0.04;0.0341494169220613;0.0191312665348407;0.00743470196425915;0;0;0.0116704638572875;0.719054580979227;0.204293488047217;0;0;0.0016584608830456;0;0;0;0;0.00257812796714128;0.1132845339084;1.60723467967476;1.92;1.92;1.2317115323578;0.531463886497963;0.0630091362099479;0.0670894527616599;0.0498869693798589;0.0564139699401848;0.00881802048197752;0;0;0;0;0;0;0;0;0;0;0;0;0;0;0
0.04;0.04;0.04;0.04;0.04;0.04;0.04;0.0366637532954807;0.0390668224812403;0.0262665938508389;0.0156298626355552;0;0;0;0.677479034712994;0.0307547648421701;0;0;0;0;0;0;0;0;0.0147062830240687;0.626562250826062;1.92;1.92;1.89056414519617;1.23136661361392;0.0227149036017469;0.00477509119878622;0;0;0;0;0;0;0;0;0;0;0;0;0;0;0;0;0;0
0.04;0.04;0.04;0.04;0.04;0.04;0.0398105353633692;0.0155734053703613;0.00604842812438536;0.0308721730534781;0.0171715527063354;0;0;0.126292635130066;0.53674136363043;0;0;0;0;0;0;0;0;0;0.000366677055502734;0.218121145974556;1.61296002785527;1.92;1.92;1.92;0.226917637909949;0;0;0;0;0.0165643671098846;0.0475472652955546;0;0;0;0;0;0;0;0;0;0;0;0;0
0.04;0.04;0.04;0.04;0.04;0.04;0.038558081522258;0;0;0;0;0;0;0.345125274823711;0.662714994012655;0.186018336549222;0;0;0;0;0;0;0;0;0;0.00315703955600038;1.10840955996972;1.92;1.92;1.92;1.558160208383;1.25468927073978;0.0223144664898648;0;0;0.044239841484771;0.0844380220036022;0;0;0;0;0;0;0;0;0;0;0;0;0
0.04;0.04;0.04;0.04;0.0256400710508294;0.0198553455663043;0.0045294609649796;0;0;0;0;0;0.119508380600111;0.755589139685005;0.84;0.676153397529507;0.0555923100348373;0;0;0;0;0;0;0;0;0;0.124862682863985;1.44055883723506;1.92;1.92;2.19553687878943;2.85240715887532;1.48;0.0158009774603495;0.042437853977317;0.088216346558556;0.0646224173393816;0;0;0;0;0;0;0;0;0;0;0;0;0
0.04;0.04;0.04;0.04;0.0224623773389496;0;0;0;0;0;0;0;0.00948127572596264;0.0546356060874648;0.813870697009846;0.691087785605724;0;0;0;0;0;0;0;0.289469180806982;0.0608339414890045;0;0.0138711242092534;1.04919544182862;1.92;1.92;2.46162295146333;2.70275097970867;0.891979772327929;0.100035880706227;0.12;0.0978928178372193;0.02366125590979;0;0;0;0;0;0;0;0;0;0;0;0;0
0.04;0.04;0.04;0.037309434112927;0.00974608950446962;0;0;0;0;0;0;0;0.551993063987701;0.823180422868026;0.315509605876609;0.10046316876376;0;0;0;0;0;0;0.041158989802633;0.476371138458559;0.465688585014726;0.0892049866570759;0;1.50080685385374;2.07133811977401;1.92;2.40552171260668;2.6002559749749;0.12;0.12;0.0808397296623143;0.0616297526879702;0.00581959158964924;0;0;0;0;0;0;0;0;0;0;0;0;0
0.04;0.04;0.04;0.0285025765931789;0;0;0;0;0;0.13469825162779;0;0;0.745079877811437;0.739915324036084;0.0426002066176891;0;0;0;0;0;0;0;0.151009398296716;0.754875868694112;0.634800117751592;0.491057799612629;0.141960312965689;1.15082950114237;2.69987455521969;2.117094606392;2.0220600749288;2.8785534759398;1.31716873174377;0.12;0.0451968239997902;0;0;0;0;0;0;0;0;0;0;0;0;0;0;0.0760104565319689
0.04;0.04;0.0235559171530351;0.00147259107022546;0.00153414317369461;0;0;0;0;1.28516585035263;0.0477616752533242;0;0.0759665507121091;0.410751023292867;0.692394504404565;0.299224627041013;0;0;0;0;0;0;1.22679777126462;2.65935853628754;2.2503809478825;2.62345663939277;1.86806441435651;2.46217930391245;2.78662660691509;2.61650368644385;1.60882702801475;1.91960943087017;2.76680804737449;0.810707005797655;0.622832523288131;0.08568467043137;0.061437434685778;0;0;0;0;0;0;0;0;0;0;0;0.0270725996350078;0.565101440229109
0.04;0.04;0.038997629813612;0.038099551360542;0.0333771150329533;0.000225274402694777;0;0;0;2.20034410011591;0.162403838189684;0;0;0.324210977762146;0.84;0.673967092832644;0;0;0;0;0;0;0.899114435227029;1.49741775743505;1.18267325810776;2.52886560578027;2.83821434290885;4.04;3.82461252295286;2.94468976251042;1.40232320679595;6.82276435396651;1.23538953059226;2.0961276669657;0.336999942986939;0.12;0.102198267286836;0;0;0;0;0;0;0.0821378798366074;0.569236884661949;0.044895992273977;0;0;0.30233772551644;0.64
0.04;0.0380709210224699;0.0202997022327995;0.04;0.04;0.0125789536831123;0;0;0;1.41726792248503;0.623312969849055;0.0219296618089756;0;0.560347989126132;0.84;0.355115197792163;0;0;0;0;0;0;0.547045945791528;1.18117099238384;0;0.16966615136939;2.13813813432044;3.85705065766463;4.04;3.65440915212823;1.77748108780701;18.3569045042646;6.13743466429274;1.48935043930841;0.899003079004682;0.263608049607076;0.0520912993244307;0.00046086743073994;0;1.1518483383422;0.841378432058909;0;0;0.96571416672046;2.44290814304444;2.45905817097989;0.13712380984305;0.842566862823134;0.580474135955525;0.947012332115622
0.04;0.031544856011169;0;0.00402611956149853;0.0166735743878409;0.00237131457450299;0;0;0.345733151998743;0.88571847479383;0.822011386607303;0.643429679306135;0.702806430888176;0.821683010755619;0.425426404842886;0.0195118480992082;0;0;0;0;0;0;1.3703379302933;1.58837364362087;0;0.0967478604424186;2.19919663332371;2.88278571481018;3.98316569808997;3.5783930904417;1.63758447771526;6.03991985419083;36.7188561034321;19.300969489059;1.2;0.586073266193178;0.116249685820957;0.0343736426770138;0.0461423151105177;0.93903032535086;2.02468331220974;1.47345552816863;0.402349667146378;1.08085548730474;2.52;2.51767905380888;0.662341740339577;2.73216492573731;2.35101375654665;1.21875567257447
0.04;0.0341871066250572;0;0.00669113259337647;0.00324975269638373;0;0;2.40638344973339;2.70485227808914;0.973126951815468;0.279601331922475;0.556594356327883;0.84;0.824775801637955;0;0;0;0;0;0;0;0;2.2792727766496;1.43184886775192;0;0;0.00288237586066262;1.88762702476843;2.0658413414226;4.58196503030862;2.11843350437285;2.63290944361663;21.6473814271014;34.0678422187771;10.7010020916725;1.14615811337888;0.0996389449555218;0.051477361056736;0.116086559726929;1.72611879532263;2.52;1.89597525460382;0.88543700444915;0.689883289826777;0.552982461782545;0.930204291407375;1.24232454279299;2.90243085057338;2.76;2.76
0.04;0.0326101500955778;0.0297244002006017;0.0367619585316104;0.0211119729466659;0;0;0.954425471687598;1.14206491014514;0.84;0.150263230061531;0.0237415408662779;0.432843100715354;0.450619614893384;0.00281301783921971;0;0;0;0;0;0;0;1.02382100197488;1.40896618705258;0;0;0;1.1060238646156;0.891361895532591;1.34539958777031;7.32350783698772;8.35797678157875;11.1860382131728;35.9357039580425;34.9892478044187;12.5634236455012;0.457701170106526;0.27034454622367;0.950657408385548;1.32198659320514;3.14163900303664;3.28447502221963;3.43869564250416;3.2216893831718;2.46061132447586;0.333836579710823;1.87280929830881;2.45553815033677;2.63687406558561;2.76
0.04;0.04;0.030191355513026;0.0176237384248088;0;0;0;0;0;0.527647520006239;0.25475664608404;0;0;0;0;0;0;0;0;0;0;0;1.11688424176985;0.293886830021795;0;0;0;0;0.328585625106586;1.23291551734224;9.9780163602101;41.0980201436736;2.9437982661795;11.6127219963996;37.12;36.2838988196047;6.29968148663649;20.7546718119942;34.0369455893113;2.1375533744365;3.44;3.44;3.44;3.1975482606915;2.34040257434075;0.24;0.284422980024003;2.63162875386371;2.82566132542182;2.76
0.04;0.04;0.04;0.0250636692525909;0.000858864247807881;0;0;0;0;0.262237177366846;0.0226309931361751;0;0;0;0;0;0;0;0;0;0;0;0;0;0;0;0;0;0;0.0512110591068772;4.9585786834144;4.25289354255118;19.5546096042888;53.6313672556728;62.5091005857713;35.9810690653402;3.11469148561635;30.2569821105205;42.3234761397765;8.38478853227297;3.22700479478209;3.44;2.43298610611116;0.95411232822602;0.628890901552535;0.24;0.24;3.38573768555373;3.10724543539277;2.76
0.04;0.04;0.04;0.0354350282705689;0.0180565515992949;0;0;0;0;0;0;0;0;0;0;0;0;0;0;0;0;0;0;0;0;0;0;0;0;0.00838314122878946;3.26512045714731;23.3966501601304;8.72867665207369;72.84;72.84;72.3901985565325;62.324979310683;18.3756042679007;5.85790850263878;0.122101250105919;1.4726899808968;2.93648930707945;0.356219520390669;0.24;0.24;0.24;0.860102422506785;3.34346182375045;3.36234365219804;2.34334611206041
0.04;0.04;0.036739156338169;0.00609630122585222;0.000146642035364494;0;0;0;0;0;0;0;0;0;0;0;0;0;0;0;0;0;0;0;0;0;0;0;0;0;1.08631978621097;29.900615798343;44.7067826434046;70.3984763329913;63.0557470881259;62.5934801944229;19.9525569405134;1.00774618354902;0.402601487376939;0.437215198151626;2.60812254113741;1.23964008168213;0.24;0.24;0.24;0.24;1.98519885006325;2.74071310725873;0.7247076285222;0.170304238059445
0.04;0.04;0.0396631048449835;0.0167480164537835;0;0;0;0;0;0;0;0;0;0;0;0;0;0;0;0;0;0;0;0;0;0;0;0.0118977286469737;1.62139280937567;1.1171066792795;1.88745219949206;12.1214596141995;45.0408910186206;9.93614385360475;4.21826001176589;10.1313135436047;1.08;0.9534251046762;0.574821968138714;0.640759949933605;1.21488171846758;0.606763364444821;0.181297470629735;0.239666045704285;0.24;0.24;0.167646219333561;0;0.00698832202387478;0.00256280701179057
0.04;0.04;0.0325470829056482;0.0127214616365842;0.0187809940455947;0.0224308733025141;0.0112028302382694;0;0;0;0;0;0;0;0;0;0;0;0;0;0;0;0;0;0;0;0;0;0.326622714625206;0.321384486189438;0.365107940096502;0.805026265166624;9.84482298172642;9.2878195994581;1.08;1.08;0.761537682759837;0.185532150093286;0.16;0.798652885670137;0.127473474542331;0;0.00397874729007497;0.0926419714298398;0.21860962981573;0.24;0.08727899842426;0;0;0
