0.824167465308231;0.158163702026662;0.526491038527888;0.838610823055543;0.921024410689164;0.92;0.92;0.92;0.92;0.92;0.92;0.92;0.908957275909046;0.221090061519571;0.347211968447948;0.629245547159295;0.193060970857533;0.124347455567913;0.0739990357427632;0.173294493452161;0.323798470505614;0.45664188564358;0.508772017716511;0.137249106868524;0.32;0.64;0.467116301509272;0.235718105519656;0.00583557197948965;0.217732561563511;0.4;0.4;0.199919614652172;0;0;0;0;0.0493277529478525;0.138520330924372;0.04;0.0113331862288216;0.0120291276255684;0.00565132692775694;0.0113472873667606;0;0;0.0106301812627298;0.00408652132374998;0;0
0.832456822748853;0.796259303467348;0.918230795361382;0.959973208551069;0.959250186267187;0.932654439909849;0.92;0.92;0.92;0.906083038244909;0.835667633140786;0.577082984950193;0.887657768239339;0.296174047974913;0.4;0.4;0.4;0.4;0.360752346057217;0.205148428963452;0.202452091645626;0.4;0.4;0.370606000884604;0.379250132830699;0.541352724983793;0.484351406368139;0.349517198391408;0.284406122978311;0.23271649339707;0.4;0.4;0.319395940468489;0.240242922339797;0.0297422930661589;0.0332865230310708;0.036829024369549;0.0397737849141331;0.04;0.04;0.04;0.0393912273435209;0.0383250390184388;0.0332246210441592;0.00656145426359686;0;0.00698292758266122;0.00448501296443155;0;0
0.96;0.96;1.25601088320139;1.6257796599983;1.29700789493496;0.952785780770163;0.940609923490692;1.04125599345056;0.802357737124979;0.299755792880997;0.08;0.08;0.229428858414887;0.106267882111275;0.253795699523751;0.245762174408549;0.28815507824392;0.227788440647514;0.28874654797907;0.33215795266177;0.393888890894732;0.4;0.4;0.4;0.4;0.400259448555225;0.4;0.4;0.4;0.4;0.4;0.4;0.4;0.274408842113591;0.04;0.04;0.04;0.04;0.04;0.04;0.04;0.04;0.04;0.04;0.04;0.0179812543590994;0;0;0;0
0.96;0.96;1.59601570415288;1.86643063683408;1.59339073097964;1.5647144421877;1.45253749327146;0.97799320047907;0.295803579164924;0.279285179527332;0.527504943966974;0.164194300706871;0.114904773880252;0.08;0.079934072501471;0.0734641826460138;0.04;0.04;0.04;0.0607509870404493;0.103245528420057;0.369570411795832;0.4;0.4;0.4;0.4;0.4;0.4;0.4;0.4;0.4;0.4;0.391464835477371;0.213009130020185;0.04;0.04;0.04;0.04;0.04;0.0369100647128027;0.04;0.04;0.04;0.04;0.04;0.04;0.0315800236785784;0.0115767376299833;0;0
0.569134221516193;0.467921801547086;0.739789345679148;1.26113438418322;1.12914257773578;1.12262134066005;0.96;0.96;0.88473001407202;0.758530832229088;0.644809445783621;0.56;0.487705632227756;0.300666355871128;0.192072425289268;0.0874353274346116;0.04;0.04;0.04;0.04;0.04;0.235838018492161;0.4;0.4;0.4;0.4;0.4;0.4;0.4;0.4;0.4;0.4;0.205430267644929;0.0324671795337927;0.04;0.04;0.04;0.04;0.04;0.0216698051422416;0.0371187730719516;0.04;0.04;0.04;0.04;0.04;0.0398908795207295;0.0104640345290262;0;0
0.283809301717455;0.16;0.708197325325316;0.604028693317025;0.96;0.96;0.96;0.96;0.910237275338266;0.56;0.56;0.56;0.56;0.56;0.551342537878192;0.540965198068628;0.04;0.04;0.04;0.0404460088682501;0.109172957128008;0.0951975073761177;0.369191729564401;0.4;0.4;0.4;0.4;0.4;0.4;0.4;0.4;0.39473720194165;0.0720031707926716;0.0170069942766271;0.0388373606144841;0.04;0.04;0.04;0.04;0.020607742553407;0.024114414164352;0.04;0.04;0.04;0.04;0.04;0.04;2.23265890032053e-05;0;0
0.947186713354506;0.766892249172553;0.924168343530311;0.946547045719697;0.96;0.96;0.96;0.96;0.957562699218326;0.708302485755818;0.564615719777653;0.56;0.56;0.56;0.492296051127283;0.18302547756634;0.04;0.04;0.04;0.327432780624423;0.538847925420513;0.332031151066764;0.4;0.4;0.4;0.4;0.4;0.4;0.4;0.4;0.4;0.144914472819032;0.00078099914269908;0;0.0163986457734932;0.038907910226034;0.0385550791177964;0.0254894849316794;0.030634068007768;0.0202482194987945;0.0356901313376343;0.04;0.04;0.04;0.04;0.04;0.04;0.00225731848380528;0;0
0.96;0.96;0.96;0.96;0.96;0.96;0.96;0.96;0.96;0.957397296497772;0.842573617799049;0.615035011068725;0.56;0.56;0.227850664568943;0.04;0.04;0.04;0.04;0.38009223508047;0.559933552915419;0.508880507259501;0.225358997735879;0.111082958030049;0.380881838774085;0.4;0.4;0.4;0.4;0.4;0.4;0.378727422790373;0.208227096465882;0.0430641428949311;0.0210724282747616;0.0289452654112308;0.0386379458494019;8.7615919417052e-05;0;0.0188484291294522;0.04;0.04;0.04;0.04;0.04;0.04;0.04;0.0170880607019123;0.000351529669134524;0
0.718605764032173;1.05678966380718;0.699061663316433;0.96;0.96;0.96;0.96;0.96;0.96;0.96;0.824876517648634;0.600191709580783;0.56;0.56;0.24893793138396;0.04;0.04;0.04;0.04;0.388676358418624;0.56;0.555021443249016;0.312151217955505;0.0208736612258265;0.21060041398388;0.25428898102808;0.4;0.4;0.4;0.4;0.4;0.4;0.4;0.4;0.23457567883214;0.254276670949177;0.0551425670397044;0.0168824818249242;0.000311373371552004;0.0201685511200596;0.04;0.0256014776454017;0.0279553327263671;0.0399518850598667;0.0382469914590678;0.0227904369920189;0.0169106023936691;0.04;0.037393983454829;0.029320431324425
0.44;0.44;0.464125775728279;0.879934797905484;0.96;0.96;0.96;0.96;0.96;0.801738725713444;0.56;0.56;0.56;0.56;0.383700439652991;0.04;0.04;0.04;0.140151726630331;0.531282136482738;0.56;0.56;0.517790857826575;0.256883305331053;0.0273203632082394;0.00415572691616446;0.315783801844696;0.394812017222642;0.4;0.4;0.4;0.4;0.4;0.4;0.4;0.4;0.287972109546355;0.0505493935174525;0.0310955241282145;0.0590336247700052;0.266584183512044;0.156758032833978;0.00223218752051473;0.006675261422501;0.0103121594443298;0;0.00164286860736426;0.0250462702373683;0.04;0.04
0.44;0.44;0.44;0.629122642661722;0.96;0.787556889808199;0.857929323316848;0.435824712468974;0.260562456208473;0.551362660072825;0.56;0.56;0.56;0.56;0.467994675279708;0.398830798711105;0.15906673976716;0.0880526897246103;0.229340964781679;0.56;0.56;0.56;0.555234202131443;0.38051159180136;0.170387312088123;0.024081397980888;0.0020346746542491;0.106793969165055;0.304931458185954;0.4;0.4;0.4;0.4;0.4;0.4;0.4;0.4;0.382791843238612;0.4;0.4;0.335656125719832;0.0618599682200617;0;0;0;0;0;0.00848928738972172;0.04;0.04
0.44;0.44;0.44;0.427611455979593;0.588152421299321;0.96;0.541066595180333;0.0173301967252046;0;0.489157920216079;0.548229913098499;0.494581146043353;0.518786249983571;0.347166595733741;0.126156156001291;0.559520262335162;0.56;0.503829508607877;0.428406108431751;0.386167496202085;0.56;0.56;0.56;0.4;0.4;0.0906488852389157;0.0259140340660227;0.0116687384440092;0.0766436344152729;0.153665716555367;0.170315530937317;0.4;0.397594217722304;0.394886847974168;0.4;0.4;0.4;0.4;0.4;0.4;0.4;0.255691209491802;0.0732718007798931;0;0;0;0;0.00391640722681353;0.0351666265275818;0.0397171748602297
0.44;0.44;0.44;0.44;0.392735602285612;0.892007164759934;0.345499500239217;0.697582232036642;0.378449956776041;0.32941113892096;0.119094945880922;0.16708897423102;0.470703203798264;0.254458073342628;0.0204120465139271;0.410422846071301;0.52797360206116;0.477903943013027;0.427858491140138;0.0236710131585518;0.0852461675091291;0.343615604729925;0.409147639044776;0.511729461639166;0.51282250646925;0.297789093727396;0.039570040811131;0.04;0.0315058424827479;0.00836731689851265;0;0.0402310369723878;0.0151529167217368;0.12283263707791;0.331566817128717;0.4;0.4;0.4;0.4;0.4;0.4;0.4;0.16696960587014;0;0;0;0;0;0.0109881240256479;0.000669620687933639
0.44;0.44;0.44;0.44;0.43271254434542;0.00463531747456032;0.283219607848469;0.88563289226142;0.789378452968597;0.230586803114806;0;0.0882591467461212;0.536725843284296;0.247246151305169;0;0.00328814781228482;0;0;0.039045106997065;0.17806857941933;0.220247735761933;0;0.153926610131382;0.547262332496043;0.56;0.392440555191226;0.04;0.04;0.04;0.0672592057626513;0.0320542009639554;0.035606443463359;0.0379738456873055;0.114678762430943;0.0583361174141333;0.368501276225934;0.4;6.97692083809221;3.52490077361213;8.28667971603268;4.8194827303248;2.41995697413888;0.0120898939832234;0;0;0;0;0;0;0
0.44;0.44;0.44;0.388658363448367;0.234869973795861;0.144062850528887;0.44;0.482025874921803;0.349372250805059;0;0;0.00791550938619113;0.352027882301759;0.537424052292193;0.0971749685260088;0;0.0238296760002151;0.00653599016468105;0.342530238636808;0.56;0.56;0.375744435894565;0.0110299010992334;0.445174890992325;0.56;0.390713772268713;0.0907079710111535;0.04;0.04;0.205484785977056;0.0720347816340446;0.04;0.04;0.244258534724641;0.147467456675834;0.329595066088252;0.4;9.83593136688938;24.2081226463551;24.44;15.9982792974982;2.62255954187359;0.141314294081647;0.104502022172312;0;0;0;0;0;0
0.44;0.44;0.428070338398015;0.115258399151772;0;0.213854855073383;0.44;0.360472326901676;0.0151612251237554;0;0;0.00916604735574753;0.237673676128445;0.551977226090431;0.199510672361124;0.451028115071162;0.56;0.364952371802433;0.56;0.56;0.56;0.558826476734783;0.237295460759496;0.40339323461894;0.56;0.452592820519461;0.0524264882490506;0.04;0.0584994305840814;0.251620495553175;0.225967272325403;0.04;0.04;0.0884604747763744;0.239197904384744;0.311635032140828;0.4;0.547143656394768;10.5378738815661;22.4954852637787;13.1334088248685;0.4;0.356726048285508;0.0602028872000478;0.00112714457871765;0.0429253386251326;0.237898815697164;0.025294716488911;0;0
0.44;0.44;0.370662294948134;0.087773047593992;0.0561897498373443;0.322508911424747;0.438359721154377;0.283937926950643;0;0;0.00976998421806366;0.0130157932626591;0.16773995184045;0.541822565344959;0.56;0.56;0.56;0.56;0.56;0.530045638661274;0.347923121818955;0.0388707162462451;0.10115667180336;0.199860975233465;0.56;0.247179219369744;0.04;0.04;0.179536292611106;0.4;0.372266151765501;0.141922502651401;0.04;0.0313515986080733;0.00204502427163255;0.0262804744948599;0.336270020666209;0.4;0.461481567526187;0.4;4.02685177567486;0.4;0.4;0.295489090452212;0.324896341353324;0.317020083585754;0.4;0.284505398430327;0.025562297093269;0.00189215871662403
0.44;0.415477189741299;0.110246344226089;0.0131619230729362;0.0538408447590597;0.275646561912659;0.385442222899385;0;0;0;0.0365559628058691;0.0328928507842285;0.04;0.236171803014737;0.381172529939368;0.232830792532732;0.56;0.56;0.56;0.425482145099559;0.0124546691027004;0;0;0.0344521124214919;0.169359868995745;0.0479086549522393;0.04;0.0410956120479828;0.302781856587974;0.4;0.4;0.392700058800363;0.134377484620019;0.04;0.02;0;0.238985154971889;0.333858421234445;0.393732430433342;0.4;0.379867075913533;0.346464817944015;0.4;0.4;0.4;0.4;0.358706507202704;0.290977795067243;0.148231863855371;0
0.44;0.358515677195221;0.0766698398765841;0.0398524327019868;0.0323435784372401;5.41908609159886e-05;0;0;0;0;0.0335529348225798;0.04;0.04;0.152023362598597;0.475735033005336;0.535323222432472;0.56;0.56;0.56;0.235669770426911;0.0221310620665203;0;0;0.0225215860799234;0.0296187845971039;0.0157584624201801;0.04;0.0650653317302206;0.369940415106714;0.386118155993215;0.4;0.391665533927972;0.221854131317787;0.230764081725332;0.0352668356700427;0;0.0171441477548366;0.119484371925324;0.284989061917578;0.365507621578598;0.107184730055995;0.0357742893405291;0.0688527158345096;0.146054905966364;0.198957113084383;0.162946182820946;0.0682466645045206;0;0;0.218799529199055
0.430563728324265;0.179695051556056;0.04;0.04;0.00449805561176211;0.00714037343555114;0;0;0;0;0.0137021167813056;0.04;0.04;0.149259826055402;0.56;0.56;0.56;0.56;0.56;0.0859452606262174;0.0371812475840616;0.00605724880429061;0.0173357516058136;0.0390785799838594;0.04;0.0233495343002282;0.0330373958304657;0.04;0.04;0.121843147503675;0.127256929753162;0.0940977085017345;0.0423406594311228;0.204926645573019;0.0630940795884433;0;0;0;0.239010195655297;0.194978336323797;0.173288033408016;0.08198473608435;0;0;0;0;0.0142422523963884;0.0290992037479387;0;0.426790890187411
0.44;0.0647592810664659;0.0377432311421521;0.010589258212163;0.000223624544462154;0.0075962984926533;0.0119023984118652;0;0.0640282591653573;0.289435405022788;0.156517020039557;0.04;0.04;0.0950024779228781;0.510573589762865;0.56;0.56;0.56;0.56;0.296372702295023;0.04;0.0391009189486506;0.04;0.04;0.031819868010486;0.0112436422504057;0.00910167152826836;0.0370558099456103;0.04;0.04;0.04;0.04;0.120364982198225;0.0978035858253091;0;0;0;0;0.304781018206384;0.0441496783574112;0.399761268778704;0.20077871081169;0.0282801888498885;0;0;0.000776730921220216;0.0326597064541576;0.04;0;0.39994227687805
0.236471754283208;0.0889087547713891;0.0810153940780389;0.30346604092498;0.404105939826649;0.436895662708022;0.333784952216164;0.20685350632963;0.381029719362248;0.44;0.363154341796628;0.251607907578443;0.226163146442379;0.0557141552757585;0.462151755510434;0.56;0.56;0.56;0.336833049854816;0.12472965396091;0.04;0.04;0.04;0.04;0.0113392569190321;0.0290494668281858;0;0.0166665308444393;0.060073810025676;0.0889664163077901;0.0599287642302414;0.22441041320142;0.381720569282863;0.262677402221516;0;0;0;0.0821133853765212;0.3315817225219;0.248289794617239;0.394000553299876;0.4;0.293431834783381;0.215275575204408;2.13258330197784e-05;0.0167874581184323;0.04;0.04;0.00139349674629048;0.111323274305677
0.0454031281819827;0;0.131926759924514;0.44;0.44;0.44;0.44;0.44;0.44;0.44;0.438670225519527;0.519940789683582;0.400145974187884;0.0497633932042107;0.207639083210628;0.56;0.56;0.559244953732919;0.19256796245821;0.04;0.04;0.04;0.04;0.0387214073288662;0.0320714583221357;0.0339640023481947;0.18199868097356;0.387598845749162;0.4;0.394431071327118;0.320066549751908;0.4;0.332151095935094;0.00563471456582963;0;0;0;0.20092390040122;0.4;0.388007313756272;0.394253305463331;0.4;0.164907285847163;0.032988056551837;0.025698094650074;0.04;0.04;0.0301917441073802;0.0915105735024711;0.382037051956022
0;0;0.20335196889468;0.44;0.44;0.44;0.44;0.44;0.44;0.44;0.44047312573291;0.537064736100663;0.56;0.166750302001877;0.512312227982822;0.56;0.56;0.56;0.537402259721518;0.167299321069662;0.160811577576656;0.04;0.04;0.0218074309718255;0;0.0177135089217685;0.397854741353355;0.4;0.4;0.4;0.4;0.4;0.108427243202185;0;0;0;0;0.123062858672976;0.115141447743843;0;0.123756971841694;0.215954022265818;0.129914451452364;0.00510960042275461;0.0278933042778916;0.0393265657145075;0.04;0.0257684280912792;0.309836502331457;0.6
0.0017702313712347;0;0.0577647202147833;0.197684606193103;0.375403859534121;0.44;0.44;0.44;0.44;0.44;0.463626923330865;0.559999696231497;0.56;0.4912763808305;0.56;0.56;0.56;0.56;0.56;0.56;0.540997182682818;0.307627369495558;0.0716540191500195;0.0166870550930424;0;0.0817249099909327;0.390850755991402;0.4;0.4;0.4;0.4;0.309938230508471;0.0315573099837106;0;0.00189410051577247;0.0151686236096616;0.00280900656610678;0;0;0;0;0;0;0;0.000215434428849228;0.00759810012150829;0.0145099033351988;0.00433491172088191;0.365580047640452;0.6
0.204115413022786;0;0.211544088971177;0.0943696141055309;0.315987286303438;0.44;0.44;0.44;0.44;0.44;0.442351015183917;0.525073885689546;0.56;0.56;0.56;0.56;0.56;0.56;0.56;0.56;0.56;0.56;0.440626175592007;0.00169637727746284;0;0.290698732090146;0.422763056717999;0.4;0.4;0.4;0.4;0.0822172106008563;0.0324579965907615;0;0.00905808325226077;0.034980114641864;0.00381353611979195;0;0;0;0;0;0;0;0;0;0;0;0.0985482951070497;0.365605980917579
0.337667464529821;0.0792340530856172;0.205099546397283;0.330272394662561;0.44;0.44;0.44;0.44;0.44;0.44;0.230258221570075;0.409378629006032;0.518881209434192;0.56;0.56;0.56;0.56;0.56;0.56;0.56;0.56;0.56;0.370613611295326;0;0;0.187868134301633;0.458567348214029;0.4;0.4;0.4;0.4;0.0678982815095224;0.0354279564170167;0;0.0159940128681781;0.0204123010819312;0;0;0;0;0;0;0;0;0;0.00995526957623237;0.00068938364463515;0;0;0
0.44;0.44;0.305827421566371;0.0671535271897567;0.185207266275326;0.353327666876528;0.44;0.44;0.44;0.407546410718106;0.0538698111449582;0.181432282921394;0.437405249077881;0.523333496075205;0.56;0.56;0.56;0.56;0.56;0.56;0.56;0.533255601069592;0.0908236632836078;0;0.317851635048163;0.48063092927242;0.377595898319222;0.4;0.4;0.4;0.4;0.0946468864475842;0.0397633529820348;0.0303320894924952;0.04;0.0208367471521951;0.050025492280256;0.104796867599258;0;0.00261934576575571;0.0119859051159583;0;0;0;0.0109726796719553;0.04;0.00931598478178494;0;0;0
0.44;0.439026768240704;0.269732139847886;0.270028138695891;0.04;0.144805904335733;0.44;0.44;0.44;0.437226539861725;0.369129492872766;0.098261024595;0.278025741909045;0.460064544302839;0.533610200989837;0.56;0.56;0.56;0.56;0.56;0.56;0.200715221562642;0;0;0.0825506227650061;0.488560424125516;0.12057802035932;0.359050524187302;0.4;0.4;0.4;0.164299340887985;0.04;0.0225588474349584;0.0358046644408043;0.04663826724132;0.321905252912156;0.357778578242287;0;0.228376484166143;0.319781758036373;0;0;0;0.0287362835873511;0.04;0.022884202766073;0.07938691884229;0.168490681601688;0
0.44;0.44;0.179517841090294;0.134298861288314;0.138311209349401;0.193761623356631;0.44;0.44;0.44;0.44;0.44;0.394059079454643;0.163286036869299;0.384957072542259;0.442838545458239;0.499081552776645;0.56;0.56;0.553884642017364;0.524568095199143;0.56;0.0447437877374701;0;0.00709551102788575;0.218923252045796;0.394955049110805;0.133532444438292;0.122125186140593;0.395427274869755;0.398115546046799;0.4;0.183701515640903;0.04;0.0395051571789494;0.0669181330295366;0.361735437317765;0.4;0.396554925191157;0.357666325601283;0.395927939590566;0.387196623106782;0.0616039420660653;0.299157200505957;0.185391675576205;0.345485408275281;0.127793491675053;0.0927522696786123;0.355768890936897;0.444562728563789;0.449917549755199
0.44;0.340065071222399;0.22234040203491;0.0826460743844509;0.365323636365803;0.434128403753372;0.44;0.44;0.44;0.44;0.44;0.44;0.394984255749949;0.139513776577962;0.440359458407447;0.55114183900194;0.56;0.56;0.374394900962307;0.0982362742705161;0.119558335639164;0.072803423368849;0.368823390558418;0.0708640898620582;0.4;0.359556698875702;0.00272203844694928;0.0192335493497873;0.040550870491629;0.201178048682029;0.196853261836404;0.296331928682563;0.04;0.04;0.145493766226135;0.386920841955753;0.4;0.4;0.4;0.4;0.277045883797482;0.229683629847128;0.4;0.4;0.4;0.314953274946194;0.308578586104604;0.151637906098847;0.246392290219852;0.412049922816028
0.439827442787465;0.19686790678277;0.0602839936287717;0.05116160259584;0.19117886198087;0.229082843051557;0.44;0.44;0.44;0.44;0.44;0.44;0.44;0.349612905672903;0.522399120920053;0.56;0.56;0.554931052823151;0.302772204748117;0.00025536426383052;0;0.0154430024114432;0.285361812160985;0.324054149027001;0.344925506518385;0.0730192880451892;0.198963762406067;0.159826824018732;0.244833882723221;0.386425067923647;0.198044608578255;0.297591338554077;0.0972072397357564;0.04;0.04;0.139063531729454;0.204045079992236;0.229336512486069;0.264658905290905;0.232798056117445;0.156249094042924;0.218073436102114;0.362630258616852;0.4;0.4;0.4;0.365329721570602;0.0550015024109089;0.0267648931882504;0.0597094316598959
0.492316109320116;0.0462843419801708;0.04;0.04;0.04;0.177481468191338;0.299100621489497;0.436275083595376;0.44;0.44;0.44;0.44;0.450320456076665;0.546015667717731;0.56;0.56;0.56;0.417711936269922;0.221599661757566;0.271829341809711;0.107271542296745;0.142984799115453;0.188292500243064;0.4;0.34968912887876;0.023818094602256;0.334550068886951;0.4;0.399808392695211;0.181736526336078;0.0348759048506773;0.0345975615118165;0.0142482670253249;0.0252556083811394;0.0361710770363622;0.24496468706738;0.0964328723225772;0.0746681521585105;0.04;0.04;0.04;0.04;0.0824636849243883;0.305150192248179;0.348920087516024;0.399380829665524;0.232360883636486;0.169944637609902;0.190454158929703;0
0.0936515271839711;0.117799329426238;0.04;0.04;0.04;0.04;0.0900493939805938;0.422244450231575;0.44;0.44;0.4141919854265;0.25786720833648;0.513172808270175;0.565362741425619;0.400353408492605;0.102231937652081;0.0521116350016557;0.00726827273778617;0;0.346132694508415;0.4;0.4;0.389170521113247;0.4;0.4;0.200802941630205;0.332860889405924;0.4;0.367146591521929;0.00841035067914054;0.0284888829933846;0.00569854957389772;0;0.00129067942897636;0.00400769540677848;0.369009362231944;0.325155620876127;0.036517272192085;0.04;0.04;0.04;0.04;0.04;0.104841398883116;0.0588095745127296;0.0965497730544203;0.340956580633612;0.396823859254543;0.128696838786837;0
0.60908853412929;0.241298552619619;0.04;0.04;0.025460140891665;0.00500835683929828;0.0320774194645413;0.227986160020161;0.40857794753215;0.447712534453925;0.177925899069444;0.034144647889869;0.145591320101984;0.217464655321827;0.0799602417948931;0;0;0;0;0.17634875728435;0.390756320506432;0.4;0.4;0.4;0.4;0.4;0.4;0.4;0.394726794527844;0.0156445280355254;0.0104429033308899;0;0.0074392318350021;0.0245984792653484;0.123244367185085;0.368215989285661;0.197236928945911;0.023884374855971;0.04;0.04;0.0393089553161497;0.0184217245725136;0.0379161334008466;0.04;0.04;0.04;0.0949083661464888;0.253367595416749;0.0044311062380055;0
0.8;0.43973743719575;0.04;0.04;0.0375542045910909;0.0262377750571968;7.53265104486572e-05;0.0137540582552344;0.113910274777885;0.136552803899078;0.0202202548477589;0.0220366413175443;0.0154707303900865;0.0185804699544577;0;0.279403886431038;0.251345817287215;0;0;0.101818430232145;0.385035140689356;0.4;0.4;0.4;0.4;0.390654925539083;0.128054616118411;0.201213040990782;0.0383411775653319;0.0367599936890327;0.00180608700943162;0;0.0317916633484153;0.04;0.0745600999659359;0.250470128818741;0.33095129593388;0.00732514886453666;0.04;0.04;0.0299626751697925;0;0.0265654417358804;0.04;0.04;0.04;0.04;0.04;0.0349473866265693;0.00827173784276165
0.8;0.660477411905087;0.0970931978436789;0.115980753575695;0.04;0.0314630349915244;0.000813516255910509;0.0241331066360697;0.0341465863598898;0.0314222367305378;0.0030508800174867;0.00124926856800787;0;0.017436922114715;0.03345450203046;0.735939726687042;0.640936397924943;0.0480200794720831;0.00192643181454908;0.275668646330492;0.4;0.4;0.4;0.4;0.4;0.4;0.184603022789117;0.00972307465124704;0.02790625554721;0.00977754175674763;0.00668762156647813;0.0109812405493242;0.0309207010459725;0.0298668578327224;0.164425478084681;0.341434983701279;0.133607437794562;0.00376226042927527;0.0149901140999746;0.0292176364618595;0.0240859027747996;0;0.0236098571907729;0.0318490047989861;0.0252030858174898;0.0392431657695254;0.04;0.04;0.0323650144012412;0.00444298914498476
0.651752599311475;0.799179605106009;0.672406690083259;0.552529083550504;0.04;0.04;0.0296855295376092;0.0318082889113771;0.04;0.04;0.024323697506715;0.0257515416028337;0.0159892210045087;0.0157098443307348;0.00329851197917014;0.596789266947658;0.8;0.62335494955254;0.175128527768871;0.4;0.4;0.4;0.4;0.4;0.4;0.34033616519443;0.0576991247606934;0.0182640378643536;0.00171030946903119;0;0.00356977162936697;0.0353780517991797;0.04;0.04;0.0596400368340427;0.360840972424691;0.263472930566873;0.1717388764253;0.0631763304090986;0.0252588227584958;0.0336306332810705;0.00433797060122299;0.00622851689450108;0.00328920057968814;0;0.00160168801029587;0.0286181455649195;0.030580626976639;0.00236743185389527;0
0.239284446361274;0.379080547671601;0.786343041792572;0.507426505724938;0.260049013002031;0.254525197859117;0.04;0.04;0.136904617645282;0.04;0.04;0.04;0.0245537403288246;0;0.066476171347196;0.136164081988856;0.8;0.8;0.8;0.451080917666313;0.4;0.4;0.4;0.4;0.4;0.23549308518848;0.0688093113910521;0.0298648405156054;0.0295658425961156;0;0.0186736657640431;0.04;0.04;0.04;0.04;0.163783563200125;0.4;0.265724554900213;0.063169903276838;0.0310022800881427;0.04;0.033906581292171;0.0272942096168175;0.0179856322833783;0;0;0;0;0;0.00984522319981229
0.557182469804599;0.113058669904099;0.722573141902981;0.673817872908613;0.794940197883188;0.493433546080954;0.04;0.0639548353574801;0.749386072660074;0.216081962287147;0.0982139577727797;0.04;0.0192356266614515;0;0.0842581477684445;0.65900081169588;0.8;0.8;0.632944630749339;0.0201264697556158;0.270760765040164;0.4;0.4;0.4;0.4;0.4;0.263468718904722;0.0056845451822001;0.00238057726204336;0;0.00602270878599149;0.0385864927371676;0.04;0.04;0.04;0.389222748074913;0.4;0.273871685007134;0.0101544746716064;0.0370614674468577;0.04;0.04;0.04;0.0393169313419608;0.0300703805826561;0.0174534409146756;0.00275085955335064;0;0.00329315482196563;0.05927599401469
0.759752153976827;0.622550167533934;0.781589640760817;0.171604985069188;0.548125008890504;0.789300113811564;0.504956667845882;0.582520130399116;0.8;0.652806770855453;0.0856787814371302;0.0320770689371016;0.00191007336875665;0;0;0.400791058735812;0.799161440298531;0.380124232114681;0;0.0411587367827877;0.237432525629643;0.4;0.4;0.2381165250863;0.171957877355628;0.262006775991353;0.1512678602946;0.0254385872108071;0.00800899947234429;0;0;0.0352969982758164;0.04;0.04;0.111010333839762;0.285091817032235;0.4;0.285550012608074;0.0920923464926408;0.0396553455664914;0.04;0.04;0.04;0.04;0.04;0.0283484162648353;0.0129085342891406;0.0028353226588765;0.0471174415497598;0.08
0.8;0.798100822745571;0.301201804830189;0.04;0.125489842852531;0.64574720984374;0.51165228624023;0.8;0.8;0.418870979519421;0.255289172834698;0.345797822609785;0.0134649610455456;0;0.0873835072661479;0.108265040298303;0.121456072140485;0.0102870879558706;0.166896896665025;0.316117687409059;0.4;0.4;0.354001151931913;0.0464458264064226;0;0.0215116864106618;0.0597894230143303;0.22388789839882;0.187710824876372;0;0.0104091169073451;0.0905194437381968;0.0866520005849306;0.0804153146399488;0.390180171413274;0.4;0.4;0.4;0.299050489642971;0.030646706533276;0.04;0.04;0.04;0.04;0.0396657258201159;0.00916143282161756;0.0201543290655143;0.0322977024482871;0.0729540560521317;0.08
0.8;0.8;0.290756752888009;0.169190886055725;0.142310355561959;0.410634696180663;0.425627175476582;0.8;0.764742985801372;0.361158476655534;0.282936432089732;0.52570881151245;0.0957732416865431;0.0551804873333275;0.567585249755227;0.316619078977996;0.0265673396486438;0.000359181258510596;0.0292021260958575;0.335656066525883;0.4;0.4;0.349570820377672;0.0061610304704132;0.0890799747212689;0.264492513391329;0.319454242680747;0.4;0.0786207824465718;0.0087479241526642;0.265060261849161;0.4;0.366269311813964;0.351408146638492;0.4;0.4;0.4;0.118474596647546;0.0648517207915468;0.00123920347041343;0.0277991434800531;0.04;0.04;0.0325818651476893;0.0269513283165637;0;0;0.0400157012844468;0.220860691804672;0.25371106556814
0.453023530212193;0.8;0.8;0.720912106344144;0.198008381207357;0.0776857275355733;0.239988599889851;0.8;0.720709266095682;0.130709917253027;0.300511012396868;0.6831481321549;1.52210478577053;1.14024516884837;1.74785417762348;0.4;0.352160646563489;0.193431030429664;0.217738489725966;0.4;0.4;0.4;0.372926489485893;0;0.137152621460126;0.4;0.4;0.4;0.14443783339687;0.377869716259396;0.4;0.4;0.4;0.4;0.4;0.4;0.4;0.027792889859993;0;0;0.00815589351481682;0.0364085584201822;0.04;0.0272311806132017;0.0208390442705656;0.0177755973625928;0.00280364346924936;0.0480685653181084;0.70094462155588;1.43603087470445
0.332840367773814;0.8;0.8;0.651327630233611;0.335697467262913;0.0111107270487779;0.0201456469323838;0.793342326994985;0.8;0.47894146651241;0.245730266061364;4.23235583440781;6.23196010326138;1.73893828260445;0.398265896102365;0.4;0.4;0.4;0.395254675651435;0.357022345717514;0.173376405293125;0.378424998684676;0.227630433172513;0;0.27432996280212;3.53328216731222;14.0651369757399;4.16579538271397;0.382048297818635;0.4;0.4;0.4;0.4;0.4;0.4;0.4;0.4;0.0574160334030166;0;0;0;0;0.0158821844877403;0.04;0.0359669008448516;0.0226123308005144;0.00435474218634676;0.102086454660405;0.737758367029137;0.806832259013005
0.242177151311697;0.8;0.8;0.8;0.733437202968174;0.201899583573014;0.122721812414529;0.777234534386916;1.28313166342113;1.49112759219157;0.44;4.02004960230671;3.22544465515656;0.335184121731203;0.317574098387631;0.4;0.4;0.4;0.0674438371362248;0.0848591125372814;0;0.126433780285309;0.151816531171884;0;0.244641277835499;13.2325916040016;26.8439808847439;19.447790225921;0.4;0.4;0.4;0.4;0.4;0.4;0.4;0.4;0.348493491689066;0.026540217967223;0;0.0144930434905924;0.0180326815757435;0.0207234571933078;0.0202577993173383;0.0202800133853372;0.00587729353110003;0;0.000897492739278823;0.173042331631924;0.791807711513272;0.08
0.270644936164544;0.654353515303559;0.8;0.750020446092249;0.239885124118197;0.319067057783172;0.321788851186372;0.8;1.83696481033949;0.44;0.44;0.44;0.44;0.360031290715074;0.183797716907871;0.4;0.245976837062723;0.241109771718737;0.0467771431928603;0.00277503252609029;0.00377767272306921;0.00559739380071076;0.00307528128267025;0.0082702149944521;0.129306079889467;0.285578905996177;3.18143712374055;12.9066575097974;14.5480435741763;11.0623462807574;0.616030480804808;0.4;0.4;0.4;0.829800209805825;1.00341889144853;0.768340304427559;0.0579720956881292;0;0.0302870942702633;0.00211333118118346;0.00813460965754743;0;0;0;0;0;0.0790479130259715;0.08;0.08
0.04;0.442706806957612;0.8;0.318800386074207;0;0.241378763207509;0.769336155984668;0.8;0.8;1.76096351349318;0.44;0.44;0.44;0.261221042689635;0.4;0.4;0.266025644441387;0;1.58337781875854e-05;0.0331430417531745;0.0332705621267459;0.0358807324786572;0.03562481905261;0.037984940877181;0.0389380872347858;0;0;0;0.184899432516415;6.06008557453857;15.4842170476934;0.4;0.4;0.444760879447101;1.08135379045894;1.2;1.19356992733539;0.370402052985408;0;0.00293051851400484;0;0;0;0;0;0;0;0.0736743499387987;0.0685903697744943;0.0743215067843467
0.04;0.736534417505362;0.8;0.59590709650497;0.107195124334213;0.0110173113364726;0.8;0.798476160669985;0.430387011123559;0.0924935599265126;0.44;0.44;0.44;0.340049082401691;0.282593045402718;0.379101979827695;0.300100109236942;0.00174970437531159;0.0156378134831873;0.04;0.0347175262367623;0.0170424239577607;0.0359212759387426;0.00722438503331246;0.0355498618851687;0.0123682594385071;0;0;0;3.04705145342757;23.3470203726659;0.4;0.4;0.602213994398189;1.2;1.2;0.846366317198867;0;0;0;0;0;0;0;0.000170778392509659;0.029660050119739;0.0367191027485766;0.0749358167028566;0.0397673661451287;0.0550413508036527
0.154760657879559;0.740487534701325;0.8;0.8;0.629370022677087;0.464751676541253;0.603444597584521;0.655028490443062;0.0508943117931373;0.338508453778243;0.44;0.44;0.44;0.456052869711387;0.189302265509963;0.165131630836642;0.0183904622042954;0;0.0390483025459325;0.0348786072204109;0.0114541850640834;0.00493153470009286;0.0158443889747537;0.00127524788049811;0.0336815877529236;0.0601210004518051;0;0;0.137615928129142;0.432725419641543;6.25064435422433;0.4;0.4;0.901068227337655;1.2;1.2;0.403707368335792;0;0;0;0;0;0;0;0.0103022450551268;0.0799696593742961;0.08;0.08;0.0170745741255562;0.0299846563429947
