1.16;1.16;1.68514944884555;1.16922337773676;1.16;1.16;1.16;4.3959208274995;65.7016217013721;55.3578379738854;46.0082628874703;71.04;71.04;25.717339797996;21.914558545121;34.0420880735753;4.37445485834229;1.4206854828642;1.64200755062428;1.16;1.16;1.16;1.16;1.16;1.18016243469743;1.16;1.16;1.05250530973879;0.968791709443694;1.25797431807268;1.73674564196685;1.76;1.76;1.74829770721808;1.58977485825336;1.7062100131902;1.76;1.74554516171603;1.20535434810497;0.88;1.38757352774712;1.76;1.76;1.75927312936792;1.03627554014721;0.88;0.88;0.88;0.88;0.88
1.16;1.16;1.93969656472049;1.94610842642252;1.49399376272261;18.3698779992436;30.5374805794376;37.2967595611378;27.3763818875864;10.9018636083034;1.16;51.2926524783546;71.04;71.04;71.04;47.6167004874071;5.46094963802663;1.17948170169076;1.16;1.16;1.16;1.16;1.70421363939216;1.86473658875597;1.71856543051884;1.25823824941524;1.16;1.05509217391663;0.88;0.88;1.21648542989383;1.76;1.76;1.2590601296334;0.88;0.963009166594445;1.21279044644958;1.51728037393328;1.19397672641282;0.913614346294011;1.63966278906118;1.76;1.76;1.76;1.41924487865735;0.88;0.88;0.88;0.88;0.88
1.437737813037;1.16;1.75487818464862;2.28;2.11376816243673;18.0054570528173;41.2299453053911;15.499049162991;1.16;1.16;31.2509813172275;67.9916995618024;71.04;68.5538485460505;71.04;63.9239403527658;31.6225350971343;1.16;1.16;1.16;1.16;1.16;1.49490190655085;2.28;2.25556540829558;1.78859249590364;1.16;1.15480588522736;0.963458385833114;0.88;0.984599588758101;1.17465794462021;1.02548330354551;0.88205448434042;0.88;0.88;0.88;0.916526832608734;1.18298022808069;1.29996034458702;1.76;1.76;1.76;1.76;1.55095830912832;0.88;0.88;0.88;0.918095010844309;1.1465848318903
1.57708363671027;1.16;1.39580776695989;1.28498036777303;1.88354101737961;2.15925801925569;1.6500300796613;1.16;1.16;1.16;37.6172525183859;65.6657902962666;40.1719066651652;11.6081392164851;63.9334275352284;43.7075244321337;14.8225711672973;1.1904260735773;1.65021266118251;1.60428808577696;1.16;1.16;1.17451512078289;2.27271861677095;1.87405049818178;1.16;1.16;1.16;1.09997510049271;0.885241916651128;1.29989259661635;1.39417011989444;0.966056452227263;0.88;0.88;0.88;0.88;0.909529807228533;1.33713107714046;1.75299042337408;1.58166396004519;1.39087947589619;1.51232088156206;1.76;1.57386888427889;1.03262595646502;0.88;0.973440862889786;1.4993198269788;1.29552575672247
1.21188331960756;1.61254540037311;1.89873198420252;1.37882551612732;1.40867409680038;1.34245920460541;1.21619465056128;1.16;1.16;1.33329312764218;17.7451193635476;59.4699339362057;5.8146239854444;2.28;51.8189940039118;24.9248933312628;23.4647101382136;1.16687016736623;2.26502267619297;1.62642625958808;1.16;1.16;1.16;1.87426730620704;1.22843750840551;1.16;1.16;1.16;1.08329986853627;1.04039863177712;1.69774311145734;1.76;1.64532914982883;1.04932772401599;0.88;0.88;0.88;0.88;0.897094166461658;1.56440848361103;1.61744500192443;1.01875859924913;1.33875353851051;1.47806625189347;0.971860252323103;0.88;0.88;1.167475277336;1.76;1.54372934239592
1.16;1.49947782657381;1.94381261379657;2.24300750555513;1.59444499990014;1.16;1.16;1.16;1.31819802364821;2.01515190243843;2.27815738214519;18.2817580445377;2.13857177612962;2.26970455093221;40.1481242083303;58.451031786503;20.4417349367561;1.56122308929241;2.26573340285796;2.07196105222517;1.17793282679375;1.16;1.16;1.16;1.16;1.16;1.16;1.16;1.11831976593397;1.12604414798189;1.63396230109545;1.67106373220908;1.72554307662544;1.74899720995259;0.885998037122563;0.88;0.88;0.88;0.88;1.43152904778709;1.07987139762189;0.928457420370816;1.74078565790333;1.12815997658029;0.88;0.88;0.88;0.951146723759718;1.74494816577837;1.76
1.16;1.16;1.2427295488517;2.14012451476339;2.1490939416422;1.34511479198506;1.16;1.16;1.32688906767474;1.80522208708103;1.83107200348169;1.92001428578929;1.61051181723413;1.45880701337687;9.39186492184716;3.68301217227927;1.26115674933808;2.16766243755702;1.96502364838495;1.80592397395638;1.28238851341771;1.16;1.16;1.16;1.16;1.16;1.16;1.16;1.28830114180983;1.76;1.76;1.18324992190255;1.40553082251042;1.76;0.991028369977791;0.88;0.88;0.88;0.88;1.0967941419013;0.88;0.88;1.32426857279369;0.88;0.88;0.88;0.88;0.88;0.900354119329972;1.68220573422495
1.16;1.16;1.16;1.24822126955601;2.28;1.72196911576952;1.27699814873382;1.16;1.16;1.16;1.49148758425048;2.14617589101166;1.87337240756433;1.31298440769477;1.16;1.16;1.38206041375588;2.00327761494794;1.2284076060165;1.16;1.16;1.16;1.16;1.16;1.16;1.16;1.16;1.16;1.11179392605293;1.66202214184378;1.76;1.07264710200206;0.90530822331005;1.48144614669919;1.50588354330237;1.02019661277651;0.88;0.88;0.88;0.88;0.88;0.88;0.88;0.88;0.88;0.88;1.01643386623195;1.10864837386066;0.852223322128609;0.936441279899083
1.16;1.16;1.16;1.16;2.15706882856842;2.28;1.67891598948538;1.16;1.16;1.16;1.54753008973963;1.43437343322172;1.16;1.16;1.16;1.16;1.16;1.16;1.16;1.16;1.16;1.16;1.16;1.16;1.16;1.16;1.16;1.16;1.0622827606204;1.52237222588108;1.76;1.00752361204177;0.88;1.33678524959888;1.71858301193293;1.14526736391064;0.88;12.2785860357243;5.70630369444148;0.88;0.88;0.88;0.88;0.88;0.88;1.0421410793862;1.5761801979715;1.29385685883807;0.832398164045438;0.8
1.16;1.16137431032809;1.16;1.16;1.59892260776059;2.00086146793689;1.35446139260215;1.16;1.16;1.16;1.16;1.16;1.16;1.18166904805269;1.17071420360587;1.16;1.16745517305744;1.75029592803064;1.69243593623724;1.27258499913791;1.35833500478756;1.18239045210091;1.16;1.16;1.16;1.16;1.16;1.16;1.16;1.27094831576619;1.63375108999394;1.13281160024894;0.88;0.897255275444621;1.69285718554007;1.72893367771227;0.88;22.5001031868997;19.7908266551765;0.88;4.32257466737455;11.5441867980538;0.88;0.88;0.88;1.29227057528444;1.74692184765613;1.69025130182381;1.41841681308717;0.889985483129875
1.46867655382101;2.16691825127455;1.60678102954074;1.16620583403706;1.16;1.16;1.16;1.16;1.16;1.16;1.16;1.27668428862837;1.27544967128966;1.72991563207431;1.77544643398711;1.37069164779126;1.17988594395593;2.27809310571626;2.14081864713421;1.30551780187221;1.87361872067009;1.18773602796105;1.16;1.16;1.16;1.16;1.16;1.16;1.16;1.16;1.23829794669931;0.88;0.88;0.88;1.38927252862624;1.31238668605746;0.885126807409208;2.28087588451635;39.4273839263569;18.0408979333419;38.1170486392572;9.94245336095914;0.88;0.855435819809956;0.945343057956265;1.39650699633923;1.16439176429112;1.51994533703074;1.29263012397897;0.965742036612588
2.28;2.28;2.28;1.31228364316691;1.16;1.16;1.16;1.16;1.16;1.16;1.37759958925623;2.05788322213944;2.18656748001164;1.93375931239985;1.6892844692759;2.06904066976228;1.27394974663628;2.07690346222982;2.26287662088294;1.99197912175001;1.36982990569801;1.16;1.16;1.16;1.16;1.1931167559552;1.24272762591288;1.16;1.16;1.16;1.05691746153813;0.88;0.88;4.1652837625073;16.6224255847825;0.88;13.2702252009499;24.4433256548447;33.8043438260411;35.3239974225541;38.6208563153456;5.05366632058516;0.872639008436268;0.806746152589031;1.21564606279748;1.6395353577042;0.814475325387745;0.808308773531068;0.8;0.8
2.28;2.28;2.28;1.48159876374695;1.16;1.26294302493574;1.73543122850888;1.43969089311424;1.19708076183414;1.16;1.3251215493972;1.80883831480822;2.28;1.75812770865303;1.19353184535305;1.70306743761624;1.35679199631551;1.41234740112104;1.9239933724653;2.18366959657108;2.03424059621963;1.16725875226371;1.16;1.16;1.16;1.56573711851853;1.72214970109991;1.16;1.16;1.16;1.09896232575821;2.31943690561168;2.23377331405822;24.2093546315;13.387686047394;4.21947731578726;5.66395031352087;37.364587433836;26.8173584841644;12.4233522198481;0.88;0.88;0.838296420717051;0.873220635701206;1.57309010836221;1.39239669792974;0.8;0.8;0.8;0.8
2.28;2.28;2.27106713808829;1.39865685484971;1.16;1.95228395964541;2.28;2.22259283364211;1.72460001295154;1.16;1.16;1.68911255619363;2.28;2.28;1.91162584664399;1.22421227471989;1.16;1.16;1.16;1.1782247628169;1.2886661472202;1.18184416080279;1.16;1.16;1.38310833468133;2.08468779529115;1.45213387234341;1.16;1.16;1.16;1.02598714462279;13.0314650461335;11.2797457291152;41.3195948846975;41.6474085850003;29.9448588183553;22.3846800816474;20.536760622937;5.79227439989281;3.303607992715;0.88;0.88;0.858029246184845;0.821204699104637;1.26610247902398;1.03363330974811;0.8;0.8;0.8;0.8
2.21054507949911;2.28;2.28;2.16265056949576;1.38038117948241;1.78305829826407;2.28;1.9535444197483;1.25398025980594;1.16;1.16;1.76641130837239;2.28;2.28;2.11028674170578;1.21050480850624;1.16;1.16;1.16;1.16;1.16;1.16;1.16;1.16;1.94998904635681;2.26715294199563;1.62049233825058;1.16;1.15406733309189;1.10729510001248;0.926346665806293;0.93780518469145;30.3020507118046;21.6576917285116;2.32931739750365;1.76;1.03858003313132;0.88;0.88;0.88;0.88;0.88;0.88;0.814446745037373;0.8;0.8;0.8;0.8;0.8;0.8
1.85786440378062;2.28;2.28;2.28;1.86700699789412;1.43844237112938;1.46405169233187;1.24576626140941;1.45874406510772;1.16;1.96110118447249;2.24739673124122;2.28;2.28;2.17924232699609;1.26136551610383;1.16;1.16;1.16;1.16;1.16;1.16;1.15991778244099;1.16;1.41727476581514;1.25934522475622;2.03312131835971;1.21248749166719;1.27426869272688;0.82175735091082;20.2781797951698;14.906986777344;28.9469889157094;17.8218903603767;1.76;1.76;1.5709662011279;1.13077660154643;1.47756645742049;1.42757360883285;0.934322046900196;0.880200589541618;0.88;0.86219146779649;0.8;0.8;0.8;0.8;0.8;0.8
1.9628193662829;2.25265166080983;2.28;2.28;2.25935097078218;2.28;1.76255296132199;2.08791104854955;2.07726355386622;1.30424329125246;1.23741542362054;1.61090632564275;1.92083740693138;2.28;2.28;2.16287151956006;2.13077898088586;1.83321534203608;1.55713670065795;1.16;1.05453790379622;0.878659956330201;0.829893227023302;0.953081604699229;1.12549659400656;1.16;2.04280098235495;1.88651417561325;1.0917070760485;0.815606021903654;8.1834869341836;23.3361237208257;33.7696751126237;34.2941876425232;6.20895319389578;1.38951288471327;1.4840305657189;1.75473190470788;1.76;1.76;1.73067618329438;1.1646889482588;0.88;0.876198620725255;0.912034132711302;0.8;0.8;0.8;1.12578829340192;1.24546732447257
1.16;1.45222093271559;1.56001870056676;2.21085311912363;2.28;2.27520973451233;1.91768378158745;1.72942040577048;1.66355524077751;1.68;1.68;1.61515887196602;1.06115975277001;1.29380444683263;2.07682059209966;2.28;2.28;2.19167134137533;1.86148732697947;0.89054704113459;0.8;0.906450875576162;0.8;0.8;0.835076713438246;0.925855198947765;1.35660700221163;1.71856176170872;0.898846442580622;0.8;0.848489375549913;1.70594752961675;22.112044221031;5.95235338276578;1.55754131407969;0.88;0.88;1.5221986837388;1.75808375771061;1.52645296294767;0.902506799258105;0.88;0.88;0.88;1.28728257630848;0.832221484330441;0.8;0.8;0.830995725114433;1.3410674124371
0.99563683388281;0.84607053503261;0.919063611193751;1.1364296545867;1.89611386246789;2.11459204838111;1.67506755012855;1.08833202473357;0.890649213439765;1.51843494782225;1.68;1.68;0.972989386179047;0.802556841663066;0.977395586212593;1.44303736910746;1.69161846432011;1.02308091014541;0.855433668933962;0.8;0.849985265550753;1.52797889926006;0.927512882343128;0.8;0.8;0.8;1.24519234410385;1.59427732063727;0.8;0.8;0.804939647981456;10.1090093578653;28.1113163730307;0.88;0.88;0.88;0.88;0.88;1.33837831403201;1.00873611095397;0.88;0.88;0.88;0.88;1.23953496613252;1.61583221779744;0.86335330532421;0.804381666006683;1.32958365829414;1.45320887011046
0.8;0.8;0.8;0.8;0.977023265482864;1.37471594502757;1.59481129719878;1.33881262012014;0.807399736221297;1.32207797767902;1.62116600843132;1.55145121125322;1.31266153183904;0.84420954945677;0.837455945542591;1.08579662018284;1.0081057937464;1.27863980595913;1.11600990015467;1.255172287896;1.51962225422703;1.45274973412252;0.8;0.8;0.8;0.8;1.35943411098167;1.68;0.823657617439423;0.8;0.952477665784875;1.7092811079854;9.22889278047208;0.88;0.88;0.88;0.88;0.88;0.88;0.88;0.88;0.946776561971355;1.34702856150315;1.29269180169962;1.65213964635716;1.76;1.23896850234135;0.802696783969072;1.15769251128263;1.39709482289539
0.8;0.8;0.8;0.8;0.8;0.8;0.874374613124875;1.29570815000806;0.846151898694748;1.2737901474363;1.13353130974742;1.3180190666033;1.64716497444043;0.948660918723646;1.10340974595761;1.57970210297566;1.60739918495603;1.38316132670585;0.921104596269175;1.5017077938419;1.68;1.68;1.24468537679042;0.8;0.8;0.8;1.40455106995795;1.68;0.946465389274806;0.804393178458846;0.863794934414141;1.39820177597175;1.61615571866184;0.88;0.88;0.88;0.88;0.88;0.88;0.88;0.88;1.42686267984959;1.54822549225747;1.72260158597249;1.76;1.67858998245225;0.885320764545953;0.8;0.8;0.962728983934938
0.862529131442247;0.8;0.802465203239939;0.8;0.8;0.8;0.8;0.8;0.8;1.4964465501098;1.24969161082185;0.996360122717716;1.59199781152714;1.25811753156558;0.962578103250413;1.64090419188325;1.68;0.911055721464713;1.49123857276376;1.68;1.68;1.68;1.43348283541203;0.801134230890681;0.8;0.8;1.1512536578387;17.0270536595405;5.86204099832337;1.24967851539675;0.91865816641012;1.6670163434293;1.68788518978536;0.88;0.88;0.88;0.88;0.88;0.88;0.88;0.966133102896969;1.76;1.13458436792009;1.57004218722796;1.76;1.62563968250114;1.02906572179203;0.8;0.8;1.01980827392968
1.46419870717612;1.49727037697481;1.55689674550635;1.35794954693411;1.28131305832515;0.8;0.8;0.8;0.841823824049944;1.5711068214578;1.45970167534044;0.8;1.08427206124987;1.50690102680655;0.801061849917955;1.02430483875358;1.53423193387503;0.804444867999002;1.50383961506924;1.68;1.68;1.68;1.6673662037686;1.11620371969772;0.8;1.23142440792345;8.1255933551823;34.8396954618824;33.8401646816666;14.2114280523875;1.00821057144555;1.41377189353127;1.12183857390396;0.88;0.88;0.88;0.88;0.88;0.88;0.88;1.26268790749693;1.76;1.38654433493744;1.43833355190121;1.76;1.2093675954837;1.22069235702747;0.8;0.8;0.80139146076094
1.68;1.68;1.68;1.1665348491223;1.48616515559969;1.11611256650191;0.8;0.8;1.19859186263913;1.6694598054954;0.945426401313465;0.8;0.8;0.877357089076104;0.8;0.801584395287372;1.63003004724123;0.836739453618858;1.53552742119976;1.68;1.68;1.68;1.68;1.64525370093976;1.21358430677056;1.63404810717625;1.68;28.9114404910616;35.32;2.3311924585602;0.952807573464219;0.88;0.88;0.88;0.88;0.88;0.88;0.88;0.88;0.88;1.04109187845961;1.24863218426164;1.38943876807676;1.47504549020827;1.67814467564917;1.49029597064577;1.43658681991897;0.8;0.8;1.33349357278716
1.68;1.61330008256069;1.30184975409117;0.824221834051772;1.32711372182598;1.60769732405199;0.8;0.8;0.949226119403861;1.12441596937515;0.810660654975279;0.8;0.8;0.8;0.8;0.8;0.93346148493701;0.801567965414346;1.167108843963;1.68;1.68;1.68;1.68;1.68;1.68;8.10136302660287;11.9936848309771;31.7725956771421;26.2876743090333;4.11490373446712;1.55270958798399;1.63873371848249;0.884845177455805;0.88;0.88;0.88;0.88;0.88;0.926317576700361;0.926207982172737;0.88;0.88;0.992190495166921;1.61492430452388;0.978008940468348;0.980960983846758;0.867833837049344;0.8;0.8;0.847856288949059
1.68;1.58400300895167;0.919410894356619;0.828195828872039;1.17676561904059;0.894647376774735;0.8;0.8;0.991325417365912;0.821144466404772;0.8;0.8;0.8;0.8;0.8;0.8;0.8;1.12051942113087;1.0046524068841;1.18855788372972;1.74279813221605;22.2751073945461;5.44372256905968;5.42787621740105;18.5783458888492;24.8366421120617;34.0103980003516;29.2884106162361;26.8547605575034;13.6262714945076;1.52190602029227;1.76;1.58582218717124;0.920258321644578;0.88;0.906393477903227;1.00586558038238;1.05328967149395;1.57625452490161;0.950688645104902;0.856569347740361;0.874640833790543;1.22992446289908;1.62225095051493;1.65172517301033;1.32963590411921;0.8;0.8;0.8;0.8
1.6773968532448;1.68;1.21306737311995;1.17342022259884;1.53603030754721;1.47243587971032;1.17184110390436;0.827808593481115;1.59886248227306;0.964340745472254;0.8;0.8;0.8;0.8;0.8;0.8;0.8;1.14835262166037;1.65341102661268;1.20250408133392;1.15265800964338;30.7612648264481;32.7638274214035;15.1062212437435;0.8;6.72632979172636;4.79398287889924;0.8;2.83842189042104;0.803403095338121;1.09036553185847;1.51168626972533;1.76;1.53484620056535;0.976718621137784;1.48355687089676;1.62482718102179;1.65911731706423;0.884412949248944;0.76;0.763992401358922;0.760051095854444;1.07354380312258;1.22801623833724;1.36055239116913;0.985025223937448;0.8;0.8;0.8;0.8
1.41574025570069;1.68;1.46130971359923;1.61942571728033;1.27284129441583;1.68;1.68;1.23048067922426;0.853750539525083;0.8;0.8;0.8;0.8;0.8;0.8;0.8;0.8;0.800124006369412;1.52724185736404;1.41059891431293;0.92528485578042;4.95798451282749;7.5255337308954;1.96189339454765;0.917682773623635;0.8;0.8;0.8;0.8;0.8;0.874333578761853;1.07673170191833;1.76;1.76;1.66347016516853;1.75558673364145;1.76;1.59973016550357;0.761662461446294;0.76;0.76;0.785577722707763;0.912683933048509;0.98632683155879;0.801110899944319;0.8;0.8;0.821099170029206;0.8;0.8
0.897862561397421;1.68;1.59891316362087;0.872184678518338;0.8;0.895555490712281;1.18195820976207;0.900748466976453;0.8;0.8;0.8;0.8;0.8;0.8;0.8;0.861639940041573;0.8;1.28385613097959;1.68;1.15330454383267;0.8;0.8;0.8;0.8;1.55160759545412;1.51643707772975;0.9998042913036;0.918695423629228;0.893625668051396;0.8;0.838783543691163;1.42362633564782;1.76;1.76;1.76;1.76;1.72047349707917;1.05959311114559;0.766516512244105;0.76;0.76;1.2082521734227;1.5194408242355;1.214273720251;0.796713479471204;1.23346030792898;0.976936613980992;1.57901644358133;0.8397087308229;0.37379001634586
0.992846184172088;1.67458287127606;1.6107183418753;0.970368734913426;0.8;0.8;0.8;1.17881291128125;1.13709977346128;0.843533431045879;0.8;0.8;0.973200547638861;1.26957135058094;1.59332545590257;1.36796471026634;0.8;1.14267928081322;1.15370620576469;0.834527763204169;0.8;0.8;0.8;0.930883669534502;1.68;1.68;1.53458430550855;1.57971153157018;1.60569080950655;1.37049381371949;0.811480833501258;1.21122879281152;1.76;1.76;1.76;1.75062018732866;1.34548029847804;0.858228714881791;0.76;0.76;0.76;0.76;1.03672725942468;1.102247968439;0.8;1.18902299100785;1.06426572888986;1.40003127934879;0.897975196769226;0.569060416840039
0.8;1.4098616288761;1.64789113404939;1.25783549969792;0.8;0.8;0.932913189102459;1.62844197367122;1.68;1.67660951481592;0.88477724518425;0.8;0.879284471374847;1.35497209399225;1.60618438397175;1.35419842701335;0.898815267939948;0.8;0.8;0.8;0.8;0.8;0.8;1.02299443217306;1.63692414524106;1.48767129734638;0.976438637623262;0.900141698937176;1.45267447381107;1.68;0.925485735468875;1.316888267383;1.72831021806717;1.37231742155469;1.05354042585669;0.910824803747982;0.88;0.855283525368923;0.760888912422393;1.03629610081664;0.76;0.888758077303658;1.42369433607912;0.893770428853011;1.20408943478625;1.48127527519505;1.58689987273377;0.600468002575023;0.26515316806044;0.436686704540616
0.8;0.8;1.47550940746823;1.68;1.41718272287265;1.55246010516761;1.67257576800715;1.68;1.68;1.64755776309129;1.56024218670723;1.19938711045366;0.837532230451282;0.920355265911996;1.52189303042597;1.65149800108193;1.60586831061601;1.29747231956606;0.807346629711072;0.8;0.8;0.8;0.8;1.19867691519919;1.56;0.903846814490564;0.783325783336544;0.8;0.943104094477569;1.3815891127461;1.52363063552935;0.915596090879241;1.05644720888616;1.51171780753751;0.967610498459476;0.88;0.88;1.03921074586947;0.801037529271625;1.52801475861878;1.22225495162309;1.53322393805068;1.09717814797717;1.24820457272954;1.39654535238468;1.52665737273192;1.6335210242567;1.14620908231091;0.218270086416599;0.689759793430611
1.22590944960807;1.37929740115618;1.61503645134888;1.68;1.68;1.68;1.68;1.531034182634;1.39407928531447;1.12705032827425;0.989718062665595;1.04072550524905;1.0081981778679;1.51505309919883;1.17241765935175;0.896757731877733;1.68;1.40591852499115;0.8;0.8;0.8;0.797911485572811;0.778960551365055;0.952766305745353;1.45016401892302;0.919076009066308;0.760714672319465;0.788121534252877;0.8;0.904850312850581;1.3548615463207;0.836887527659539;0.760574662454425;1.1967253076937;1.53426416028131;0.88;0.960210423232499;1.62595902112486;1.53700894393024;1.56;1.56;1.56;1.59911860733067;1.64;1.63903406055546;0.961014437717167;1.41121956582328;1.6292272093951;0.613027696619928;0.8
1.59796523200542;1.68;1.68;1.68;1.68;1.68;1.66458883894775;1.12589650493894;1.00646887897011;0.815332865710764;0.8;0.8;0.815435037498261;1.15042609257303;1.62776794713953;1.0670186266489;1.24381095489921;1.07786720386119;0.781454967960077;0.797875722893506;0.8;0.774192197006942;0.76;0.764302621260783;1.0049641989061;1.42762962092292;0.861502354171301;0.765836589478798;0.792171270401954;0.8;0.796650228626867;0.764153675460059;0.76;1.07915110576485;1.69184641698241;0.963941740140622;1.16543996582915;1.54140336386333;1.56;1.56;1.56;1.56;1.56;1.6102146674007;1.20442303758589;0.8;0.838925882491314;0.832952952553658;0.8;0.8
1.38693566231094;1.68;1.68;1.67591521201683;1.6736379405341;1.68;1.35940874656299;0.8;0.8;0.8;0.8;0.8;1.42976997247898;1.02262981571002;1.41432094599791;1.53339558722141;1.55053617990445;1.16875407473216;0.76;0.768610808254904;0.772186078486858;0.760005924882585;0.76;0.76;0.76;1.01704261921524;0.76;0.788064738983648;0.762757156308738;0.886860965164904;1.03486879535434;0.76;0.76;1.15318241082881;1.6635385350994;0.997765848102802;1.00365983380444;0.860710447102685;1.02159986729428;1.56;1.35961560505387;1.33585312142421;1.56;1.59005137755051;1.19892792553323;0.821356862804014;0.8;0.8;0.8;0.8
1.64043738908732;1.68;1.63364082620284;0.942967623654975;1.51311680601733;1.25382534038114;1.25688837389369;0.800522937277667;0.8;0.8;0.8;1.07296348777716;1.29810468107411;1.25321335123219;0.929675459091784;1.54551447243047;0.903396070269445;0.860700672254188;0.76;0.76;0.76;0.76;0.76;0.76;0.76;1.44720164250303;1.08372814113;1.34520634495475;0.977430610688231;1.48323629345562;1.46323256119729;0.877941629341473;0.76;0.794437325855741;1.84502160079979;9.09707489368389;0.85015960136249;0.76;0.76;1.12929653822315;1.07184807502654;1.3412327898647;1.56;1.56414606522697;1.57905798423159;1.15127159967529;0.8;0.8;0.8;0.8
1.68;1.68;1.66616469575022;1.13277400458355;1.04597809796112;0.851357041850263;1.10234691131236;1.00226582983733;0.81845139777539;0.984712344538252;0.8;0.831964275287297;0.815310471386617;1.39270154601337;1.13566861778313;1.67672413095971;1.26972219749593;0.76;0.76;0.76;0.76;0.76;0.76;0.76;0.825064296943469;1.48955660927277;1.56;1.56;1.22748403936616;1.54667224394903;1.52334442695818;0.977360179887623;0.76;0.923835704721254;8.18941134442849;23.0233417283664;0.959240024041787;0.76;1.06711746110243;1.56;1.56;1.56;1.56;1.56;1.56;1.53429928252032;0.95186889986948;0.8;0.8;0.8
1.68;1.68;1.68;1.6693445246323;1.50675131414326;1.48175624676365;1.63442747038753;1.68;1.52826064332706;1.51015799803322;0.911067584179042;0.909726688351762;1.12194703881381;1.68;1.68;1.68;1.68;1.1387948438115;0.76;0.76;0.76;0.76;0.76;0.88398375931013;1.18810419335025;1.56;1.56;1.27042220421244;0.811140187387509;1.02257431351907;1.49072432138363;1.29575785357471;1.21871220804491;1.41059472336272;6.04048588392634;14.698727102777;0.76;0.854808791041455;1.37223250329124;1.56;1.56;1.56;1.51593716682958;1.46183709882124;1.56136483456081;1.37853631460425;0.888461928049633;0.8;0.8;0.87982422317405
1.68;1.68;1.68;1.68;1.67910914759025;1.66465407654385;1.65703687291844;1.67705411201153;1.68;1.47568754101878;1.68;1.42403708534463;1.05544566048605;1.13178608493643;1.49961713099677;1.68;1.68;1.62846384869484;0.864921463149009;0.760289246338866;0.76;0.76;0.76;1.3003109815805;1.55073823477942;1.0697979732502;1.28496354418954;1.29907995107319;0.76;0.76;0.766140181146106;2.58607468603774;0.873982422440313;0.79169688590966;3.74687039898465;15.3757105390816;4.2422662649842;0.891737544452762;1.02029022535615;1.52293944941717;1.56;1.56;1.02616243165151;0.819491107382119;0.847582462805323;1.34829494234611;0.830432969539859;0.8;0.850618711734889;1.13680605939123
1.63359318673876;1.61227001480833;1.59175690964595;1.5712488051611;1.59643643853206;1.58133871030575;1.56198437476319;1.5820724970411;1.59156339595885;1.63328034360304;1.67757221887769;1.68;1.27894518949942;1.33941945340931;1.64536834015112;1.65572692609839;1.68;1.4106626432661;0.810314653942071;0.762416046650274;0.76;0.76;0.76;1.12271044547513;1.20011758088795;0.76;0.76;0.776703084368784;0.76;0.76;0.876691072805059;15.7792529097902;8.4958506593237;9.91963209905793;12.2180139117154;18.955732682863;6.02355266040565;1.10094159494034;1.30122007148444;1.21717607242433;1.49053682503049;0.883239088038096;0.761222694319373;0.846700863329773;1.05034912592929;1.56;1.41975727589806;1.54309781156164;1.64;1.64
1.56;1.56;1.56;1.56;1.56;1.56;1.56;1.56;1.56;1.56;1.58526818665238;1.66830982936768;1.68;1.6268437599053;1.39784115806885;1.03591813813598;1.10987335056087;0.882134765458445;0.769749909731922;0.76;0.76;0.76;0.76;0.764243528119828;0.78410241265583;0.76;0.76;0.76;0.76;0.76;1.31987002995815;14.6038864572902;20.2221635084001;17.8914272702292;15.3443982334629;14.6324867705286;0.9502371909687;1.38959360866316;1.49558219451673;1.41933685411558;1.35550851956569;0.76;0.77799396178296;1.38784087858768;1.49620702798694;1.56;1.57603976935456;1.64;1.64;1.64
1.56;1.56;1.56;1.56;1.52510312424786;1.48659256438827;1.56;1.56;1.56;1.56;1.56;1.57262773155149;1.57010751640764;1.2782073223968;0.832973635818251;0.76;0.76;0.76;0.76;0.76;0.76;0.76;0.789037636624482;0.905606802222766;0.76;0.765123351269261;0.76;0.76;0.76;0.82970463364223;1.29417705880703;1.56;3.5413521737795;18.6692444622275;19.3314748715645;13.833312765409;5.86325835536369;0.858332994385244;1.39203438094813;1.56;1.52745414714287;0.994686606836263;0.963399251770228;1.56;1.32609053962857;1.14659656311758;1.36483483357033;1.64;1.64;1.64
1.22919058585119;1.15958288911875;1.35259126199593;0.867161979802884;0.762316847451031;0.840177476021902;1.04477194572569;1.53482414675947;1.56;1.56;1.56;1.56;1.43939222384933;0.776430722921329;0.76;0.76;0.76;0.76;0.76;0.76;0.76;0.763844530627589;1.28930893093124;1.5260231545933;1.51651153857633;1.50538273912291;0.789592712923197;0.76;0.76;0.845121037743608;1.44022091785156;1.56;1.56;10.9799850605864;13.3127692933737;9.72681717417239;19.5075653841203;0.76;0.874859440642552;1.50886325605947;1.56;1.483486010281;1.20695293396888;1.36056515224945;0.864797819269282;1.16283923460823;1.64236972275396;1.91003933128254;1.87692087120195;1.67072875693489
1.28550308048911;0.76;0.76;0.76;0.76;0.76;0.76;1.40890735440352;1.56;1.56;1.56;1.56;1.37530192650575;0.76;0.76;0.76;0.76;0.76;0.76;0.76;0.76;1.06560474870223;1.56;2.19894538844568;21.8475920961067;9.75947787254112;1.31558817740961;0.833124366547269;0.799549566353126;0.97178644800285;1.52764540609118;1.56;1.56;1.33035931952577;4.18605449097665;18.701203733563;22.7339919378279;1.08876733909511;1.43017951690115;1.55450545331091;1.5388948793303;1.56;1.55274368940511;0.77425832980235;0.775017482667542;1.09298500972209;1.71424893157042;1.8953896760681;1.96;1.47442411054544
0.87487043870229;0.76;0.76;0.76;0.76;0.76;0.76;0.849544163004289;1.11946410119761;1.27422330800258;1.29954194450539;1.55144533655626;1.03214270721248;0.76;0.76;0.76;0.76;0.76;0.76;0.76;0.884664822203819;1.20479238486753;1.56;13.1394141485773;12.641088081112;12.2862601925473;1.56;1.53108558115885;1.47286466560175;1.52510983885647;1.56;1.56;1.40500603579978;1.08356929720389;1.28464692802625;2.71667462306301;7.47407273532059;1.56;1.42293156857856;0.791032855454832;0.940708492475178;1.01640506017363;1.05144185203851;0.76;0.76;0.76;1.03419085069607;1.48565215828931;1.64486561281697;1.15281666410525
0.76;0.76;0.76;0.76;0.76;0.76;0.76;0.76;0.76;0.894110633354123;0.771132424785219;1.43962941900083;1.15192324177918;0.76;0.76;0.76;0.76;0.76;0.76;0.789874493683167;1.42537789560325;1.56;2.84196221316904;12.7749569310308;12.8542946170138;23.32;3.0736703433603;1.56;1.56;1.56;1.56;1.56;1.22968239906337;0.769300430194475;0.787975197070677;1.20671237705803;1.56;1.48997335939323;0.951919482010366;0.76;0.76;0.76;0.76;0.76;0.76;0.76;0.817222933892129;0.905736242447965;1.06480305347967;1.48039944627949
0.76;0.76;0.76;0.76;0.76;0.76;0.76;0.76;0.763336303758792;1.47074932507645;1.35857094862572;1.4226301488746;0.954927931805492;0.76;0.76;0.76;0.76;0.76;0.76;0.998267844341695;1.56;1.56;16.1467083088072;6.65472325148974;11.7846105758696;16.045661595389;2.72952426457379;1.06093390404752;1.50222930306748;1.56;1.56;1.56;1.51044745244602;1.01372518801086;1.23256981236022;1.17770061472092;1.04190213194528;1.12842359813779;0.928045577344756;0.76;0.76;0.76;0.76;0.76521957195033;1.16509814135339;1.11793645074777;1.34980356682322;1.07759205465172;0.93723413083792;1.50961578027894
0.76;0.76;0.76;0.76;0.76;0.76;0.76;0.767339575861581;0.780198025458594;0.88454454726353;0.970663467277421;0.76;0.76;0.76;0.76;0.76;0.76;0.76;0.76;0.823498312171992;1.09020841421836;1.27029588451982;1.20270694521251;9.93149309835616;15.0072022578636;6.85706054830875;1.16849333659021;0.874261707170876;1.19506314878681;1.56;1.56;1.56;1.3523651969351;0.989600953095526;1.56;1.56;1.04401597964113;0.92592581003366;1.15267462129223;0.915912052040331;0.76;0.76;0.76;0.76;1.14141578001577;1.56;1.56;1.51184206746635;1.26500940124804;1.44695582936191
0.76;0.76;0.76;0.76;0.76;0.76;0.779059619170287;1.53051071670465;1.37455911243039;0.940459077737111;0.76;0.76;0.76;0.76;0.76;0.76;0.76;0.76;0.76;0.76;0.76;0.942493838255147;2.96060734618254;14.3478480660412;2.06470659209798;11.6315623025045;0.783109513173811;0.7776865871897;1.26206621102277;1.56;1.56;1.51403573944216;0.696583214456721;1.42733425142674;1.56;1.56;1.31387020934786;1.26226891290156;0.897779890304346;1.08416448341403;0.779102172331556;0.76;0.76;0.76;0.76;1.32697746840371;1.56;1.54211128560305;1.41082305973453;0.991386009837318
0.76;0.76;0.76;0.76;0.76;0.76;1.00716187196999;1.55693732103781;1.56;1.01329228522433;0.76;0.76;0.76;0.76;0.76;0.76;0.76;0.76;0.76;0.76;0.76;0.76;0.761226090245603;1.29118890779587;1.56;14.2355412826203;3.39902485844987;1.26748088569669;1.56;1.56;1.56;0.857747652562762;1.10139632703775;1.56;1.56;1.56;1.36951592956481;1.41195276384428;0.920541200409681;1.49267483420642;1.42102717452623;0.799362914788024;0.76;0.76;0.76;0.896975679109901;1.44233100558287;1.56;1.55880121344592;1.59152177848434
