2;2;2;2;2;2.00026876524203;2.15400334391594;2.16;12.7400250523872;2.16;2.16;2.16;2.16;2.16;2.16;2.16;2.16;2.16;2.22906193027841;2.31758480894563;2.32;2.32;2.19051758183021;2.32;2.27855992515481;2.12387996202049;1.63550657609948;1.66297171610501;1.2;1.27501328210218;2.16380169934187;2.32;2.32;2.32;2.32;2.32;2.32;2.32;2.32;2.32;2.32;2.32;2.31201143358798;1.48205226631612;2.07675053089447;2.32;2.32;2.32;1.91588192737542;1.23083499111913
2;2;2;2;2;11.4078091299189;18.3739831310983;7.10736927346885;35.1197397275753;3.07066472544285;1.3274514003214;2.10797318462709;2.16;2.16;2.16;2.16;2.16;2.16;2.16;2.22622564295631;2.32;2.14578697823888;1.31124869502152;1.91334727580017;2.32;2.32;2.32;2.30941268456366;2.0160053342099;2.04734410884024;2.32;2.32;2.32;2.32;2.32;2.32;2.32;2.32;2.32;2.32;2.32;2.32;2.32;2.07825540882041;2.22530857534638;2.32;2.32;2.32;2.32;1.46111618776619
2;2;2;2;2;29.1603723455993;44.27711368034;26.3532177412809;5.78642631608915;1.04;1.04;1.85735875671465;2.16;2.16;2.16;2.16;2.16;2.16;2.16;2.16507270507611;2.44248792576936;2.2443056567024;1.2;1.95781961520314;2.32;2.32;2.32;2.32;2.32;2.32;2.32;2.32;2.32;2.32;2.16085361490179;2.12404456581138;2.32;2.32;2.32;2.32;2.32;2.32;2.32;2.32;2.32;2.32;2.32;2.32;2.32;2.13302430061792
2;2;2;2;2;15.223899975128;32.9106869608907;8.96779565524897;1.20005723872703;1.04;1.04;1.64301389187495;2.16;2.16;2.16;2.16;2.16;2.16;2.16;2.16;2.72693729760369;2.33099385064095;1.2;1.75438890853338;2.32224421282823;2.32;2.32;2.32;2.32;2.32;2.32;2.32;2.32;2.32;1.52011690472126;1.21164055556351;1.85534354841691;2.2962939159151;2.32;2.32;2.32;2.32;2.32;2.32;2.32;2.32;2.32;2.32;2.32484297029136;2.32
2;2;2;2;2;3.72527538002356;11.4656692101041;1.73293236552437;1.716550118801;1.04;1.04;1.9078562949162;2.16;2.16;2.09870703803375;2.15391122061158;2.16;2.16;2.16;2.25944279010091;2.97261605934806;2.25195253328134;1.2;1.56942869613017;2.53741721887741;2.36552274776413;2.32;2.32;2.32;2.40871434570009;2.4590357078963;2.32;2.32;2.31522705725714;1.5029859738514;1.2;1.2;1.54008118058844;2.19948819156993;2.22141946841053;2.2516732791873;2.32;2.32;2.32;2.32;2.32;2.32;2.51653151177207;2.70260328524662;2.3678529964793
2;2;2;2;2;2;2;11.5524905291805;4.91874458876177;10.8078276814805;8.65018058518067;1.93511138252497;2.16;1.75128293252251;1.16;1.87252536890527;2.15580611481098;1.99646392086055;1.80298314214963;2.60334202044754;3.2;3.08359365790823;1.2;1.2;2.46516300421251;2.51891965703527;2.32;2.37310091311538;2.70407263397146;2.99255165096643;2.87802684178278;2.32;2.32;2.31018539854661;1.23362099702805;1.2;1.2;1.2;1.61024395083191;1.66425606173463;1.39690263874368;2.05484006029266;2.32;2.32;2.32;2.32;2.36424787565602;2.84727607143122;2.92;2.85719159032932
2;2;2;2;1.99886458279086;2;1.81563264146559;19.4863306109121;22.8022555710344;23.0571476492877;15.2637070480753;2.10903246845386;2.15931424951316;1.46375017802705;1.16;1.20224177205283;1.21257492139353;1.16579211171627;1.19839811744644;1.78840980254114;3.2;3.2;2.22547132990727;27.6987624593906;31.0164240116918;3.51349249949284;2.32;7.22189203757199;3.2;3.2;2.89290224349748;2.32;2.32;2.18589066178351;1.26709510293317;1.2;1.1732650077181;1.2;1.68976044247423;1.59017071332385;1.2;1.61592112323596;2.502300044426;2.59979105748165;2.44926496248902;2.57271097062132;2.75420537562042;2.92;2.92;2.92
1.90745550104064;2;2;1.7575497794414;1.15789243314077;1.66863193469616;2;4.13056776474122;24.8318877393245;31.6215365631045;7.68270182039101;2.12949124304019;1.90212891935321;1.18826336245216;1.17148272529178;1.16;0.912726358140311;0.730465049041655;1.2;1.48921428245598;3.2;3.2;3.2;57.8559237911355;78.0141389321139;16.8750617801395;3.41811532268487;47.3552654587453;8.46735388438124;3.2;3.12998464756377;2.33944421457248;2.32;1.96085571147828;1.2;1.2;0.678813450002996;1.2;1.7785735261558;2.26209663629923;2.20338987501897;2.23898790088792;2.90982351666669;2.92;2.92;2.92;2.92;2.92;2.85869070615261;2.79535367957795
1.14282546840811;1.687328019533;1.83390825712141;1.07549167653241;1.04;1.04;1.19282159495741;1.04233597261954;12.7072901200238;23.5974088690858;2;2.06208855991179;1.30034056750723;1.18751671988098;1.19040312535954;1.16;0.586381600925001;0;1.10298877393401;2.63753922578537;3.2;33.6293519884019;33.4179076583477;55.1800721177187;76.987928333064;57.0383669075259;60.891204810414;60.4720541778988;34.824401103223;28.2543011436745;3.2;2.48426323676491;2.32;1.39501707377172;1.2;1.02067028074081;0.155176739475759;1.18652199124941;1.2;1.65406135863102;2.92;2.92;2.92;2.92;2.92;2.92;2.92;2.92;2.22465687377119;1.7561324825062
1.57333495906749;1.31060383486881;1.08255696569501;1.04;1.04;1.04;1.04;1.04;1.08135470101315;1.19162695261074;1.37581718838555;1.18456315174476;1.15707572200786;1.18485383035134;1.19802749227358;1.10508127509339;0.0650303052202817;0;1.85439749787886;3.2;3.2;61.6176255530227;77.2735238938085;78.56;78.56;78.56;78.56;75.6483272522105;70.9216008681605;48.2411590328704;3.01382891238085;2.91895436422026;2.01396810485382;1.24297030631373;1.2;1.15310935790017;0.578336213965807;0.371678237872612;1.06783012960504;1.67468141789638;2.91468693031808;2.79152944252007;2.89856237258921;2.92;2.92;2.92;2.92;2.92;2.87277483890746;2.40614018479567
2;1.89362748713276;1.51473899469847;1.04;1.04;1.04;1.04;1.04;1.12043265973828;1.2;1.18643322787872;1.15133443728289;1.18480284439114;1.2;1.2;1.19502904404603;0.492451967840273;1.75497227549582;2.80063889262569;3.2;3.2;6.172599409616;49.8982093711257;78.56;78.56;78.56;78.56;78.56;78.56;62.3854674059722;4.36006134541709;3.2;1.76676945428771;1.2;1.2;1.18416023174282;1.19369661277942;1.48400732730586;0.852209679904953;0.897758606894581;0.668118924234435;0.224007308857888;2.13036372055761;2.92;2.92;2.49289751771614;1.3890472486591;0.829587580840476;0.305030845017545;0.2
2;1.79192130317986;1.04;1.04;1.04;1.04;1.04;1.04268904155288;1.16536797266752;1.2;1.2;1.2;1.2;1.2;1.2;1.2;1.35120167554107;3.0068533969833;3.2;3.2;3.2;3.2;57.0164197166408;78.56;78.56;78.56;78.56;78.56;62.4459637139822;30.7762216169644;3.2;3.2;3.00236657570566;1.73672031969744;0.777942563698348;1.19030372848054;2.22993286887705;0.768267351537875;0.611448776132866;0.2;0.2;0.2;0.319412483507357;1.51851926515713;1.66024686278193;0.549322253955835;0.2;0.2;0.2;0.614424795757979
2;1.98447786302606;1.43071048574084;1.04;1.04;1.04803360592648;1.13588837395628;1.19365583418496;1.2;1.2;1.2;1.2;1.2;1.2;1.2;2.41382482008966;2.89430173872502;3.2;3.2;3.2;39.5240879042738;68.8155212176906;75.2231756016585;78.56;78.56;78.56;78.56;53.161840280048;71.3162149912568;5.60840850504786;3.2;3.2;3.2;3.14200286390412;3.2;3.2;3.19423674374033;0.749903762080723;0.219877308317184;0.2;0.2;0.2;0.2;0.204184805351364;0.2;0.2;2.7768202974643;29.7761487321882;11.6598720456432;2.92
1.97864608108439;1.80784784231819;1.16945006304522;1.04;1.16163147156208;1.19899641437698;1.2;1.2;1.2;1.2;1.2;1.2;1.8724246919746;2.33834447520791;2.792238231118;3.2;3.2;3.2;3.2;37.2748706824267;74.6490080902557;57.5660595977237;6.32789255930167;78.56;78.56;76.4987716345519;28.3298662010031;19.615682639886;60.3663812692676;18.7566191357935;3.2;3.2;3.2;3.2;3.19864927824886;3.2;3.02658508991497;0.131651388027333;0.155703640876113;0.2;0.2;0.2;0.2;0.2;0.309342147550398;1.53821094717096;2.86087921485715;43.2273874510546;38.3294164647152;5.45047870877921
1.25645734951148;1.04;1.04;1.04;1.15689515907634;1.2;1.2;1.2;1.2;1.2;1.2;1.22500182986015;3.09050781422348;3.2;3.2;3.2;3.2;3.2;3.2;3.26330286616246;22.0087270250627;20.8051846756686;1.28105937327676;70.3224904295609;78.56;67.1756586192013;56.4177430332036;70.3644974916393;11.9204392303598;4.91393633524236;3.2;3.2;3.2;3.09647824369142;2.8840279696084;2.52624290077272;1.93647870405228;0.285232047342491;0.2;0.2;0.2;0.2;0.2;0.2;1.24328780178265;2.92;2.92;19.8073635141229;68.53532464873;57.3827321816282
1.04;1.06408013396664;1.04396497951596;1.04017983132921;1.12699095468484;1.2;1.2;1.2;1.2;1.2;1.2;1.2;2.83733568657655;3.2;3.2;3.2;3.2;3.2;3.15392571325558;1.64681436686371;1.2;16.7266037980087;41.2306403469617;72.3359330016589;55.1708805661124;8.72972934845962;6.00819883922357;20.6691623425814;3.2;3.2;3.2;3.2;2.9685045729368;2.117420533818;0.270612318689004;0.2;0.2;0.2;0.2;0.2;0.2;0.2;0.2;1.02466544205688;0.352805317245368;1.4872531291315;1.71097908221037;4.93434744302636;10.7380584571979;11.8844949320699
1.04;1.1590595662104;1.18308736244574;1.70744427139524;1.24840839358753;1.2;1.2;1.2;1.2;1.2;1.2035030689402;2.22513623572812;3.12391166738971;3.2;3.2;3.2;3.2;3.2;3.2;3.14307074705068;5.78512495645407;66.3884065624633;60.8633284230608;78.171429296797;37.2544734120354;3.2;3.2;3.2;3.2;3.2;3.2;2.87957453152968;0.379073203427999;0.2;0.2;0.2;25.0811092726865;18.6757775850769;0.533412073400058;0.2;0.2;0.2;1.42540062309034;2.78107900433271;0.990707702808082;1.921807973874;2.7862194141956;25.3364347194121;45.6285998531053;25.2078899236202
1.04;1.37798426371985;1.74204360541655;3.19890498975132;2.62308598837374;1.2;1.2;1.2;1.2;1.2;1.2297992774594;3.04774313422195;3.2;3.2;3.2;3.2;3.2;3.2;3.2;3.2;38.6924372512997;78.56;54.4105677433555;36.6707800599573;14.0838344379444;3.2;3.2;3.2;3.2;3.2;3.2;2.92144381246077;0.936181539994749;0.873065690241009;7.63334911912821;44.4472354202629;67.4864063328871;33.1244006316142;2.73817471819326;2.28374030309318;1.4966687150244;1.30416902761629;2.92;2.92;2.91161179855586;32.306590702337;65.2504164033671;69.6;69.6;69.6
1.98482133352468;3.12146168494831;2.98805447135557;3.2;3.16795030424837;1.24592192637734;1.2;1.2;1.2;1.2;1.42500401208768;2.79741316717102;3.2;3.2;3.2;3.2;3.2;3.2;3.2;3.2;5.95082111847695;54.1542979744261;78.56;78.56;28.2396054131243;3.2;3.2;3.2;3.2;3.2;3.2;3.2;3.19801230905009;2.92883712668773;2.94211580689432;18.0277282323005;69.6;57.2146019537448;2.92;2.92;2.79395824403872;2.66307926397312;2.92;2.92;3.41519134975638;31.2796530971906;69.6;69.6;69.6;69.6
3.2;3.2;3.2;3.2;3.2;2.44935832343574;1.2;1.2;1.2;9.60556630740102;2.879761717254;2.84564209507537;3.2;3.2;3.2;3.2;3.2;3.2;3.2;3.2;3.2;17.3340334905406;76.017560085681;78.56;41.9088468064094;3.2;3.2;3.2;3.2;3.2;3.2;3.2;3.2;3.00583006379615;2.92;2.92;43.7151310054588;20.1236284965113;2.55790068174518;2.87429309979301;2.47206935329735;0.528012239466048;1.94203742474037;19.842559528942;54.358325836659;27.9191137369084;69.6;69.6;69.6;69.6
3.2;3.2;3.2;3.2;3.17320106070882;2.20575770492915;1.2;1.2;1.2;42.9799799248576;53.1588466598195;45.3050582116257;47.1195492993115;3.2;3.2;5.59845576294804;43.5410177958636;3.68836475233009;3.2;3.2;3.2;18.2247178216469;78.56;78.56;25.6521170918357;3.2;3.2;3.2;3.2;3.2;3.2;3.2;3.12808510090111;3.18826359305012;3.00822904371364;2.88087023453958;2.38504600700513;2.02257168804896;1.99433701517225;1.45129406387215;1.27869545966904;0.682480622893673;0.898035035825576;7.54273701819037;67.7271753437676;69.6;69.6;69.6;69.6;69.6
3.2;3.2;3.2;3.59426569379668;43.1074973151171;44.196018998682;3.98032940170658;1.2;1.21578696932093;44.2001180962188;67.8;61.7879155055813;62.4018546294488;3.2;30.993215191555;119.798289397332;197.512962657339;144.493492895117;21.0211041370525;3.2;3.2;4.24063062578763;31.0666327252669;67.9070028206172;9.27350989231621;3.2;3.2;3.2;3.2;3.2;3.2;3.2;3.14128957589256;2.44404110532427;1.42450047581676;1.86478488107932;1.2;1.2;2.2175268098521;2.92;2.84933191189853;2.31669902048074;1.53661463052898;2.72899411005739;56.4897365877367;68.2806099755456;69.6;69.6;69.6;69.6
3.2;3.2;3.2;15.1901145837285;41.7314422895128;61.3856866199158;45.4382400495395;35.9164157735621;27.9346027834298;66.0855793411916;67.8;46.8093140467003;191.282173424284;70.8082441284517;194.241992765;160.871085457348;32.6366212866522;22.2863932400814;3.2;3.2;3.2;3.2;3.2;3.2;3.2;3.2;3.2;3.2;3.2;3.2;3.2;3.2;3.2;1.91323656751775;1.2;1.2;1.2;1.2;1.76933564436119;2.55293220095536;1.49389495237459;0.942580088093095;1.64930037016566;2.92;4.77713843872434;48.302978023941;69.6;69.6;69.6;69.6
3.2;3.2;2.97441281175101;1.83976443651462;1.2;9.21406867241387;67.8;65.6120469206097;66.2869394668103;67.8;67.8;120.366719776927;219.192873461392;218.501946038914;83.7580110102112;99.0471719190011;42.2733711593374;39.7625359906144;3.2;36.5321910971785;105.77709913641;149.478508522646;42.2386385962963;3.2;3.2;3.2;3.2;3.2;3.2;3.2;3.2;3.2;3.2;3.0963411986247;1.47841852199915;1.2;1.2;1.2;1.2;1.23496869231069;1.2;1.2;1.30270033222409;8.56175124776123;26.9968822404052;69.6;69.6;67.0628581350884;63.0138202141434;42.4111276411945
3.2;3.2;1.98711915127933;1.2;1.2;9.41357851113055;65.590819804404;67.8;67.8;61.5426803374214;131.532088597438;226.966478089157;150.089029491197;9.74322413686104;3.2;162.543621516411;224.331213519611;181.649592771642;35.6899421316239;169.73177170535;228;211.155406845093;7.41663358081206;3.2;3.2;3.2;3.2;3.2;3.2;3.2;2.69247416212275;3.11564183171384;3.2;3.15841731075085;2.36177914886963;1.26410219230147;1.61362551981753;1.96711073736665;2.33359816047698;1.833556918594;1.69722558889902;19.5354539635512;12.4808374101302;40.8949156350861;67.3374061727385;69.6;69.6;44.5720488879376;7.4324422469394;1.09320850146055
3.11050586416833;3.2;2.30584372253008;1.2;1.23046095477434;10.7762691738578;41.06295260774;67.8;60.2950911006411;18.7998442166325;192.452524790285;228;178.374767867742;115.898793111005;3.2;12.2394190792259;53.1290147172726;114.782093195152;178.840477827591;228;228;206.901767468727;46.8737076825447;3.2;3.2;42.5847994980294;51.9318417450514;3.2;3.2;3.2;2.10182117943186;1.54516758755392;1.39345299021807;2.38131014122255;2.57825622939745;2.18212611450024;3.083030220206;2.92;2.92;2.48240452192297;2.14424455135143;58.5763863607993;53.3823680988106;35.8622934554827;69.5647973736116;68.8900989271499;69.6;40.568008307713;0.12;0.333561895567158
1.38396878339497;2.92204061286684;3.13703116429739;2.51832406007351;1.31406086848734;2.88693404159974;5.30682862941901;23.8733966700793;36.4084631165683;20.1642399094965;213.320273851302;228;228;64.3165371654272;125.584340280457;102.799806561852;39.166290996405;10.6989151384239;54.2328152208017;228;228;228;98.6214409244694;3.2;29.8280316257231;214.858874842419;175.172833838749;3.2;3.2;2.41927920723113;1.27954255977878;11.5500766571951;32.0361602838986;2.92;2.90276829518161;2.97741509430882;3.19082375876569;3.15297714419486;3.00217014988244;2.92;2.92;7.29137450236329;6.13331590958521;13.6932594730642;9.61679967573767;12.4422006816824;16.3495551009929;3.1959671989897;0.856132376153441;1.11935489709055
1.31304173539691;0.903909896198762;2.20845891343565;3.2;2.29336642720315;1.43298414141137;1.59640374020853;3.13011552298732;3.2;3.2;188.89705631355;228;228;223.938984668317;228;228;228;191.140785060647;219.181873425666;228;228;228;164.82473113107;116.246787753713;58.8143506647439;178.130143646688;80.2648711556112;3.2;3.11275085356966;1.54834006370896;1.2;43.836126107244;40.5701341080428;2.92;2.92;3.148430303004;2.87817757319668;2.76470644739078;3.1892327395156;2.96296493326524;2.92;2.92;2.91083441445882;2.92;2.60119423111035;1.08183156592879;1.13080107812381;1.2;1.2;1.2
1.82331329087064;0.227818362588877;2.5142742469172;3.2;3.2;2.80714019383828;2.76907890406303;3.2;3.2;3.2;14.5221648850171;185.758267205229;228;228;228;228;228;228;228;228;228;228;228;228;215.344883059006;42.0005658848109;3.2;3.2;8.7048500646313;35.6726170618594;2.94623761196078;3.94038501995243;32.8958545736697;2.92;2.92;2.83187789193947;1.39646671756251;1.40831406216654;3.02439577023888;3.07324445710422;2.92;2.92;2.92;2.92;2.91055709374728;2.4874643353087;2.22376100993374;1.94700136479288;1.2;1.2
0.409647368019702;0.234059806834362;5.36516773835995;16.5481929864455;4.0181651481401;3.2;3.2;3.2;3.2;3.2;3.2;138.634618424359;228;228;228;228;228;228;228;228;228;228;228;226.530297768912;171.422341948907;3.2;3.2;3.2;32.1061502201499;67.5371310150821;9.32040180876565;1.2;56.6955184837774;12.3983003105252;3.95495601683344;1.71709598893172;1.2;2.18428069512191;3.17415554903838;2.94666160463923;2.92;2.92;2.92;2.92;2.92;2.92;2.41618987404111;1.61629831840484;1.40226865835311;1.22377443334242
0.2;0.19300106424652;9.72572726768554;65.9476292836185;59.9245974590904;16.7425002824106;3.2;3.2;3.2;3.2;3.2;4.14843154396417;166.488963900672;228;228;228;228;228;228;228;228;228;228;145.273348111278;6.76351283593019;3.2;3.2;13.075987408508;38.0024669719245;64.5631814234554;25.7215127720483;1.2;20.1602263244717;69.0266840073475;55.440166544755;53.0647851529332;33.6351060438956;22.1484593603448;2.95254394248343;2.92;2.92;2.92;2.92;2.92;2.92;2.92;2.92;2.89855155536053;2.92;2.21990150740768
0.943503568478579;1.28282194364592;1.91355471771594;64.5446788927913;67.8;41.460995018991;14.3735157270573;3.2;2.5812281821212;1.86677128967606;66.8774235770908;163.658214346266;137.179918746762;153.851139167023;228;228;228;228;228;228;228;228;228;227.261136370781;140.992129405504;3.2;13.4033352994473;58.2842095112183;69.6;69.6;69.6;26.3785376232957;54.7112047183378;69.6;69.6;69.6;64.3178316312249;7.3657105103703;2.92150658362498;2.92;2.92;2.92;2.92;2.92;2.92;2.93772680560487;41.1367587849718;3.91776480208579;22.8586078208212;2.86346030794878
3.16;3.16;11.5962683207073;64.2975936503659;67.8;67.8;109.303803085743;2.3121452673447;0.564010661570355;0.255660886659753;50.5720071659972;20.0526521935766;193.232575209321;228;228;228;228;228;228;228;228;228;228;228;220.033099707497;3.91251728047058;9.4878895561425;69.6;69.6;69.6;69.6;69.6;69.6;69.6;69.6;58.8785758328972;29.6003384472503;2.49034058838491;2.18155925648403;2.9173723835434;2.92;2.92;2.92;2.92;2.92;13.3669233254796;69.9565989224433;83.3786178881567;69.7494083107667;10.8415044231855
3.16;3.16;31.7643419944519;67.8;67.8;67.8;132.118337439464;0.2;0.2;4.82151345523493;172.950128042703;208.354409546389;228;228;228;228;228;228;228;228;228;228;228;228;228;67.8575628794002;3.2;112.402285814474;104.197755549788;70.2434982489548;56.2041376803342;64.6659272973547;23.5590675818201;42.8002849223497;58.9481094907828;19.3585268091258;2.92;2.085233558001;0.540613699128838;2.74456787365245;13.635002483557;9.5509422660913;2.92;2.92;2.95815542769562;30.6187646518683;49.5697809009864;94.04;94.04;67.3811751132996
3.12649726631449;3.19277512438972;18.2751914647067;61.037150084738;67.8;127.05936915747;207.799512289118;4.09858404036829;69.9918227026103;219.757904306338;228;228;228;228;228;228;228;228;228;228;228;228;228;228;228;187.788809738161;3.2;19.4815787711341;179.767635808795;153.04461737647;26.8486062805466;3.14297473515945;2.92;2.92352917069678;2.92;2.92;2.92;2.20782561286096;0.270329602199487;2.61941076206025;45.8386895348979;53.9388861578778;3.00142227307777;5.25338991061919;5.97086101787273;3.2;58.0217566652555;91.6523729479992;94.04;94.04
2.66023121356974;3.19585139292149;3.2;6.96970116865655;159.831481758899;228;228;191.443784210396;221.998443072883;228;228;228;228;228;228;228;228;228;228;228;228;228;228;228;228;223.917068334196;56.0651674718841;103.089835359687;214.687890554983;216.993815306086;36.4590363261871;2.43320392776589;2.92;2.92;2.92;2.92;2.29392637497964;0.559364868681456;0.123003451125124;2.16675991904322;8.31001641341732;85.4434367112271;74.2033819385335;91.1392536248819;34.7757144349618;3.2;10.6281440234793;43.5908520240302;86.4320437827971;94.04
10.3064178661209;2.41673548127776;3.08322847636764;3.2;124.415482144652;228;228;228;228;228;228;228;228;228;228;228;228;228;228;228;228;228;228;228;228;228;228;228;228;228;19.1243033113309;2.77141220336337;2.92;2.92;2.92;2.20172072758892;1.58822020028303;0.551093528510625;0.854212333225907;2.85760680645224;2.92;80.8361460356951;94.04;94.04;60.3178202952302;58.1568078702009;76.4218459414368;94.04;94.04;94.04
63.1684717224636;18.8792615594664;1.80507791558978;3.2;83.6075248003742;228;228;228;228;228;228;228;228;228;228;228;228;228;228;228;228;228;228;228;228;228;228;228;228;228;52.4989792427512;1.71382988738938;2.92;2.92;2.92;2.72091612215133;3.00405461185602;1.38103660915666;0.129617488939798;1.78215465894993;12.1785280118441;90.0887453070061;94.04;94.04;94.04;94.04;94.04;94.04;94.04;94.04
91.2;33.3104299177165;2.42772764153487;94.5600330971535;202.18758463301;228;228;228;228;228;228;228;228;228;228;228;228;228;228;228;228;228;228;228;228;228;228;228;228;228;149.469471199809;0.41249379141955;2.27183206228986;2.92;2.92;17.8795507881137;56.4810396131402;11.2606293592443;1.1492503599321;9.87590307053421;5.8709452173401;90.8045538153983;94.04;94.04;94.04;94.04;61.8436690833654;73.0844987322972;94.04;94.04
68.6120316517345;3.97361630939354;3.17622048468862;36.7982433392115;130.690566373447;216.804873116143;205.129503307296;228;228;228;228;228;228;228;228;228;228;228;228;228;228;228;228;228;228;228;228;228;228;83.8300818350661;137.613852438646;60.2416530775593;2.20444630061884;1.79404148872547;2.92;8.8130929097597;69.6;42.4750754951451;1.02027689646138;67.2283002131816;80.21007305322;93.2973906569266;94.04;80.3688266268697;37.688869114626;40.3864524303491;4.05093480671548;14.2016594258634;56.5983325258368;94.04
4.90926605181713;120.003763277007;109.93991607577;28.8219237604653;152.694337109785;22.2833474129052;63.3488717471689;212.739836971782;228;228;228;228;228;228;228;228;228;228;228;228;228;228;228;228;228;228;228;228;228;225.888936568792;228;226.116814722794;74.7330536603142;15.1069080543193;2.4455444780903;9.69099086494898;54.5241864962429;16.61546366714;1.10290462253928;73.5918094863577;94.04;94.04;94.04;58.9581414106005;3.2;3.2;4.48316201454849;3.2;23.0134077136539;36.6878628935793
47.8190939746686;187.493291552631;223.95414955575;228;168.994470636809;3.2;10.3818606659034;187.510049444737;228;228;228;228;179.774487331708;228;228;228;228;228;228;228;228;228;228;228;228;228;228;228;228;228;228;228;228;178.312920863727;0.399937891744686;23.9414083378581;69.3306216449867;50.8413446730678;59.0664610225258;78.2397408447776;94.04;94.04;94.04;88.6194592620066;27.7786209488974;39.7880682754167;62.8932980363331;3.2;3.2;36.1613112901779
1.85011785850754;39.2949854962074;202.846442305769;228;55.7536485054427;8.13965599663742;5.39059607879211;80.2560129278898;145.075224028054;228;155.920101083786;60.3058408543337;36.0390845442378;79.5138728326745;66.5133058728043;98.7583565941201;166.06519353543;226.73805200642;228;228;228;228;228;228;228;228;228;228;228;228;228;228;228;228;119.554719740794;164.885953530375;91.8;0;0;17.4;70.53;94.04;94.04;94.04;65.6150083387668;52.1326707563727;74.1445636638057;23.0430760619317;37.7049873231991;8.19737451958727
18.5391465916912;228;228;228;193.48209459333;220.231773205924;172.736126276398;109.605842374942;88.4163474708039;38.5440512437392;4.43631555257292;3.0923997283299;3.2;3.2;79.6309892663807;127.766519849291;74.0754691264039;36.7527984783858;181.5096908618;228;228;228;228;228;228;228;228;228;228;228;228;228;228;228;228;212.955111066772;81.5628735055314;0;0;0;0;47.02;94.04;94.04;94.04;94.04;94.04;89.9531039683059;45.8463868901844;0.8
38.0111870433435;98.3541935469857;178.965247312111;166.231984684273;228;228;228;228;137.703159049891;65.0502870307284;90.5523965570634;12.4940296833352;30.2200723432282;140.27776044415;223.588420094008;228;126.156552147103;3.23321754803285;185.165231384815;228;228;228;228;228;228;228;228;228;185.022328053205;131.159257149094;82.2913122420472;187.304176514201;227.648833419812;228;228;120.516475416905;0.1;0;0;0;0;0;23.51;47.02;94.04;94.04;94.04;57.6275877982921;1.6;0
173.61379637034;122.412511098316;75.9710708649941;153.586299886664;228;228;228;173.618308284494;173.410676844141;228;228;153.936846582881;5.0902824997374;75.991946083153;206.854609595446;228;181.859827415153;190.791080744938;228;228;228;228;228;228;228;228;228;155.296785053998;21.5504559703165;0.2;0.2;9.7930063149397;38.624643138185;157.312280162689;127.934904671421;45.5394651909919;0.05;0;0;0;0;0;0;0;23.51;64.0566316078548;86.6989673969731;50.8474622398491;0;0
86.6519153776522;178.633867748667;87.9691026701205;228;228;228;228;228;228;228;228;200.66580683805;148.008974993968;14.5983276491625;113.739156576145;228;228;228;228;228;228;228;228;228;228;213.98745886626;114.870621977985;7.88377786969932;0.2;0.2;0.2;0.2;0.2;0.2;0.2;0.2;0.05;0;0;0;0;0;0;0;0;0;32.423439132241;0;0;0
198.798304377805;228;185.364451531249;227.25077179385;228;228;228;228;228;228;228;228;228;152.232020544484;191.391486464881;228;228;228;228;228;165.151260725771;62.8795838285347;85.9193646418905;82.5146967492762;35.3961078032539;0.2;0.2;0.2;0.15;0.2;0.2;0.2;0.153585941599137;0.19328658058797;0.2;0.2;0;0;0;0;0;0;0;0;0;0;0;0;0;0.00274055197178386
228;228;228;228;228;228;228;228;228;228;228;228;228;228;228;228;228;228;221.676227878749;126.653493269615;6.1597769368859;0.2;0.2;0.2;0.2;0.2;0.15;0.15;0;0.2;0.2;0.2;0.144266072644758;0.0819437256237597;0.185334845347801;0.174688066055524;0;0;0;0;0;0;0;0;0;0;0;0;0.280937404421972;1.65071257854814
228;228;228;228;228;228;228;228;228;228;228;228;228;228;228;228;228;183.041884501118;88.2718146130622;0.2;0.2;0.2;0.2;0.2;0.2;0.1;0;0;0.05;0.2;0.05;0.1;0.0891146185285438;0;0.0138700373094683;0;0;0;0;0;0;0;0;0;0;0;0;0.616304805578975;1.75279205135855;2.82761144655775
