1.44;1.44;1.39926329021656;1.17538480188285;1.16;1.16;1.16;1.16;1.16;1.16;1.16;1.16;1.16;1.16;1.19604614475817;1.59591092623528;1.95377223415477;1.9970722931885;2;2;2;6.90202523374245;1.96605142240383;0.909247736661341;1.29834137285108;1.03789363897682;1.52596736514809;1.10562776812291;0.12;0.12;0.12;0.689645272793801;0.379576106542659;0.614346241527796;0.495378337777581;0.263741057065591;0.12;0.12;0.12;0.12;0.12;0.12;0.12;0.12;0.12;0.12;0.12;0.0625416060967371;0.12;2.14696760019888
1.42058378445692;1.41471351300655;1.31136094772871;1.20934992552605;1.21715750644449;1.22495860478729;1.19321373158237;1.14867016228747;1.15375774678886;1.1479263708178;1.14209985680766;1.13627820476405;1.13046141469269;1.08909609600362;1.14542181578043;1.87703664850578;2;2;1.81466756876874;1.83954541265417;1.98542842893366;29.0864185219035;2.89415589125646;17.2145417511091;10.8072015476956;1.75356216122104;2;1.59379827033158;0.12;0.12;0.12;0.12;0.0414701180239692;0.0283741190025736;0.0178674412201525;0.00880108352259484;0.0176023225239241;0.0989186254398559;0.12;0.12;0.12;0.12;0.12;0.12;0.12;0.0837228114421823;0.0167541729029158;0.0581563055587821;0.0708896637934707;2.01123871305422
1.32;1.32;1.32;1.32;1.32;1.32;1.31726753458473;1.16552833332662;1.04;1.04;1.04;0.951084839506569;0.819379024363314;1.04;1.04;1.22655620398159;1.96248529382017;1.74552648908574;1.04;1.04;1.34011982913461;27.689746579864;23.7568091302653;27.0780588741402;14.1045033220683;1.61442168371592;1.03113010877686;0.17593314076967;0.12;0.12;0.12;0.12;0.107067133433264;0.116966575833626;0.109512552124347;0.00262537375491;0.0246766447250189;0.0905057942421967;0.12;0.12;0.12;0.0646764468190324;0.0847482881451735;0.0929738454221282;0.035633398498255;0.00202795880083878;0.0205624772260651;0.112687517914839;0.0334890069009898;1.8755124967596
1.32;1.32;1.32;1.32;1.32;1.32;1.32;1.28210537988735;1.07350043574094;1.04;0.747097134417083;0.281821000052471;0.12;0.68491603022741;1.05611421650096;1.67595695172858;1.90470980542204;1.4243855502077;1.04;1.04;7.01190680265152;29.6627216168984;28.5418324253368;6.93426849621538;2;1.88156393485119;2.00011107571288;1.47265046322437;0.12;0.12;0.12;0.12;0.12;0.12;0.12;0.0462005422192333;0.11158483098321;0.12;0.12;0.12;0.12;0.03766198553578;0;0;0;0;0.0503660979847424;0.12;0.0604364175993662;0.831492281016623
1.32;1.32;1.32;1.32;1.32;1.32;1.32;1.32;1.18539129541829;1.04;0.60698878641378;0.143105426691995;0.12;0.456785087588161;1.27551668331414;1.96;1.67415156605069;1.04;1.04;1.04;4.14193979275732;17.297053640468;20.8073591390387;1.56385984357871;1.40957510827552;1.51342966525276;0.303491149750448;0.172786953465523;0.12;0.12;0.12;0.12;0.12;0.12;0.12;0.12;0.12;0.12;0.12;0.12;0.12;0.0528728598568433;0.00624171544448548;0;0.00929547916616677;0.0249711033337023;0.045066866450524;0.12;0.118143510981774;0.0310029551970893
1.32;1.32;1.32;1.32;1.32;1.32;1.32;1.22146945633574;0.739561258389535;1.02128468906895;1.00081209923415;0.31347075271819;0.511445092994484;1.02277194473964;1.18412062130194;1.7785853342331;1.28684266835726;1.04;1.04;1.04;1.04;3.73690195667186;7.65183667673916;1.90185045011036;0.487913280614265;0.3362664532739;0.12;0.12;0.12;0.12;0.12;0.12;0.12;0.12;0.12;0.12;0.12;0.12;0.12;0.12;0.12;0.12;0.0814893033521269;0.0192403935736162;0.0583185490706462;0.113613582666492;0.108300465303068;0.12;0.12;0.0925162351550362
1.32;1.32;1.32;1.32;1.3337550749685;1.37222781329247;1.3511966208739;0.373482343620153;0.43906494740074;0.923225046614076;0.526217300538918;0.444801582596419;1.25009845252563;1.69281720909425;1.59715509850693;1.12724220407069;1.04;1.04;1.04;1.04;1.04;1.0741044673603;2.10134628687848;2.4;1.76467862705806;1.14261420197787;0.407611253948993;0.12;0.12;0.12;0.12;0.12;0.12;0.12;0.12;0.12;0.12;0.12;0.12;0.12;0.12;0.12;0.0485255081688054;0;0.00583382954112657;0.0668024777985503;0.109975712684597;0.12;0.12;0.0425056206672114
1.32333401131481;1.33514217977766;1.33905316253202;1.34296090341741;1.18643949251494;0.887779620241922;0.717393048410837;0.102442662093928;0.675319213899039;1.04;0.489639557185703;0.810233314647821;1.55851646488447;1.24697322370056;1.06252113939867;1.04;1.04;1.04;1.04;1.04;0.965293617385051;0.979590222751101;1.64252758325732;2.17435548423723;1.85689194366085;1.27498233479703;0.687559980112683;0.602950538501563;0.65556556022116;0.143621915122646;0.12;0.12;0.12;0.12;0.12;0.12;0.12;0.12;0.12;0.12;0.12;0.12;0.0978228143832452;0.0851291203626897;0.0765451104698176;0;0.0276713793771923;0.0260792033765566;0.0809790892257837;0.0315611955724655
1.36650099196199;1.4;1.4;1.26148018458752;0.285995024678851;0.846846018687087;0.786487695391408;0.100616329113115;0.639570272789114;1.04;1.04;1.10295755268169;1.10923114089093;1.04;1.04;1.04;1.04;0.643038862732051;0.568319485040987;0.488093844948784;0.175689730335735;0.0572151213038934;0.908137948574355;1.39634450181625;2.21271439011062;1.36907422520164;1.2;1.2;1.2;0.41420655315838;0.12;0.12;0.12;0.12;0.12;0.12;0.12;0.12;0.12;0.12;0.12;0.113083093888037;0.11992830430833;0.12;0.11648262088662;0.034820801789618;0.0403763327158158;0.107327437005937;0.0448052144259294;0.0682603083674266
1.4;1.4;1.4;0.485192073680468;0.481633241588359;1.38173962349841;0.808055292636016;0.31561633973276;1.03478984322675;0.972100600859335;0.851295695820185;1.04;1.04;1.04;1.04;0.773432173293497;0.200039836924849;0.124329123462606;0.12;0.0645292014376707;0;0;0.427627433844079;1.2;1.31499783716009;1.2;1.75061291640003;1.39900531985331;0.996675857374807;0.161485979215455;0.12;0.12;0.12;0.12;0.12;0.12;0.12;0.12;0.12;0.12;0.116714893951318;0.0316417899959667;0.0402570384773881;0.0957110141025843;0.0860581343327852;0.0382895578031418;0.1128344226107;0.0987392924544294;0.0563552267725261;0.119881389779489
1.4;1.4;1.4;1.17970556017034;1.24135279523285;1.4;0.605531185719739;0.122460354389712;0.334192004343931;0.600014913176576;1.04;1.04;2.38427115562555;9.52222505958276;19.762615499998;4.4487403901737;0.678235774735186;0.12;0.12;0.12;0.00766303415117823;0.174894170233682;0.915259187096532;1.2;1.2;1.41703518252989;2.08678614715881;1.21865877343681;42.0559121489108;35.2761921720872;38.4204618434289;6.21145613064111;0.12;0.12;0.12;0.12;0.12;0.12;0.12;0.12;0.101100898365186;0.0202252673310204;0.00153696865256776;0;0;0.0655809871870559;0.115813969137775;0.049766375134258;0.117083132670472;0.12
1.4;1.4;1.4;1.4;1.4;1.4;0.56616479894925;0.117388945984136;0.12;0.590212892148288;1.04;1.04;12.0864070582113;10.7336412675364;22.665704732349;33.8780540131309;15.1096640961253;0.12;0.12;0.12;0.388527158601736;1.03530019880123;1.11476545498248;1.2;1.2;1.40233839779114;2.14638173314277;1.2;51.4182974987164;64.1384582776354;65.3441438662851;55.5579244515147;7.80997815560646;0.12;0.12;0.12;0.171564919731626;0.923682404496166;0.424443394020299;0.12;0.12;0.115454794827565;0.0129082628309355;0;0;0.0432727391948617;0.0945090863011225;0.0830750964979953;0.12;0.12
1.4;1.4;1.4;1.4;1.4;1.27132559887461;0.293570733534533;0.113311356640188;0.298515570655766;0.755174641452477;0.697189621035237;0.812697325513538;1.04;20.24714172161;41.36;33.4544793968737;1.02030301734912;0.639728453227178;0.217183063104243;0.327141640024894;1.00828574193332;1.09864522675045;1.19924356553917;1.2;1.2;1.63593755277387;2.37768788270215;1.65034614698388;3.02312109123673;2.39623963219141;36.9271900656342;65.96;56.8663147955431;32.0121742799485;0.515441404865304;0.300512759286411;0.834608111028639;1.12167093184593;0.308406722737549;0.498260722634021;0.225442595795975;0.0333430890954934;0;0;0.0809267842808171;0.0943406321283895;0.0820939431204074;0.12;0.12;0.12
1.4;1.4;1.4;1.4;1.32724252744196;0.750659842632499;0.500718055230401;0.119598675132167;0.12;0.167385560248885;0.416829546401664;1.03005891499964;5.38563107488304;27.4857090062514;41.36;37.3099728320934;6.30431115631057;1.04;1.03585536381827;1.04;1.13668876815548;1.2;1.2;1.2;1.2;1.29445575940423;2.4;1.64119496725738;1.22933918237966;2.07753451936908;10.455683595903;58.512924829914;65.96;65.96;4.15771116969575;1.08386424078632;1.2;1.2;1.17221722452371;1.09451641389698;0.215190919059722;0.110451216738671;0.167181082290597;0.223862308703363;0.195948044418232;0.0524066272495826;0.117938823859902;0.12;0.12;0.12
1.4;1.4;1.4;1.4;1.36625528433756;1.33376404702663;0.855172667599662;0.115196865675128;0.482913569370566;0.97222964357882;0.999807039689406;0.964322874293453;16.1165439723766;31.120990162272;29.3954944063678;28.800094323009;16.0865587379254;1.04;1.04;1.04;1.061165133519;1.17348940107062;1.2;1.88431945210876;1.55224038800823;1.91078705086131;2.4;1.68235794773279;1.67895536520209;3.17712244269075;2.4;32.652954445797;65.96;65.96;38.13599045309;51.5237527991242;56.0731835086103;1.2;1.2;1.2;1.2;1.2;1.2;1.2;1.08953402342979;0.279013610275901;0.0191486136855708;0.0656999805672977;0.12;0.12
1.4;1.4;1.4;1.4;1.36741359863958;0.930075132437889;0.352326760437657;0.292107662050442;0.996496144191462;0.758276225199878;0.359917995001184;0.244488912256331;0.142696462423916;0.332677677764421;1.03686648269826;1.45630155653841;3.01685783764872;1.04;1.04;1.00813781220783;0.9638218670615;0.978468234138839;1.18214642518923;1.68366044703266;2.4;1.73212088935773;1.93197969114361;3.93544918792179;33.6976885584644;48.0406872887979;16.7883307096037;23.2160139492413;65.96;65.96;65.96;65.96;24.8210260047412;1.97064082683271;1.2;1.2;1.2;1.2;1.2;1.2;1.2;1.10867806994391;0.475012029685844;0.110684520208232;0.12;0.12
1.37471739644741;1.3360205943394;1.4;1.07002846083861;0.323724164265175;0.08;0.370999751773031;0.430319429410484;0.220561099895647;0.12;0.12;0.12;0.12;0.336366467164331;0.311915394459432;0.276327549069324;0.684583829304762;0.640154667696869;0.304007680105825;0.12;0.12;0.370419230283936;1.16698430329226;1.62963162612403;2.4;2.20070823743001;1.52508696406285;1.2;1.2;5.84406348177234;53.8723539409674;65.96;65.96;65.96;65.96;65.96;60.9387634835485;44.3288265275291;2.04605964923066;1.18308225373825;0.694703528352605;0.616762942484347;0.569484482093249;0.522246557384497;0.475049168403493;0.866193313889719;0.215937360700947;0.12;0.520948507843227;0.61525974101387
0.979285003688182;0.945316435731295;1.1633478478768;0.761413792345754;0.742361198228551;0.945143011040078;0.318666779988669;0.135753686403674;0.12360409778524;0.12;0.12;0.12;0.12;0.12;0.12;0.12;0.12;0.12;0.12;0.426549948290159;0.651274308433803;0.775022762843857;1.10827034163846;1.49160579611455;2.34570027769242;2.24743767726713;1.45139975652987;1.45329036318978;33.6781440295831;50.4970733874885;65.96;65.96;65.96;65.96;65.96;51.1497629395535;62.6346446677689;65.96;62.1747380612476;33.0527992067352;1.17508917106769;0.779713691858342;0.524903474785802;0.342714875877056;0.2;0.721761917683039;0.164236532069335;0.12;0.203861308556258;0.875404543940565
0.68;0.732590094829012;0.212041833158016;0.109978452291247;0.633110969872358;0.625859618921931;0.703145550496224;0.841845585060717;1.4873180043625;0.406361389040563;0.492614737932445;0.707788133887388;0.26398969453751;0.12;0.12;0.12;0.12;0.321692262630709;0.807537966746407;1.04;1.04;1.04;1.07599809982516;1.2;1.99666104184381;1.97523225449212;1.67636688480992;1.9119838729532;1.73872866363111;3.97326889734967;65.96;58.6057691423618;46.2158123070311;63.4179100558942;27.3731378160397;5.68875989646557;36.7816759380461;62.1548909854775;54.7527172994464;5.91261068862584;1.43086733163749;0.577715137066226;0.526651313532377;0.75799884916811;0.838180868342265;0.895434677895663;0.12;0.12;0.12;0.135006180729833
0.68;0.485857531338807;0.12;0.668747565307022;1.55366928740663;1.50171132299984;1.59674277018782;1.6;1.19717654879878;0.399528563264992;0.671003596618035;1.04;0.370024132210901;0.317818400428814;0.838250599649968;0.882757708128449;0.927227521570725;0.998911416869702;1.04;1.05506977278582;1.06283418072395;1.04;1.06878860166483;1.2;1.51919115137123;1.8528966591187;1.25643944558337;1.21458594019906;2.01248627553207;17.6081468304712;31.0096751492371;14.0537270993323;23.3316301677091;29.4037646694261;0.245329591410825;0.274390009638899;0.626218875181582;7.57271779823622;5.9744011483876;2.59774697293599;0.20334784411351;0.12;0.12;0.12;0.660446038856916;1.15563726799697;1.30148336876191;1.21030506610004;0.39953265185534;0.12
0.669523996028251;0.260654008113884;0.194918380065378;1.35631680641929;1.6;1.6;1.6;1.6;0.515440046725163;0.438729477090525;0.644294003923505;0.830645194803043;0.839223648656179;0.852107709061988;1.04;1.04;1.04;1.04;1.04;1.72051046491426;1.73157312793969;1.14411226565596;1.19023461487201;1.2;1.46521219059918;2.22903676549878;2.03793764548861;2.18411108216892;2.39140640569701;2.4;2.33966902485373;1.02492969348742;0.12;0.198765886674025;1.01180545631994;0.296470514006088;0.12;1.44428013454641;2.7297866828491;0.406572500589824;0.12;0.12;0.12;0.12;0.148134946709784;0.878167244789636;2.4951041788864;2.45473906769242;2.06181993443055;1.82142420067789
0.466338846403342;0.12;0.378526742929607;1.43936863702899;1.6;1.6;1.6;0.980052748331211;0.574552759272465;0.700526244097271;0.686190904240708;0.666699340414768;1.04;2.97534526026446;12.7598080928742;4.29149955958987;6.28990572911589;22.6286686335938;1.21826547614972;1.93725483404763;1.96;1.96;1.95380748754557;1.64833001230824;1.8507993187017;1.71199673992228;1.60270496056122;1.76817935900316;2.4;1.95851338180298;0.733954520183422;0.471227654477003;0.809276554436842;0.885305844362403;1.14216455185863;0.3207154240398;1.10274473374138;3.08547761904858;2.33828096452574;0.12;0.12;0.12;0.12;0.12;0.12;0.310705809508567;0.782907169225101;0.291959444630657;0.183321699765832;0.296288407635083
0.63779105450033;0.403278572435787;0.7198526321691;1.20718099827268;1.6;1.6;1.6;1.01119461913384;0.564958331811618;0.722099340959996;0.159760294010118;0.671964338685598;1.04;7.79039038854353;44.16;28.7197049082895;36.2092059778345;43.090132479587;17.1701454151567;1.96;1.96;1.96;1.96;2.20918439071463;2.13513976793777;0.700747550318164;0.233847789139198;0.177131587680865;0.248440466043865;0.577220322504858;0.876625306422622;1.10796628487636;0.800860668983329;0.463082004057057;0.39108938648489;0.788503577888619;2.99199187767517;2.64784490397957;2.47518280275632;0.12;0.12;0.12;0.12;0.12;0.12;0.12;0.12;0.12;0.12;0.12
0.76;0.769920867317026;1.20751351439435;1.6;7.87146067195042;8.54692806395946;1.50291084763403;1.0581385641756;0.20133039041711;0.140100371592031;0.812701641714187;1.04;1.04;2.46549479157506;16.1830474520594;21.551026531457;32.046035007785;39.3098136255835;26.4865953069567;1.96;1.96;1.96;1.96;2.03681172064523;2.21992269378954;1.33689349276934;1.09308763920002;0.704397935582576;0.593415191822313;0.67418819069918;0.447311631233995;0.12;0.12;0.12;0.870727010519914;0.486979810454637;0.669750383849116;0.337912251069768;0.332727577123697;0.12;0.12;0.12;0.12;0.12;0.12;0.12;0.12;0.12;0.12;0.12
0.76;0.856121516158882;1.7717842555628;4.95311944082921;10.4572435384633;2.47184268077979;0.839356500908391;0.76;0.746052869577993;1.00398478615191;1.04;1.04;1.1251262775237;5.08037314152074;2.20720646332336;13.2488371434515;42.0895626182895;15.7519256450538;12.9847828100642;1.96;1.96;1.96;1.96;1.96;1.96559781612199;1.98691995086247;1.30074546081449;1.2;1.07924442678972;0.267620144594944;0.12;0.12;0.12;0.12;0.12;0.12;0.12;0.12;0.12;0.12;0.12;0.12;0.12;0.12;0.12;0.12;0.12;0.12;0.12;0.12
0.76;2.6295106051066;9.45802004182515;9.99159646198717;7.32082175772555;3.4275471528543;1.49144139164318;1.41889644678183;1.15173859636937;1.37103408542644;1.3570001602132;1.04;1.04;28.8754902094911;22.6769258443084;31.3874399546727;34.5333505758929;31.5942514525385;16.5845384878452;1.96;1.96;1.96;1.96;1.96;1.96;1.96;1.4579533034965;1.10732570116892;1.17560252773262;1.06834355808602;0.690913051456958;0.715575506171932;0.220547668137254;0.12;0.223509914481135;0.136591939446887;0.12;0.12;0.12;0.12;0.409738935669552;5.82012228776235;54.152857674848;68.6578803197996;9.4889806965068;0.12;0.12;0.12;0.12;0.987870222782881
6.61287872884261;12.1018143994621;5.46863207392691;1.6;1.6;1.6;1.6;1.6;1.6;1.36276785539253;1.30340468181102;1.04;1.04;1.04;1.04;15.788102209744;3.83079366816732;3.57988878700833;2.90434511953169;1.69780161835457;1.96;1.96;1.96;1.96;1.96;1.96;1.48520041699195;1.04;1.05685483819741;1.13611953224187;1.2;0.629568645099668;0.160420776982465;0.299714612005698;0.842702932299644;0.193242972023733;0.12;0.12;2.33334708057943;51.8620467178272;66.0689445645672;114.72;93.9191174076525;29.8293537020871;0.256877652073388;0.12;0.12;0.12;0.12;0.320278281036297
2.72181134703831;4.12814536139546;1.6;1.6;1.21507285606446;0.857348968738411;0.532287809577548;0.381675379920178;1.21438559727517;0.824545476945873;0.98808829124691;0.787863335985396;0.891151229378572;1.04;1.04;1.04;1.04;1.04;1.04;1.13431820256513;1.79579020038531;1.96;1.96;1.67460285274874;1.53226885015192;1.44397787029296;1.05503257268945;0.873513995874853;1.04;1.05101287952797;1.129121590094;0.870395543259196;0.878373685592203;1.19428669836607;1.09549198048511;0.473923813063508;0.153766816654969;0.12;0.358120808278524;39.4984568606563;81.8415797146704;52.3266159121622;15.8842934163618;0.901012776464778;1.10724143278741;0.481914944872574;0.617180587650352;0.534411380660967;0.153475914554176;1.32801715002787
1.02945305398102;1.6;1.6;1.6;1.6;1.6;1.45153590375771;0.764747026747972;0.150680276779753;0.124048841333956;0.271704456490584;0.67493543495601;0.828489446349239;1.04;1.04;1.04;1.04;1.04;1.04;1.04;1.20479150377903;1.9398147630725;1.96;0.652308988176661;0.12;0.12;0.12;0.172214981287858;0.230321187966181;1.48969306540899;1.48051614865408;1.05189614766289;1.05927193763579;1.14452314204616;1.2;1.2;0.549945426906113;0.159232896879455;0.12;0.231836818436805;1.60456590741303;0.704187645602273;1.03148900210083;1.2;1.15461123248035;0.953661710129539;0.73062801775248;0.309993762761308;0.751467590986076;2.996926936871
0.99090845173276;1.6;1.6;1.02916741837019;0.476848832571227;0.404628668464022;0.323423817675762;0.12;0.489061434729829;0.606855776101261;0.786906271596703;0.994324400387317;1.04;0.893421967753015;0.639651862135334;0.727946414657695;1.02067487674894;0.624317842111947;0.64216382360699;1.04;1.04;1.61351565228664;1.96;1.01745775437143;0.12;0.12;0.12;0.12;0.50709943034755;2;1.68616804073792;1.04;1.04;1.06786841211311;1.19134691031133;1.2;1.2;1.05861872903847;1.08686896469858;1.13808114559636;1.2;1.1977722911663;1.11045133650997;0.985315667245778;0.401105818698108;0.12;0.12;0.12;0.12;2.76147502814652
4.59099039755797;1.88229113057433;1.2925298442873;0.188347888287206;0.12;0.12;0.12;0.138586913225037;0.742802194420584;0.76;0.76;0.889708865327273;0.795226890130267;0.183692934330582;0.12;0.12;0.452637594415095;0.641405845227603;0.340316543533244;0.83323027419435;1.04;1.15892986907002;1.70071334403896;0.670412022888511;0.12;0.12;0.12;1.05785412055597;1.50934429581757;1.55712085419893;1.27106194416545;1.04;1.04;1.04;1.08900615441983;0.600243281532954;0.499575521418021;0.954561876296909;1.04001918031864;0.727645073799463;0.67647437093812;0.61298422746146;0.12;0.12;0.12;0.12;0.12;0.12;0.601967682602658;2.8657285748912
13.04;4.97662811025828;1.26331479167446;0.18141709440529;0.12;0.12;0.12;0.12;0.621425686665187;0.76;0.762536487889542;0.363678447445594;0.12;0.12;0.12;0.12;0.12;0.12;0.155049311707099;0.133005103050181;0.574326802067277;0.978589815057954;1.16814275188674;1.56148901357956;0.598113155964382;0.522390030798894;1.08500199603882;1.49697894602744;1.00219021767636;1.04;1.04;1.04;1.04;1.04;1.04;0.520398075829941;0.12;0.168229363729725;0.203367518441973;0.12;0.12;0.12;0.12;0.12;0.12;0.449962521281968;0.12;0.12;0.12;1.91798060612606
11.8719388845423;3.14861460533486;1.6;0.715498590975476;0.196932425714262;0.12;0.12;0.12;0.735166467027983;0.764303304047289;1.01418418422242;0.558634854067024;0.12;0.12;0.12;0.12;0.12;0.12;0.12;0.12;0.139333799960095;0.202896137762966;1.10447627159445;1.75320942015438;1.37128246457828;1.1281565421351;0.96;1.02283131092621;0.976912946366047;1.03525832008188;1.04;1.04;1.04;1.04;1.04;0.89259047805015;0.173133265171521;0.42857358459495;0.370637060538841;0.12;0.12;0.12;0.12;0.329501550597505;2.17919175765696;2.73199890506662;1.51516539129615;0.899834403107365;0.12;0.608565118031257
3.24293155679025;1.6;1.6;1.6;1.12161457723701;0.782787097321638;1.366317753956;1.43842659845906;1.69735293777583;1.46170434049038;1.2;0.920836767081524;0.174323843550917;0.12;0.12;0.12;0.12;0.12;0.6065352999602;2.9697593151174;1.09374349043444;0.96;0.96;0.96;0.96;0.96;0.96;0.96;0.96;0.977658806908113;1.0160072854767;1.86249052423931;4.1284064112002;11.2897120317636;1.04;1.01088860802997;0.874904430496743;1.04;1.01463664995969;0.5036489239507;0.12;0.12;0.12;2.44486426553336;3.2;3.2;3.2;2.31377285717509;0.12;0.12
1.41768884552146;1.6;1.6;1.6;1.6;1.6;1.6;1.6;1.80553954621342;1.5022285455128;1.2;0.878238487172235;0.302360799452115;0.12;0.12;0.12;0.138565177076419;0.161366530728536;2.49956958523439;2.81148853896143;1.06375958060604;0.96;0.96;0.96;0.96;0.96;0.96;0.96;0.96;0.96;1.02607863757349;14.0811774845659;33.92;28.2514883500845;12.0488911096118;1.04;1.04;1.04;1.04;0.907884497314931;0.222826086683168;0.12;0.778721428139828;2.89925615554364;3.2;3.2;17.256576720703;13.8254342493502;0.12;0.12
1.6;1.6;1.54082198765372;1.6;1.56617080592022;1.41247929943113;1.65519925919065;1.63507470120897;1.32781033925168;1.2;1.18305258483653;0.392249206177112;0.129991178743821;0.126020853978295;0.121847574623016;0.147846908719063;0.195196539012019;1.36117327998679;2.87401361018986;1.22805002304835;1.22308643418588;1.08488671032662;0.96;0.96;0.96;0.96;0.96;0.96;0.96;0.969235297699089;1.03153541630547;12.6113353971554;33.92;33.92;15.1837784296493;0.384227082090041;1.04;1.04;1.04;1.04;0.3747593284206;0.12;0.768873015712908;1.14220093474361;17.5438448483443;72.6229871802734;92.7674348130653;86.9099582510548;29.1720301143673;12.7621130641089
1.6;1.34580269836506;1.20367167745748;1.19627024033088;0.966376653478052;0.953535536630105;1.53915171438574;1.23451805825911;1.2;1.2;0.560061240901636;0.2;0.2;0.167576569230246;0.179231962705586;0.2;1.03284256922374;2.84799642942763;1.15743347339784;0.96;18.8448036348232;4.87354381366209;0.96;2.48154155887942;0.96;6.28918946724254;0.96;0.96;0.96;0.977587052451633;1.04;10.6791018890025;32.2451654365002;25.4556677048087;0.931094789303075;0.12;0.917958248270649;1.04;1.250141806838;1.51435496486615;0.739881167159012;0.12;0.12;0.12;51.3911697332982;103.85232357789;106.12;106.046307934905;102.708778634323;72.2613320381444
1.42489422472256;1.102951521257;1.2;1.19322021854542;1.09192985314181;1.2;1.2;1.2;1.2;0.903462623441653;0.2;0.2;0.2;0.2;0.2;0.731960498628637;2.22284676453018;0.483480321556522;0.283106252181949;0.96;17.8564899512507;15.9653446420614;0.96;13.0301518152841;10.4122670259494;23.0771119870025;12.569476487713;0.96;0.96;0.960742030267686;1.01635885469712;1.04;5.28326503294791;8.64861535996248;0.12;0.12;0.562716930959746;1.04;1.56495861468054;2.37621411371045;1.9321044775503;0.130355059706932;0.133379369853967;0.12;0.251161368713531;90.581285125241;106.12;106.12;106.12;106.12
1.17514307456315;1.2;1.2;1.2;1.2;1.2;1.2;1.2;1.113492801338;0.354062288982409;0.208403413933987;0.210184656065881;0.2;31.1916467506675;61.3362318411499;65.7171395140955;20.9760629471488;0.12;0.2451428979374;2.83538571035452;20.078346484832;19.4832760989147;8.57432252694559;7.64951258715185;7.74095075592995;11.9970919452294;5.56208821081935;0.96;0.96;0.96;0.993599258505247;1.04;1.04;0.759061338672834;0.12;0.12;0.210517151411999;0.873734948250752;1.02089458445272;1.00752861782443;2.97233205235685;1.1966210264184;0.871457190837564;0.3535263215253;0.946335165135143;27.253691494254;73.1421690955366;102.812829014108;106.12;106.12
1.15854061862108;1.2;1.2;1.2;1.2;1.2;1.2;1.2;1.24356559178952;0.2;0.700236125114555;0.424511722717434;22.4951373473285;82.1755553372034;85.96;85.96;0.848870093258936;0.12;0.175097320654519;4.10033856612842;23.2;7.33741737888958;0.96;0.96;0.96;0.96;0.96;0.96;0.96;0.96;0.970345139211882;1.04;1.04;0.948446003173899;0.255048437860926;0.12;0.12;0.192292566250929;0.124329729709782;0.192879154752893;3.06502181407996;1.2;1.2;1.11117398346857;1.09348250925426;1.2;1.2;90.6355121535312;106.12;106.12
1.2;1.2;1.2;1.2;1.2;1.3384264423577;1.52781160422452;1.62154079113654;2.18060221399879;1.27794021244152;1.19986000345622;12.6870013377175;78.5290397717917;85.96;85.96;58.5181610803393;0.832914679456464;0.12;0.12;1.95786262731309;12.1985536667891;4.29888505562074;0.96;0.96;0.96;0.96;0.96;0.96;0.96;0.96;0.966766194152646;1.04;1.04;1.04;0.653774437857213;0.12;0.12;0.12;0.12;0.12;2.65854967594231;1.2;1.2;1.2;1.2;1.2;1.2;46.9940448420868;106.12;106.12
1.2;1.25482835477844;1.26411625983088;1.55574112888058;1.73644976638563;2.05987476678075;2.24;2.24;1.9606040585864;1.22145883209143;1.2;30.7964282048422;72.0969438861494;29.8468657245921;40.1750559909971;20.0259608746959;0.12;0.12;0.12;0.186775388224618;0.96;0.96;0.96;0.96;0.96;0.96;0.96;0.96;0.96;0.96;0.963187319606542;1.04;1.04;1.04;0.549658906827563;0.12;0.12;0.12;0.12;0.958791782376901;3.15418235314714;1.68174355927014;1.2;1.2;1.2;1.2;44.8960221848349;89.4001460462221;106.12;106.12
1.1355942927468;1.62986362272635;1.96379981637838;2.24;2.05815241583303;1.97038366727447;1.68749845815673;1.34710390552171;1.25250380994156;1.2;1.27410802436188;31.9994136135295;66.8564295543941;42.1136349458192;0.12;0.12;0.12;0.12;0.12;0.130169747757632;0.96;0.96;0.96;0.96;0.96;0.96;0.96;0.96;0.96;0.96;0.960251603884064;0.806696985060444;0.982979140247079;0.939112235546112;0.394601026509927;0.12;0.12;0.12;0.12;0.947817556446092;3.11595220563598;2.24466027559759;1.20053998846476;1.2;1.2;1.2;6.91892445638762;83.4396928494323;106.12;106.12
1.13191606551722;1.2;1.29086589343514;1.55383541441886;1.2638849578375;1.2;1.2;1.2;1.2;1.2;4.57497261815853;48.32;72.315544569079;68.5016731131678;15.47014959131;66.639377947285;70.9676859015094;10.8800269129379;0.12;0.12;0.551340844335753;0.96;0.96;0.964400490090015;1.05955863126372;0.975361166318869;0.96;0.96;0.96;0.96;0.608098140242571;0.12;0.12;0.12;0.12;0.12;0.12;0.12;0.12;0.853705925972993;2.87469972185772;3.19974693743984;1.28554372421079;1.2;1.2;1.2;1.2;27.8040884166625;96.8150727708181;95.2935223013222
1.2;1.2;1.2;1.2;1.2;1.2;1.2;1.2;1.2;1.2;2.43134167967895;49.4232300136566;71.8763917732041;72.3970114765051;18.1917823222101;89.6;89.6;16.9532157610415;0.12;0.12;0.511253497814387;0.959691376350428;0.96;1.05610623908936;1.2;1.15586098101979;1.04479216469006;0.96;0.877111890398143;0.257538819209246;0.144992278167393;0.12;0.12;0.12;0.12;0.12;0.12;0.12;0.12;0.759596149909357;2.57188473997377;2.42360115720137;1.2;1.2;1.2;1.2;1.2;1.2;14.1672695183957;37.4569255737596
1.2;1.2;1.2;1.2;1.2;1.2;5.47622617542753;17.5029810320042;12.488354950689;1.2;21.3447091369589;77.3659762091834;85.96;76.2922730850072;14.1347431316402;89.6;89.6;21.0017575964187;0.12;0.12;0.123716065671327;0.911845033402881;0.970471067398175;1.15713695926473;1.2;1.2;1.13776320359431;0.433841464970405;0.511088022038328;1.37669185451972;0.355556333771339;0.12;0.12;0.158692905872823;0.12;0.12;0.279845346810384;0.38106024163145;0.489458162336276;1.13502123226998;1.59668595460971;1.40071808730383;1.2;1.2;1.2;1.2;1.2;1.2;1.2;1.2
12.4353979327986;1.2;1.2;4.97399819726993;34.0825613673505;36.3830752028415;41.1330823366532;52.212687671342;41.5902685104181;1.2;77.8030750241292;85.96;85.96;80.8886369616495;14.5094469467529;82.1998297309499;89.6;25.0502196550289;0.12;0.12;0.12;0.66769792825318;1.13548078840996;1.2;1.2;1.2;0.652420113679367;0.12;0.822344080265099;3.2;1.41660344857186;0.132871222135843;0.356676957356118;0.646823304518864;0.124913071853677;0.344654950419979;1.07367882935377;1.17057397654237;1.13467075175052;1.2;1.2;1.2;1.2;1.2;1.2;1.2;1.2;1.2;1.2;1.2
37.8939457354118;4.01234499195661;2.81876642043042;4.51546991069338;39.2516357950892;36.8941849631559;29.4058635723604;9.97656953974663;7.96944851164904;1.2;19.1255632814552;60.2837677319379;85.96;85.96;39.2708768003683;42.660691179766;89.6;29.0986019361428;0.12;0.12;0.12;0.745572109919118;1.19015427218309;1.2;1.2;1.04985194519401;0.233607424941449;0.464647749656726;2.83263625037012;3.2;3.16729935242184;2.4477250941032;1.39075605036262;1.04;0.731495195799204;1.1895797335099;1.2;1.2;1.2;1.2;1.2;1.2;1.2;2.77265888032473;1.2;1.2;1.2;1.2;1.2;1.2
38.18457182762;40.76;19.7474748832162;1.14399230717988;0.951364558666991;0.877991210653044;0.84;0.877191248386168;1.15293832193692;1.2;1.2;34.1102514669301;85.96;85.96;50.5113943945143;27.5501853944673;89.6;47.108372277211;0.12;0.12;0.12;0.991990026857564;1.2532971790521;1.22256279260486;1.2;0.62876034107771;0.791518441217042;0.663876630374782;3.2;3.2;3.2;2.4059736278798;1.23865739159653;1.04;1.07201983432408;1.19432958669349;1.2;1.2;13.0064515293567;34.456410563463;49.4443393479328;46.0789669283922;15.7452659330393;31.3014180831685;1.2;1.2;1.2;1.2;1.2;1.2
24.9200200964755;32.1085924885018;1.93763817129394;0.84;0.84;0.845902274651827;0.941833929881081;1.08620648857347;1.2;1.2;1.2;49.4609947216933;85.1827497391077;85.96;58.6428611724881;2.75094056820202;78.9504080638349;44.6439480428504;0.12;0.976334693566211;1.54182047932586;2.09853698080393;2.61051109618779;1.59523869276574;0.827521882527262;0.645451921118835;1.04;1.14678008385738;3.2;3.08904234470838;1.52222396429441;1.0527915967602;1.04;1.04;1.04;1.1809356116714;1.2;1.23715072768059;32.380643790633;53.48;53.48;53.48;53.48;15.0810827033933;1.2;1.2;1.2;1.2;1.2;1.2
