0.24;0.238042690617326;0.175398385615372;0.24;0.0294455106731624;0;0;0;0;0;0;0;0.0755383989713542;0.23659471773755;0.24;0.24;0.24;0.24;0.24;0.24;0.24;0.0227932603069581;0;0;0;0;0;0.0112798851515379;0.075045841855194;0.0116386148448691;0.0351011500488755;0.0252209535569884;0.00302778123813372;0;0;0;0;0.0538301719769835;0.08;0.08;0.08;0.0317651674851282;0;0.0238157046915032;0.08;0.08;0.0380894066782394;0.0085850054897368;0.0531836259311776;0.0705591057715898
0.24;0.233579438442271;0.0640856191584179;0.194390135660075;0.0312645064713433;0;0;0;0;0;0;0.0561372629370168;0.231400387310148;0.24;0.24;0.24;0.24;0.24;0.24;0.210531301565375;0.193988524653199;0.0236972727083787;0;0;0;0;0;0.0102392545152743;0.0325956098383571;0;0;0;0;0;0;0;0.000376244622048397;0.0758019851920382;0.08;0.08;0.0597139181790195;0.00246696664509999;0;0.0371151964545062;0.08;0.08;0.08;0.08;0.08;0.0606513416861184
0.217555089541663;0.0345188705742858;0;0.0105295026656544;0.0071127177849307;0;0;0;0;0;0.0126211297969246;0.202583462215477;0.24;0.24;0.24;0.24;0.24;0.24;0.24;0.130835270389169;0.0146873039874326;0;0;0;0;0;0;0;0;0;0;0;0;0;0;0.00785661587828603;0.0536353478251521;0.08;0.08;0.08;0.0307530421730516;0;0.000488732561357761;0.064693721438986;0.08;0.08;0.08;0.08;0.08;0.068197343202401
0.235227285473564;0.136657606409674;0;0;0;0;0;0;0;0;0.113325853867215;0.164721084465842;0.205343376138439;0.24;0.24;0.24;0.24;0.24;0.24;0.215113085551544;0.0402969178622976;0;0;0;0;0;0;0;0;0;0;0;0;0;0.00159497976088896;0.0663062797614625;0.08;0.08;0.08;0.0765959381490028;0.00547896895919024;0;0.0428793920056483;0.08;0.08;0.08;0.08;0.0755155563343276;0.08;0.0627389504697083
0.216776618453957;0.0516237421847924;0;0;0;0;0;0.00995129246418756;0.127986889519016;0.113007492714096;0.0392169783848409;0.196366862242467;0.0846171132822521;0.177449952217784;0.212617161323342;0.139682843012218;0.24;0.24;0.239854714729684;0.24;0.135074929040764;0;0;0;0;0;0;0;0;0;0;0;0;0;0.0601631317241599;0.0338491959449719;0.08;0.08;0.079971990598109;0.0393543471303235;0;0.0183583321942448;0.0784461990142171;0.08;0.08;0.08;0.0501073981158341;0.00899399976097047;0.08;0.0174019777857188
0.073332414297199;0.00711786986977046;0;0;0;0;0;0.0180630534160328;0.214801897851772;0.133798198311591;0.191519230649862;0.24;0.031078459031973;0.146800627267921;0.115923774491887;0.0426376258325497;0.0942664307842417;0.0156526867409237;0.15626941513685;0.153810601942604;0.157955649031978;0;0;0;0;0;0;0;0;0;0;0;0;0;0.000952323552659203;0.0425540780598334;0.08;0.08;0.0799589413767681;0;0.0125175949186321;0.0681425129154914;0.0487303657344235;0.0790184470432773;0.0655898231306965;0.0144800097949803;0.00158585281971201;0.0255433842237582;0.0708961305397946;0.0125719301238692
0;0;0;0;0;0;0;0.0851206834260374;0.22094925644924;0.24;0.236234489566997;0.194663505201973;0.0372824616387786;0.21922574530011;0.0567961202122872;0.14860826529013;0;0;0;0.0153261295303023;0.175517400181573;0.0171185070015385;0;0;0;0;0;0;0;0;0;0;0;0;0.0136978686484508;0.08;0.08;0.063212648038827;0.0110564186990563;0.0263779289797373;0.0708818791602839;0.0271442077225373;0.00145236711610518;0.067702381114016;0.0367373214086941;0;0;0.0307336577797833;0.0134671797336576;0
0;0;0;0;0;0;0;0.0477989434724499;0.186891321683943;0.0468079312492856;0.0595016694036188;0;0.0191781015305146;0.175647406358853;0.117288959175751;0.144216102646458;0;0;0;0;0.106075903708228;0.0629323854600079;0;0;0;0;0;0;0;0;0;0;0;0;0.00611059937458485;0.08;0.0723832713184804;0.00754092586952763;0.00943251723686127;0.0756272801076142;0.08;0.0237828884469345;0;0.08;0.0598766451297802;0.0026788631666616;0;0;0;0
0;0;0;0;0;0;0;0.0588814368350465;0.0397379963763596;0;0;0;0.00815540470400324;0.015405152850227;0;0;0;0;0;0;0.0111623735322221;0.0535441701413781;0;0;0;0;0;0;0;0;0;0;0;0;0.0323185337912585;0.08;0.0307844555633643;0;0.0599029477457456;0.08;0.0514753044667654;0.00661184835245014;0;0.0585109202270959;0.08;0.0158816324441694;0;0;0;0
0;0;0;0;0;0;0;0;0;0;0;0;0;0;0;0;0;0;0;0;0;0;0;0;0;0;0;0;0;0;0;0;0;0.0144206811212477;0.078881979738861;0.08;0.0282627608278766;0.0271352045844844;0.08;0.0500143811589024;0.0153933830540321;0;0;0.0357546288493089;0.08;0.0234390912024304;0;0;0;0
0;0;0;0;0;0;0;0;0;0;0;0;0;0;0;0;0;0;0;0;0;0;0;0;0;0;0;0;0;0;0;0;0;0.00948040218995884;0.08;0.08;0.030331841098508;0.0348010834096646;0.0434126969675534;0;0;0;0;0.0281931277416647;0.0724410817234837;0.00769510528740073;0;0;0;0
0;0;0;0;0;0;0;0;0;0;0;0;0;0;0;0;0;0;0;0;0;0;0;0;0;0;0;0;0;0;0;0;0;0.0208231495935551;0.08;0.0623688860991468;0.000550428782653799;0.0100767382209815;0.0051157456318868;0;0;0;0;0.019897634873547;0.0238613292632142;0;0;0;0;0
0;0;0;0;0;0;0;0;0;0;0;0;0;0;0;0;0;0;0;0;0;0;0;0;0;0;0;0;0;0;0;0;0;0.0372205746744926;0.0622544427133165;0.0112796494173423;0;0;0;0;0;0;0;0;0;0;0;0;0;0
0;0;0;0;0;0;0;0;0;0;0;0;0;0;0;0;0;0;0;0;0;0;0;0;0;0;0;0;0;0;0;0;0;0.0125625003227819;0.00488350661527365;0;0;0;0;0;0;0;0;0;0;0;0;0;0;0
0;0;0;0;0;0;0;0;0;0;0;0;0;0;0;0;0;0;0;0;0;0;0;0;0;0;0;0;0;0;0;0;0;0;0;0;0;0;0;0;0;0;0;0;0;0;0;0;0;0
0;0;0;0;0;0;0;0;0;0;0;0;0;0;0;0;0;0;0;0;0;0;0;0;0;0;0;0;0;0;0;0;0;0;0;0;0;0;0;0;0;0;0;0;0;0;0;0;0;0
0;0;0;0;0;0;0;0;0;0;0;0;0;0;0;0;0;0;0;0;0;0;0;0;0;0;0;0;0;0;0;0;0;0;0;0;0;0;0;0;0;0;0;0;0;0;0;0;0;0
0;0;0;0;0;0;0;0;0;0;0;0;0;0;0;0;0;0;0;0;0;0;0;0;0;0;0;0;0;0;0;0;0;0;0;0;0;0;0;0;0;0;0;0;0;0;0;0;0;0
0;0;0;0;0;0;0;0;0;0;0;0;0;0;0;0;0;0;0;0;0;0;0;0;0;0;0;0;0;0;0;0;0;0;0;0;0;0;0;0;0;0;0;0;0;0;0;0;0;0
0;0;0;0;0;0;0;0;0;0;0;0;0;0;0;0;0;0;0;0;0;0;0;0;0;0;0;0;0;0;0;0;0;0;0;0;0;0;0;0;0;0;0;0;0;0;0;0;0;0
0;0;0;0;0;0;0;0;0;0;0;0;0;0;0;0;0;0;0;0;0;0;0;0;0;0;0;0;0;0;0;0;0;0;0;0;0;0;0;0;0;0;0;0;0;0;0;0;0;0
0;0;0;0;0;0;0;0;0;0;0;0;0;0;0;0;0;0;0;0;0;0;0;0;0;0;0;0;0;0;0;0;0;0;0;0;0;0;0;0;0;0;0;0;0;0;0;0;0;0
0;0;0;0;0;0;0;0;0;0;0;0;0;0;0;0;0;0;0;0;0;0;0;0;0;0;0;0;0;0;0;0;0;0;0;0;0;0;0;0;0;0;0;0;0;0;0;0;0;0
0;0;0;0;0;0;0;0;0;0;0;0;0;0;0;0;0;0;0;0;0;0;0;0;0;0;0;0;0;0;0;0;0;0;0;0;0;0;0;0;0;0;0;0;0;0;0;0;0;0
0;0;0;0;0;0;0;0;0;0;0;0;0;0;0;0;0;0;0;0;0;0;0;0;0;0;0;0;0;0;0;0;0;0;0;0;0;0;0;0;0;0;0;0;0;0;0;0;0;0
0;0;0;0;0;0;0;0;0;0;0;0;0;0;0;0;0;0;0;0;0;0;0;0;0;0;0;0;0;0;0;0;0;0;0;0;0;0;0;0;0;0;0;0;0;0;0;0;0;0
0;0;0;0;0;0;0;0;0;0;0;0;0;0;0;0;0;0;0;0;0;0;0;0;0;0;0;0;0;0;0;0;0;0;0;0;0;0;0;0;0;0;0;0;0;0;0;0;0;0
0;0;0;0;0;0;0;0;0;0;0;0;0;0;0;0;0;0;0;0;0;0;0;0;0;0;0;0;0;0;0;0;0;0;0;0;0;0;0;0;0;0;0;0;0;0;0;0;0;0
0;0;0;0;0;0;0;0;0;0;0;0;0;0;0;0;0;0;0;0;0;0;0;0;0;0;0;0;0;0;0;0;0;0;0;0;0;0;0;0;0;0;0;0;0;0;0;0;0;0
0;0;0;0;0;0;0;0;0;0;0;0;0;0;0;0;0;0;0;0;0;0;0;0;0;0;0;0;0;0;0;0;0;0;0;0;0;0;0;0;0;0;0;0;0;0;0;0;0;0
0;0;0;0;0;0;0;0;0;0;0;0;0;0;0;0;0;0;0;0;0;0;0;0;0;0;0;0;0;0;0;0;0;0;0;0;0;0;0;0;0;0;0;0;0;0;0;0;0;0
0;0;0;0;0;0;0;0;0;0;0;0;0;0;0;0;0;0;0;0;0;0;0;0;0;0;0;0;0;0;0;0;0;0;0;0;0;0;0;0;0;0;0;0;0;0;0;0;0;0
0;0;0;0;0;0;0;0;0;0;0;0;0;0;0;0;0;0;0;0;0;0;0;0;0;0;0;0;0;0;0;0;0;0;0;0;0;0;0;0;0;0;0;0;0;0;0;0;0;0
0;0;0;0;0;0;0;0;0;0;0;0;0;0;0;0;0;0;0;0;0;0;0;0;0;0;0;0;0;0;0;0;0;0;0;0;0;0;0;0;0;0;0;0;0;0;0;0;0;0
0;0;0;0;0;0;0;0;0;0;0;0;0;0;0;0;0;0;0;0;0;0;0;0;0;0;0;0;0;0;0;0;0;0;0;0;0;0;0;0;0;0;0;0;0;0;0;0;0;0
0;0;0;0;0;0;0;0;0;0;0;0;0;0;0;0;0;0;0;0;0;0;0;0;0;0;0;0;0;0;0;0;0;0;0;0;0;0;0;0;0;0;0;0;0;0;0;0;0;0
0;0;0;0;0;0;0;0;0;0;0;0;0;0;0;0;0;0;0;0;0;0;0;0;0;0;0;0;0;0;0;0;0;0;0;0;0;0;0;0;0;0;0;0;0;0;0;0;0;0
0;0;0;0;0;0;0;0;0;0;0;0;0;0;0;0;0;0;0;0;0;0;0;0;0;0;0;0;0;0;0;0;0;0;0;0;0;0;0;0;0;0;0;0;0;0;0;0;0;0
0;0;0;0;0;0;0;0;0;0;0;0;0;0;0;0;0;0;0;0;0;0;0;0;0;0;0;0;0;0;0;0;0;0;0;0;0;0;0;0;0;0;0;0;0;0;0;0;0;0
0;0;0;0;0;0;0;0;0;0;0;0;0;0;0;0;0;0;0;0;0;0;0;0;0;0;0;0;0;0;0;0;0;0;0;0;0;0;0;0;0;0;0;0;0;0;0;0;0;0
0;0;0;0;0;0;0;0;0;0;0;0;0;0;0;0;0;0;0;0;0;0;0;0;0;0;0;0;0;0;0;0;0;0;0;0;0;0;0;0;0;0;0;0;0;0;0;0;0;0
0;0;0;0;0;0;0;0;0;0;0;0;0;0;0;0;0;0;0;0;0;0;0;0;0;0;0;0;0;0;0;0;0;0;0;0;0;0;0;0;0;0;0;0;0;0;0;0;0;0
0;0;0;0;0;0;0;0;0;0;0;0;0;0;0;0;0;0;0;0;0;0;0;0;0;0;0;0;0;0;0;0;0;0;0;0;0;0;0;0;0;0;0;0;0;0;0;0;0;0
0;0;0;0;0;0;0;0;0;0;0;0;0;0;0;0;0;0;0;0;0;0;0;0;0;0;0;0;0;0;0;0;0;0;0;0;0;0;0.161831151736126;2.13681746356394;1.55099832553286;0.453486818953675;0.00421017530458967;0;0;0;0;0;0;0
0;0;0;0;0;0;0;0;0;0;0;0;0;0;0;0;0;0;0;0;0;0;0;0;0;0;0;0;0;0;0;0;0;0;0;0;0;0.984501037254908;1.5243402753333;5.08;5.08;4.82810469623362;0.619157278417936;0;0;0;0;0;0;0
0;0;0;0;0;0;0;0;0;0;0;0;0;0;0;0;0;0;0;0;0;0;0;0;0;0;0;0;0;0;0;0;0;0;0;0;1.3541826770467;4.93757144545207;5.08;5.08;5.08;5.08;1.09920598343154;0;0;0;0;0;0;0
0;0;0;0;0;0;0;0;0;0;0;0;0;0;0;0;0;0;0;0;0;0;0;0;0;0;0;0;0;0;0;0;0;0;0;0.634549905761149;4.26566367157633;5.08;5.08;5.08;5.08;3.69980473477975;0.0154097338759923;0;0;0;0;0;0;0
0;0;0;0;0;0;0;0;0;0;0;0;0;0;0;0;0;0;0;0;0;0;0;0;0;0;0;0;0;0;0;0;0;0;0;2.62211043416523;4.4373590180439;5.08;5.08;5.08;5.08;2.5815254545413;0;0;0;0;0;0;0;0
0;0;0;0;0;0;0;0;0;0;0;0;0;0;0;0;0;0;0;0;0;0;0;0;0;0;0;0;0;0;0.00413933154774573;0.00718021164460792;0;0;0;2.42359202665056;0.712244658261817;1.12352661858334;4.50949030980439;5.08;5.08;2.9831288381902;0;0;0;0;0;0;0;0
0;0;0;0;0;0;0;0;0;0;0;0;0;0;0;0;0;0;0;0;0;0;0;0;0;0;0;0;0;0;0.0733264810143726;0.0595716972537339;0.0246804931892978;0;0;0;0;0;1.48177017075435;5.01482240837107;5.08;1.66097452416921;0;0;0;0;0;0;0;0
