11.8780537429939;1.28;1.28;1.28;1.28;1.28;1.28;1.28;1.28;1.28;1.28;1.28;1.28;1.28;1.19875454555925;0.592554511010409;1.2;1.2;1.2;1.2;1.2;1.2;1.2;1.2;1.2;1.2;1.2;1.2;1.2;1.2;1.1730491172667;1.1294861131575;1.2;1.13208522365231;0.419083523862302;0.278835429183727;0.301070055439665;0.122555661608062;0.129472470158784;0.674584904947664;0.398930677423699;0.637705684312157;0.531834419296898;0.326975836649409;0.0535783126773313;0.138088762403797;0.196273825321765;0.2;0.2;0.66435394570662
68.1767948607346;18.6987056458749;39.750588745951;5.99841922441731;1.28;1.28;1.28;1.28;1.28;1.28;1.28;1.28;1.28;1.28;1.27851063559785;0.862477205337147;1.2;1.2;1.2;1.2;1.2;1.2;1.2;1.2;1.2;1.2;1.2;1.2;1.2;1.2;0.534433176357004;0.233599777925393;0.568723991616787;0.401648206275894;0.08;0.238331624922293;0.434476397949268;0.718251497079387;0.358096159175444;0.766390728181285;0.754803998369474;0.351093079948652;0.0860179471406743;0.188855811130299;0.2;0.2;0.2;0.216038856582716;0.390430818574192;0.783948064983356
89.7200610827751;84.794049225836;21.2333181964608;2.17913831699958;1.28;1.28;1.28;1.28;1.28;1.28;1.28;1.28;1.28;1.28;1.28;1.24486188435862;1.2;1.2;1.2;1.2;1.2;1.2;1.2;1.2;1.2;1.2;1.2;1.2;1.2;1.2;0.671054227658269;0.08;0.08;0.08;0.175604062159732;0.590154118348233;0.8;0.762308343311356;0.618776407528932;0.745290511699757;0.326813157531567;0.146985324768035;0.2;0.2;0.2;0.2;0.208520940488889;0.678729139773823;0.8;0.754456336345989
1.86984890669286;14.3274723373559;1.28;1.28;1.28;1.28;1.28;1.28;1.28;1.28;1.28;1.28;1.28;1.28;1.28;1.26203042777923;1.20599390664452;1.2;1.2;1.2;1.2;1.2;1.2;1.2;1.2;1.2;1.2;1.2;1.2;1.16829782604235;0.341038195538263;0.182556222359473;0.771239792085606;1.12374631512985;1.2;1.01746425732261;0.8;0.8;0.8;0.388788937216884;0.120647177493259;0.189152674065026;0.2;0.2;0.2;0.249533204876831;0.686580155428441;0.79988976890761;0.8;0.781368139952421
2.09376259531729;1.60722078039907;1.59536611996444;1.28;1.28;1.28;1.28;1.28;1.28;1.28;1.28;1.28;1.28;1.28;1.28;1.28;1.23984295642602;1.2;1.2;1.2;1.2;1.2;1.2;1.2;1.2;1.2;1.2;1.2;1.2;1.2;0.669876559241212;0.977019547414124;1.2;1.2;1.2;0.922461022501346;0.944548734133887;0.8;0.8;0.184820058961306;0.193164635918066;0.2;0.2;0.2;0.207585319609515;0.273862103911905;0.450022715331085;0.755512899242949;0.8;0.8
3.36;3.2599667801447;2.61652611280926;2.33143522094302;2.26317797419808;1.31317668701391;1.28;1.28;1.28;1.28;1.28;1.28;1.28;1.28;1.28;1.28;1.27494255561305;1.21671484392569;1.2;1.2;1.2;1.2;1.2;1.2;1.2;1.2;1.2;1.2;1.2;1.2;1.2;1.2;1.2;1.2;1.19748013845054;1.24478866416388;1.24424982615227;0.942673765062211;0.8;0.370760048084768;0.169432462937489;0.226892774736836;0.341305674334988;0.210987089519787;0.235998437389731;0.631924430224611;0.759648271818806;0.8;0.8;0.8
2.9128394861389;2.30414081323752;1.28;1.28;1.28;1.28;1.28;1.28;1.28;1.28;1.28;1.28;1.28;1.28;1.28;1.28;1.28;1.26197054957046;1.20025563808326;1.2;1.2;1.2;1.2;1.2;1.2;1.2;1.2;1.2;1.2;1.2;1.2;1.2;1.2;1.2;1.29596770544715;1.10142833185145;0.815362706107274;1.41347276183106;1.28443603959621;0.776649180608123;0.513165657771029;0.609860761331504;0.8;0.292388141870266;0.2;0.309514484502543;0.791253115195548;0.8;0.8;0.8
1.28;1.28;1.28;1.28;1.28;1.28;1.28;1.28;1.28;1.28;1.28;1.28;1.28;1.28;1.28;1.28;1.28;1.28;1.23265612514408;1.2;1.2;1.2;1.2;1.2;1.2;1.2;1.2;1.2;1.2;1.2;1.2;1.2;1.2;1.2;1.39702798766362;1.14521535822795;0.8;1.20125667086293;1.50319643928402;1.00673989340074;0.8;0.8;0.8;0.619233962939594;0.2;0.2;0.721900792765664;0.8;0.8;0.798791522088646
1.28;1.28;1.28;1.28;1.28;1.28;1.28;1.28;1.28;1.28;1.28;1.28;1.28;1.28;1.28;1.28;1.28;1.27669666130955;1.02277903178181;1.08358299039631;1.2;1.2;1.2;1.2;1.2;1.2;1.2;1.2;1.2;1.2;1.12247895776327;1.1985731011544;1.0469574915132;0.848963894547895;0.802948397899504;0.8;0.8;0.8;0.8;0.8;0.8;0.8;0.8;0.738266820660327;0.2;0.2;0.641094883781625;0.8;0.8;0.715553008587252
15.4223869283231;1.28;1.28;1.28;1.28;1.28;1.28;1.28;1.28;1.28;1.28;1.28;1.28;1.28;1.28;1.28;1.28;1.11672842349842;0.8;0.858510960011369;1.15123191265356;1.16736735773692;1.10795362303266;1.04855627376959;0.988084813135676;1.12345326393829;1.2;1.2;1.2;1.17629382653781;0.905762711601785;1.17027944205689;1.08078957047362;0.815713556745054;0.8;0.8;0.8;0.8;0.8;0.8;0.8;0.8;0.8;0.799456159475725;0.220031463312607;0.584304245155538;0.745380558252311;0.8;0.8;0.648125181650277
1.28;1.28;1.28;1.28;1.28;1.28;1.28;1.28;1.28;1.28;1.28;1.28;1.28;1.28;1.28;1.28;1.21499308662055;0.823638281390695;0.8;0.8;0.812505857647973;0.8;0.8;0.8;0.8;0.8;0.867495554321826;0.913606754545536;0.953993104583584;0.884615015120769;1.03324656240893;1.19751325554438;1.2;0.955175405664478;19.0158679608571;17.7988433247315;0.8;0.8;0.8;0.8;0.8;0.8;0.8;0.8;0.787059217987035;0.8;0.8;0.8;0.798658935819849;0.660531324917357
1.28;1.28;1.28;1.28;1.28;1.28;1.28;1.28;1.28;1.28;1.28;1.28;1.28;1.28;1.28;1.28;1.07764706334442;0.8;0.8;0.8;0.8;0.8;0.8;0.8;0.8;0.8;0.8;0.8;0.8;0.8;0.813418427385516;0.896562998745643;1.04539150616267;7.54436209073758;44.9872461829319;33.234926130435;0.8;0.8;0.8;0.8;0.8;0.8;0.8;0.8;0.8;0.8;0.8;0.8;0.744368158636393;0.6
1.28;1.28;1.28;1.28;1.28;1.28;1.28;1.28;1.28;1.28;1.28;1.28;1.28;1.28;1.28;1.28;1.06367728961163;0.8;0.8;0.8;0.8;0.8;0.8;0.8;0.8;0.8;0.8;0.8;0.8;0.8;0.8;2.02415843470239;30.132043755774;38.5278453323156;45.52;29.561738882605;4.79042546918104;0.8;0.8;0.8;0.8;0.8;0.8;0.8;0.8;0.8;0.8;0.733363235630109;0.615922435054218;0.6
1.28;1.28;1.28;1.28;1.28;1.28;1.28;1.28;1.28;1.28;1.28;1.28;1.25851069538998;1.25527715604268;1.28;1.28;1.27229970438387;0.802241153590754;0.8;0.8;0.8;0.8;0.8;0.8;0.8;0.8;0.8;0.8;0.8;0.8;0.8;7.16168426298967;15.3271627252551;20.8857776951802;44.3639463317559;24.3756061814784;6.77289245550047;1.14424177861502;0.973777699416564;0.8;0.8;0.8;0.8;0.8;0.8;0.784552267615777;0.67512026216013;0.57602207260045;0.591262714197119;0.578421955155139
1.28;1.28;1.28;1.28;1.28;1.28;1.28;1.28;1.246871746478;1.27497040340263;1.20306512142648;1.08392658348326;1.01241025655862;1.10379143714786;1.27583192816717;1.23147814072231;1.05941644790702;0.803682736620734;0.8;0.8;0.8;0.8;0.8;0.8;0.8;0.8;0.8;0.8;0.8;0.8;0.8;0.8;0.8;6.88646796179473;10.4614423335104;26.3382664665141;24.4710450313031;2.09275458338522;1.1937367469932;0.8;0.8;0.8;0.8;0.8;0.764582934045361;0.620000188904116;0.56;0.56;0.560021076370767;0.56
1.28;1.28;1.28;1.28;1.28;1.28;1.28;1.19257434644883;0.92;1.00034604798062;0.949071524146292;0.92;0.92;0.924801771667665;0.930215419718437;0.92;0.887385596258031;0.81294777534681;0.800900946246246;0.8;0.8;0.8;0.8;0.8;0.8;0.8;0.8;0.8;0.8;0.8;0.8;0.8;0.8;0.8;0.8;0.8;0.8;0.909614737566035;1.44724366117015;0.993931718049681;0.814897610680808;0.8;0.797135146559978;0.713619051294578;0.575206282607772;0.56;0.56;0.56;0.56;0.56
1.28;1.28;1.28;1.28;1.28;1.28;1.28;1.07796129087354;0.92;0.92;0.92;0.92;0.92;0.92;0.92;0.92;0.92;0.914985882367507;0.871924155426609;0.8;0.8;0.8;0.8;0.8;0.8;0.8;0.8;0.8;0.8;0.8;0.8;0.8;0.8;0.8;0.8;0.8;0.8;1.01296467308452;1.09659909888768;1.266900578753;0.822582639330891;0.799329704448208;0.659712741665237;0.56;0.56;0.56;0.56;0.56;0.56;0.56
1.28;1.28;1.28;1.28;1.28;1.28;1.28;1.04508054961744;0.92;0.92;0.92;0.92;0.92;0.92;0.92;0.92;0.92;0.92;0.912651819857582;0.8;0.8;0.8;0.8;0.8;0.8;0.8;0.8;0.8;0.8;0.8;0.664004691893709;0.654414707590124;0.648402601350564;0.657326367538415;0.698620684476476;0.783188053343379;0.8;0.8;0.8;0.793143037592745;0.725595811399817;0.595512218660393;0.56;0.56;0.56;0.56;0.56;0.56;0.56;0.56
1.28;1.28;1.28;1.28;1.28;1.28;1.25367772776277;0.958026137243708;0.92;0.92;0.92;0.92;0.92;0.92;0.92;0.92;0.92;0.92;0.92;0.855064904838807;0.817945229487404;0.8;0.8;0.8;0.8;0.8;0.8;0.8;0.8;0.8;0.637549824922073;0.56;0.56;0.56;0.56;0.594683058147063;0.675240638297878;0.75254709429294;0.739424650441606;0.63678910955726;0.56;0.56;0.56;0.56;0.56;0.56;0.56;0.56;0.56;0.56
1.28;1.28;1.28;1.28;1.28;1.28;1.22506153568272;0.92;0.92;0.92;0.92;0.92;0.92;0.92;0.92;0.92;0.92;0.92;0.92;0.92;0.872457561864564;0.8;0.8;0.8;0.8;0.8;0.8;0.8;0.8;0.8;0.583640471384488;0.56;0.56;0.56;0.56;0.56;0.56;0.569065736928436;0.56467235903237;0.56;0.56;0.56;0.56;0.56;0.56;0.56;0.56;0.56;0.56;0.56
1.22875709285901;1.28;1.28;1.28;1.28;1.28;1.13858846278041;0.92;0.92;0.92;0.92;0.92;0.92;0.92;0.92;0.92;0.92;0.92;0.92;0.92;0.914891531525684;0.824029177473982;0.8;0.8;0.8;0.8;0.8;0.8;0.8;0.8;0.616098681614362;0.56;0.56;0.56;0.56;0.56;0.56;0.56;0.56;0.56;0.56;0.56;0.56;0.56;0.56;0.56;0.56;0.56;0.56;0.56
1.0568431475386;1.28;1.28;1.28;1.28;1.28;1.10834815301748;0.92;0.92;0.92;0.92;0.92;0.92;0.92;0.92;0.92;0.92;0.92;0.92;0.92;0.907965353658329;0.803063413827643;0.8;0.8;0.8;0.8;0.8;0.8;0.8;0.766430887967969;0.579732249848741;0.56;0.56;0.56;0.56;0.56;0.56;0.56;0.56;0.56;0.56;0.56;0.56;0.56;0.56;0.56;0.56;0.56;0.56;0.56
1.004143869894;1.28;1.28;1.28;1.28;1.27469247551696;1.00244962955435;0.92;0.92;0.92;0.92;0.92;0.92;0.92;0.92;0.92;0.92;0.92;0.92;0.92;0.900666729514532;0.800209033036931;0.8;0.8;0.8;0.8;0.8;0.8;0.8;0.620043466539734;0.56;0.56;0.56;0.56;0.56;0.56;0.56;0.56;0.56;0.56;0.56;0.56;0.56;0.56;0.56;0.56;0.56;0.56;0.56;0.56
0.938701978545636;1.28;1.28;1.28;1.28;1.26022663990865;0.92;0.92;0.92;0.92;0.92;0.92;0.92;0.92;0.92;0.92;0.92;0.92;0.92;0.92;0.88971948543025;0.807208092288021;0.8;0.8;0.8;0.8;0.8;0.8;0.769300288590608;0.575850349843543;0.56;0.56;0.56;0.56;0.56;0.56;0.56;0.56;0.56;0.56;0.56;0.56;0.56;0.56;0.56;0.56;0.56;0.56;0.56;0.56
0.873261391043104;1.28;1.28;1.28;1.28;1.28;0.939655087853083;0.92;0.92;0.92;0.92;0.92;0.92;0.92;0.92;0.92;0.92;0.92;0.92;0.92;0.92;0.830612082609534;0.8;0.8;0.8;0.8;0.8;0.795187976254905;0.612451552517169;0.56;0.56;0.56;0.56;0.56;0.56;0.56;0.557768625431597;0.46706865789704;0.344778022292186;0.433270522126036;0.56;0.56;0.56;0.56;0.56;0.56;0.56;0.56;0.56;0.56
1.05458783738258;1.28;1.28;1.28;1.28;1.27454995211391;0.977694770975385;0.92;0.92;0.92;0.92;0.92;0.92;0.92;0.92;0.92;0.92;0.92;0.92;0.92;0.92;0.899527219685091;0.8;0.734412219554318;0.594090484393109;0.700166169219602;0.780667786108791;0.766027113629342;0.561104461207251;0.56;0.56;0.56;0.56;0.56;0.56;0.56;0.3775926982385;0.240152371724102;0.326221416996636;0.56;0.56;0.56;0.56;0.56;0.56;0.56;0.56;0.56;0.56;0.56
1.26561291119414;1.28;1.27336283924027;1.28;1.20408097044857;1.0655869293973;0.92;0.92;0.92;0.92;0.92;0.92;0.92;0.92;0.92;0.92;0.92;0.92;0.92;0.92;0.92;0.917937823254941;0.76003484927032;0.59132857110484;0.56;0.56;0.583080907095176;0.595302014806915;0.56;0.56;0.56;0.56;0.56;0.56;0.56;0.56;0.329866940859295;0.24;0.245809852000082;0.540531131414936;0.56;0.56;0.56;0.56;0.56;0.56;0.56;0.56;0.56;0.56
1.28;1.11054062829396;0.97584836370154;1.02496618554629;0.952658540447148;0.92;0.92;0.92;0.92;0.92;0.92;0.92;0.92;0.92;0.92;0.92;0.92;0.92;0.92;0.92;0.92;0.92;0.683049466174703;0.56;0.56;0.56;0.56;0.56;0.56;0.56;0.56;0.56;0.56;0.56;0.56;0.56;0.537589259659011;0.409305806201887;0.53159034419246;0.56;0.56;0.56;0.56;0.56;0.56;0.56;0.56;0.56;0.56;0.56
1.08764136560479;0.936582082695619;0.92;0.92;0.92;0.92;0.92;0.92;0.92;0.92;0.92;0.92;0.92;0.92;0.92;0.92;0.92;0.92;0.92;0.92;0.86493388336946;0.785350141002564;0.599243837058167;0.56;0.56;0.56;0.56;0.56;0.56;0.56;0.56;0.56;0.56;0.56;0.56;0.56;0.56;0.56;0.56;0.56;0.56;0.56;0.56;0.56;0.56;0.56;0.56;0.56;0.56;0.56
0.92;0.92;0.92;0.92;0.92;0.92;0.92;0.92;0.92;0.92;0.92;0.92;0.92;0.92;0.92;0.92;0.92;0.92;0.92;0.92;0.862823999984672;0.56;0.56;0.56;0.56;0.56;0.56;0.56;0.56;0.56;0.56;0.56;0.56;0.56;0.56;0.56;0.56;0.56;0.56;0.56;0.56;0.56;0.56;0.56;0.56;0.56;0.56;0.56;0.56;0.56
0.92;0.92;0.92;0.92;0.92;0.92;0.92;0.92;0.92;0.92;0.92;0.92;0.92;0.92;0.92;0.92;0.92;0.92;0.92;0.92;0.92;0.584643183473498;0.56;0.56;0.56;0.56;0.56;0.56;0.56;0.56;0.56;0.56;0.56;0.56;0.56;0.56;0.56;0.56;0.56;0.56;0.56;0.56;0.56;0.56;0.56;0.56;0.56;0.56;0.56;0.56
0.92;0.92;0.92;0.92;0.92;0.92;0.92;0.92;0.92;0.92;0.92;0.92;0.92;0.92;0.92;0.92;0.92;0.92;0.92;0.92;0.90053899207537;0.607399733652813;0.56;0.56;0.56;0.56;0.56;0.56;0.56;0.56;0.56;0.56;0.56;0.56;0.56;0.56;0.56;0.56;0.56;0.56;0.56;0.56;0.56;0.56;0.56;0.56;0.56;0.56;0.56;0.56
0.92;0.92;0.92;0.92;0.92;0.92;0.92;0.92;0.92;0.92;0.92;3.42501575923092;10.0342984770509;3.16097512876483;4.45256225563394;0.794047210067033;0.865697046414423;0.92;0.92;0.92;0.787605306941445;0.56;0.56;0.56;0.56;0.56;0.56;0.56;0.56;0.56;0.56;0.56;0.56;0.56;0.56;0.56;0.56;0.56;0.56;0.56;0.56;0.56;0.56;0.56;13.0900353835193;18.2439891732535;0.56;0.56;0.56;0.56
0.92;0.92;0.92;0.92;0.92;0.92;0.92;0.92;0.92;0.92;32.4772611623728;35.0018823828559;40.6351325101538;24.3028271431194;10.4602734445688;0.510686453827236;0.882051859964358;0.92;0.92;0.92;0.914248086225335;0.56161617609472;0.56;0.56;0.56;0.56;0.56;0.56;0.56;0.56;0.56;0.56;0.56;0.56;0.56;0.56;0.56;0.56;0.56;0.56;0.56;0.56;0.56;3.11797816955345;27.0516151563434;33.2243034517119;2.50291094317873;0.56;0.56;0.56
0.92;0.92;0.92;0.92;0.92;0.92;0.92;0.92;0.92;0.92;19.2989234829948;57.36;57.1885596685109;54.6717685570261;35.973851504474;0.14600844169239;0.271514233569197;0.92;0.92;0.92;0.92;0.591039893197506;0.341638001093761;0.533315723608899;0.56;0.56;0.56;0.56;0.56;0.56;0.56;0.56;0.56;0.56;0.56;0.56;0.56;0.56;0.56;0.56;0.56;6.39780255237568;25.8500900297683;32.0289391915796;32.1277395497858;15.27464245341;0.56;0.56;0.56;0.56
0.92;0.92;0.92;0.92;0.92;0.92;0.92;0.92;0.92;0.92;11.6269812124369;57.36;15.1564420028691;8.52942678193282;14.1382321027362;0.372040366972166;0.335207244454707;0.887742795927252;0.647964518595292;0.92;0.742305754324791;0.237385208805682;0.119669422765565;0.274755682093211;0.56;0.56;0.56;0.56;0.56;0.56;0.56;0.56;0.56;0.56;0.56;0.56;0.56;0.56;0.56;0.56;0.56;17.2495806199776;3.82249873021198;16.9713764786896;1.07442136583401;3.45949844433774;0.56;0.56;0.56;0.56
0.92;0.92;0.92;0.92;0.92;0.92;0.92;0.92;0.92;0.92;2.44813043682235;28.8107122083999;12.9714896257361;1.10311286855947;0.570718225339934;0.575443365766199;0.92;0.487327107582781;0.173612543030998;0.5255955922929;0.246529569931104;0.12;0.12;0.437421122477581;0.503185063633166;0.488996805649806;0.505200594358375;0.553219548001308;0.56;0.56;0.56;0.56;0.56;0.56;0.56;0.56;0.56;0.56;0.56;0.56;0.56;4.9947207867926;0.56;0.56;0.56;0.56;0.56;0.56;0.56;0.56
0.92;0.92;0.92;0.92;0.92;0.92;0.92;0.913924319577322;0.891763998674686;0.92;1.18255239613091;1.7624260188859;1.88;1.09748678742154;0.92;0.92;0.92;0.847329882397337;0.453378600222542;0.50476002171915;0.203438151179686;0.12;0.12;0.322837972350104;0.1170699706269;0.133472290674755;0.246425105789738;0.474454748242825;0.56;0.56;0.56;0.56;0.56;0.56;0.56;0.56;0.56;0.56;0.56;0.56;0.56;0.56;0.56;0.56;0.56;0.56;0.56;0.56;0.56;0.56
0.85752237556203;0.896194244671612;0.92;0.92;0.92;0.92;0.91338647647412;0.832683532327414;0.803219978689882;0.885869977648447;1.24932741417927;1.88;1.72222431400049;0.94179254237054;0.92;0.92;0.92;0.92;0.92;0.918214618299157;0.418791782695396;0.12;0.12;0.0434442906560943;0.04;0.0463162103047852;0.232353002485922;0.537531441159395;0.56;0.448922229805173;0.56;0.56;0.56;0.56;0.56;0.56;0.56;0.56;0.56;0.56;0.56;0.56;0.56;0.56;0.56;0.56;0.56;0.56;0.239103365469248;0.0831044309563469
0.8;0.8043516451409;0.851664076910581;0.869094112489905;0.92;0.903258258646087;0.832961414522778;0.8;0.800184851511216;0.891979126940664;1.14503516309136;1.46571369069578;1.10952319071478;0.92;0.778295800156066;0.88230061976953;0.92;0.92;0.908129590393289;0.301412894507544;0.12;0.105280472674704;0.0749312180297721;0.04;0.04;0.04;0.04;0.135082517518408;0.144507573025767;0.109584834721592;0.439240333861102;0.56;0.56;0.56;0.56;0.56;0.56;0.56;0.56;0.56;0.56;0.56;0.56;0.549407714063841;0.521775985374514;0.56;0.56;0.51808920483237;0.0829135322428992;0.04
0.8;0.8;0.8;0.807969962111334;0.873656354585413;0.829812785937082;0.8;0.8;0.8;0.858982794038684;0.919588272696724;0.889531388041563;0.847986922121283;0.821416699210376;0.190738940912015;0.722087445868179;0.91134585296586;0.461264617192484;0.278344658765942;0.12;0.12;0.108876232597543;0.104422676124091;0.0541819528449484;0.04;0.04;0.04;0.04;0.04;0.04;0.0829248092520736;0.456636014224885;0.56;0.56;0.56;0.56;0.558896627299941;0.499353655281989;0.422387038988061;0.56;0.56;0.315380697290847;0.432785445227766;0.28509394156324;0.376990373557718;0.317970612823986;0.0646067928122356;0.378927181229843;0.04;0.04
0.8;0.8;0.8;0.8;0.8;0.8;0.8;0.8;0.8;0.800534481700571;0.841840860528278;0.802249326610235;0.800125102704628;0.471918046191194;0.12;0.255728742761544;0.702067395937216;0.263945104297462;0.12;0.403612750079574;0.554360003331436;0.146845840102913;0.12;0.0761091302252375;0.04;0.04;0.04;0.04;0.04;0.04;0.04;0.174717160311672;0.37016795659326;0.315245307578423;0.5347185594114;0.525683342955865;0.240201342608659;0.04;0.04;0.0846981420142182;0.541446539221511;0.120340520142375;0.0797617482118177;0.0466960860983405;0.166532068973847;0.0688009818311032;0.04;0.146465369562768;0.04;0.04
0.8;0.8;0.8;0.8;0.8;0.8;0.8;0.8;0.8;0.8;0.8;0.8;0.8;0.8;0.163701976171794;0.12;0.705425647232591;0.242409060312081;0.12;0.677681620595045;0.718885918998695;0.215234616637143;0.166471906324481;0.06631021141995;0.04;0.04;0.04;0.04;0.04;0.04;0.04;0.04;0.04;0.04;0.128072572610672;0.131684643032686;0.04;0.04;0.04;0.04;0.242766031969486;0.0542378967590852;0.04;0.04;0.04;0.04;0.04;0.04;0.04;0.04
0.8;0.8;0.8;0.8;0.8;0.8;0.8;0.8;0.8;0.8;0.72525776690655;0.486388442638787;0.711321634424749;0.8;0.283284935044606;0.12;0.142785978389382;0.12;0.12;0.381016138846508;0.524729169420368;0.814317047246681;0.479561586485584;0.0577800903968513;0.04;0.04;0.04;0.04;0.0461858316754133;0.247140634991834;0.140544334810235;0.04;0.04;0.04;0.04;0.04;0.04;0.04;0.04;0.04;0.04;0.04;0.04;0.04;0.04;0.04;0.04;0.04;0.04;0.04
0.8;0.8;0.8;0.8;0.8;0.8;0.8;0.8;0.726092045644726;0.438400188030285;0.445660368306842;0.04;0.124314852280605;0.589027282962149;0.596558648236153;0.30600267565483;0.12;0.12;0.12;0.12;0.136374968886375;0.92;0.827795891253278;0.285764242119265;0.225894030914551;0.04;0.04;0.04;0.04;0.454967773520669;0.304090442170819;0.04;0.04;0.04;0.04;0.04;0.04;0.04;0.04;0.04;0.04;0.04;0.04;0.04;0.04;0.04;0.04;0.04;0.04;0.04
0.8;0.8;0.8;0.8;0.8;0.8;0.8;0.726631442570482;0.184618714302058;0.395347351472939;0.530531384067592;0.04;0.04;0.04;0.194199781496753;0.676551884061268;0.12;0.12;0.12;0.12;0.151208590800369;0.855214186345769;0.588511563660737;0.415253368075432;0.666409664003566;0.109904344504065;0.04;0.04;0.04;0.156722941329335;0.522526937556288;0.107103450731491;0.130954561968116;0.149144367670528;0.04;0.04;0.04;0.04;0.04;0.04;0.04;0.04;0.04;0.04;0.04;0.04;0.04;0.04;0.04;0.04
0.8;0.8;0.8;0.8;0.8;0.8;0.8;0.726101079264101;0.04;0.0815826593189847;0.04;0.04;0.04;0.04;0.04;0.487243753175531;0.477951137608912;0.12;0.140113203716811;0.373803692768318;0.729384612787721;0.884553856651066;0.731864143526766;0.701013913146428;0.72;0.384505641186144;0.04;0.04;0.04;0.225965286385969;0.368787106523326;0.472874546475077;0.229819440718354;0.058915322032338;0.04;0.04;0.04;0.04;0.04;0.04;0.04;0.04;0.04;0.04;0.04;0.04;0.04;0.04;0.04;0.04
0.8;0.8;0.8;0.8;0.8;0.8;0.8;0.676700642057371;0.424503727412045;0.0546453928818767;0.249115488825014;0.04;0.04;0.04;0.04;0.157707241112211;0.353338936520248;0.12;0.129025038656401;0.730148839569802;0.72;0.72;0.72;0.72;0.72;0.597374575173305;0.0690666055037725;0.04;0.144947676811932;0.118017759611989;0.357959131598573;0.523252470004006;0.229669392405741;0.04;0.04;0.04;0.04;0.04;0.04;0.04;0.04;0.04;0.04;0.04;0.04;0.04;0.04;0.04;0.04;0.04
0.8;0.8;0.8;0.8;0.8;0.8;0.8;0.8;0.8;0.719156111920222;0.646725889019307;0.170681914576512;0.0463017896374034;0.04;0.04;0.0933370352386497;0.12;0.12;0.113646247970284;0.646300475091993;0.72;0.72;0.72;0.72;0.72;0.316790150823566;0.04;0.152639686492897;0.543524470707244;0.531215874883232;0.550042518558668;0.574227691743145;0.438035546197537;0.146158170505383;0.04;0.04;0.04;0.04;0.04;0.04;0.04;0.04;0.04;0.04;0.04;0.04;0.04;0.04;0.04;0.04
0.8;0.8;0.8;0.8;0.8;0.8;0.8;0.8;0.8;0.8;0.8;0.8;0.672272001969197;0.428402184646944;0.04;0.0496952055514975;0.0558622549170072;0.110201000048446;0.163716083059669;0.692586449349229;0.72;0.72;0.72;0.72;0.718892817853502;0.425795494878373;0.101515896735523;0.583518136667392;0.649330376474354;0.613268655552529;0.637445361244865;0.685779577807125;0.72;0.683577418910292;0.04;0.04;0.04;0.04;0.04;0.04;0.04;0.04;0.04;0.04;0.04;0.04;0.04;0.04;0.04;0.04
