0.56;0.56;0.56;0.688425359498261;0.56;0.56;0.564814738444418;0.845183919493484;1.19950844864189;0.831344394124822;0.744181466283835;0.56177096778624;0.56;0.56;0.584624720758216;0.699403843492456;0.939084228455134;4.42425273103851;7.86740383469953;2.88406425345268;0.56;1.08665157464965;1.14853263415883;1.14492142475587;1.19719296721697;1.2;1.2;1.2;1.2;1.2;1.09842317354311;0.676215864361688;0.52;0.52;0.52;0.52;1.55342177485236;1.82529061727239;0.921174990457478;0.976996826899559;0.52;0.52;0.52;0.52;0.52;0.52;0.52;0.52;0.52;0.110272805302832
0.56;0.56;0.56;0.56;0.56;0.56;0.56;0.605414994710591;1.28;1.10100163492988;1.09110218826085;0.729403970833414;0.56;0.56;0.910275071903509;1.28;3.36528559225239;7.38020357409073;4.17857918112971;5.66917592355156;1.87118962066938;0.733234915557621;0.983009510010807;1.19519015911412;1.19258207765226;1.18488344674062;1.2;1.2;1.2;1.17267201424078;0.766981948818544;0.52;0.52;0.52;0.52;0.523326516745333;0.5723315431525;0.913557859932775;1.55244567692083;1.69152943265334;1.4412239216227;1.11847070722416;0.52;0.52;0.52;0.52;0.52;0.52;0.52;0.0801899978335947
0.56;0.56;0.56;0.56;0.56;0.56;0.56;0.900404953056768;1.28;1.28;1.28;1.23801231685683;0.886327904588576;0.920872200719081;1.15845516200969;1.55675614558902;5.4458762098092;4.67910772840226;4.03864323353488;4.12250616268506;2.64798283799959;0.452989432600082;0.52;0.898620935513079;0.688793446988288;0.740190383713552;1.1127544208449;1.2;1.2;0.869796286212036;0.52;0.52;0.52;0.52;0.52;1.0342288028113;1.2;1.2;1.2;1.10041254123218;1.45972207202223;1.85426260552179;0.869668584207975;0.52;0.52;0.52;0.52;0.52;0.429575308024607;0.0596449697176062
0.56;0.56;0.56;0.56;0.56;0.56;0.56;1.15714172330233;1.28;1.28;1.28;1.21838604856907;1.09693393749199;1.27502111747334;1.22248435969974;2.06745662986299;2.99284819195735;2.13142184736662;5.8636303553906;0.110899045441726;0.509982352944807;0.47696864744841;0.52;0.52;0.52;0.523782264927956;0.88278392440662;1.2;1.2;1.18785130796555;0.870579869389823;0.479132573520692;0.352608065506619;0.470499853356506;0.539385317894267;1.19934319475142;1.2;1.2;0.825349855052691;0.577300251080881;1.15181000172105;1.71640939156265;0.987951883653056;0.428874260811694;0.193723886628766;0.101671761438996;0.414379321062635;0.52;0.482025034114398;0.315260182003106
0.56;0.56;0.56;0.56;0.56;0.56;0.56;0.976937027571067;1.27886273438903;1.28;1.28;1.03577125391822;0.897664766652717;0.848936499654241;0.639029810534801;1.23108447193205;0.56;0.56;0.705183851460587;0.382588757064833;1.22354658463908;0.721717404074111;0.52;0.52;0.52;0.874595773297936;1.2;1.2;1.2;1.2;1.2;0.704704938111235;0.336189540339336;0.0830653066019916;0.521327460842894;0.742350905402832;0.821031162349636;1.2;1.08473778392586;0.658431875007097;1.09485897618486;0.897220126735767;0.502210785034098;0.177854168847421;0.0762953031754541;0.04;0.0452977696569093;0.380847036850551;0.488536179711154;0.471146252776282
0.56;0.56;0.56;0.56;0.56;0.56;0.56;0.641742859112159;1.21320327378731;1.28;1.12751501015275;0.669554725001883;0.889246165298476;0.497494357244778;0.887730662507923;1.21492943064189;0.539764210217006;0.214380232118945;0.105233709584556;0.372426465339653;1.0897562970875;1.08575463071482;0.768796027984139;0.826279521418978;0.52;0.642442302532728;1.13940832854543;1.2;1.2;1.2;1.2;0.91488286821242;0.546863795289569;0.0545133604023001;0.0483522522182287;0.456173207311147;0.552258065405621;1.18059911062659;0.993637502838798;0.889059226997112;0.630100645881758;0.517869768925478;0.517922752632897;0.453822920868782;0.450716514942908;0.257647298048362;0.04;0.04;0.142311739581641;0.15322723865385
0.56;0.56;0.56;0.56;0.56;0.56;0.56;0.631928695424242;1.15429299990099;0.912873865465688;0.578721740914763;0.487142397241331;0.451540735307741;0.27393694991181;0.970770226289362;0.938418737544135;0.56;0.474818113881281;0.112338443729541;0.452408307752662;0.52;0.93721416306045;1.19139690033396;0.878544119947629;0.99134907215871;0.789086937602968;0.866514100440261;1.2;1.2;1.2;1.19440977167664;1.16511712086231;1.03364498044804;0.310376286946613;0.298664729864201;0.601315667033526;1.11687964412129;0.955159436135189;0.626589829282357;0.987150778825488;0.602047390215614;0.203813214316707;0.326047653635042;0.474447731681707;0.52;0.205897325593978;0.04;0.04;0.04;0.04
0.56;0.56;0.56;0.56;0.56;0.56;0.56;0.56;0.560635526671214;0.56;0.436159623050973;0.138045637085245;0.112635006086966;0.109305727042386;0.750863600700445;0.694229373987897;0.56;0.537523148649744;0.251420228464413;0.142976401599779;0.52;0.784347974400735;1.19980082542946;0.873011596387073;0.811213760263666;1.2;1.2;1.2;1.2;1.2;1.04612106703995;0.608669603489171;0.649140241716994;0.445751012302892;0.302256534817072;0.523724667152485;0.52;0.52;0.52;0.52;0.513340474426049;0.390714840138631;0.04;0.212295444419396;0.398463344865665;0.253420370108924;0.04;0.04;0.04;0.753977583756597
0.56;0.56;0.56;0.56;0.56;0.56;0.56;0.56;0.56;0.56;0.422618746210262;0.08;0.08;0.476450330912613;1.14498603628585;0.56;0.56;0.542497622189764;0.264565928634695;0.41401717594404;0.52;0.585200971936704;0.825821762667918;0.523262917779808;0.580590057372115;1.2;1.2;1.2;1.2;1.2;0.94268007487593;0.52;0.52;0.314997982774116;0.467846197721903;0.52;0.52;0.52;0.52;0.52;0.486065409804965;0.0496612210430205;0.04;0.069259039970746;0.102614725432606;0.0705309425882491;0.04;0.04;0.04;0.818352546602416
0.567890059073994;0.56;0.56;0.56;0.56;0.56;0.56;0.56;0.56;0.56;0.479057245293351;0.111954732746847;0.3235657360367;0.89936599440517;0.896466843616869;0.56;0.56;0.433631021062922;0.375505195681269;0.514660065269066;0.52;0.52;0.52;0.52;0.691467964673463;1.17810662070518;1.2;1.2;1.2;1.2;0.84464497143277;0.52;0.52;0.298113191967309;0.36101861487081;0.52;0.52;0.52;0.52;0.52;0.519103619542424;0.145527189573302;0.0467656383935201;0.334079083576094;0.475799327055391;0.216299986521652;0.0411431030647301;0.04;0.04;0.04
0.598203077294021;0.584286532578188;0.56;0.56;0.56;0.56;0.56;0.56;0.56;0.56;0.56;0.48647775843195;0.54336736394625;0.85300360849686;1.12138348853107;0.256897281569801;0.208140585769801;0.351286707243635;0.52;0.52;0.52;0.537342867510227;0.851014450711856;0.677516005647441;0.52;0.533386445623573;0.96719452907143;0.902785950713756;1.15044371092875;1.2;0.87077143093754;0.563657490410547;0.52;0.336178200446961;0.432052991964668;0.52;0.52;0.52;0.52;0.52;0.52;0.054738697046414;0.0658920356892797;0.413145667665875;0.52;0.458780660811593;0.0552414730850056;0.04;0.04;0.0928074148202293
0.6;0.591594209957821;0.56;0.56;0.56;0.56;0.56;0.56;0.56;0.56;0.56;0.56;0.56;0.795986078939401;1.00825131041809;0.0860684019989243;0.058991692576336;0.0581417193002013;0.412724718815824;0.52;0.52;0.828218444482168;1.2;0.762475532717165;0.52;0.52;0.52;0.52;0.844648601637451;1.13916761790805;1.19986435361979;1.19153857573983;0.52;0.264210973243526;0.167887805385227;0.393800080911331;0.52;0.52;0.52;0.52;0.52;0.0922634902041406;0.04;0.317277034022473;0.52;0.370786689785682;0.04;0.04;0.04;0.238755696942518
0.6;0.579179990245794;0.56;0.56;0.56;0.56;0.56;0.56;0.56;0.56;0.56;0.56;0.56;0.567729852921254;0.637774759536801;0.14738459403713;0.0430750627804804;0.0542428137442258;0.397539012869507;0.506670551859268;0.519706896438792;1.06415312617471;1.16948360856283;0.684792155475972;0.886874780458784;0.529485229166342;0.526129497876977;0.52;0.52;0.99163085972527;1.2;1.2;0.538112866932247;0.315020500395303;0.196625735851936;0.189644285134384;0.447180143478089;0.52;0.437357213436446;0.455476915560157;0.103952183547057;0.0453219253937462;0.04;0.425753788087348;0.52;0.230809648994894;0.04;0.04;0.04;0.0817925017691818
0.595279379449787;0.563571589826271;0.56;0.554213810783503;0.56;0.56;0.56;0.56;0.56;0.56;0.56;0.56;0.56;0.55461298067844;0.508121430025745;0.48;0.119503205148471;0.226245394038881;0.48;0.480040583066844;0.500921620815686;0.52;0.859913989262801;1.1535324840884;1.19223013114052;1.04762310146308;0.814537642820519;0.52;0.52;0.627882912431853;1.10718290481507;1.2;0.63024031277975;0.52;0.52;0.413702950776741;0.297677453973132;0.381470086899985;0.0471864968984256;0.138646393005251;0.04;0.04;0.136873054716226;0.508838995765794;0.196089042010099;0.29708926910596;0.04;0.04;0.04;0.04
0.580676773690551;0.56;0.433845127316398;0.154781755220958;0.547647694891391;0.56;0.56;0.56;0.56;0.56;0.56;0.56;0.546047285528429;0.48559267134614;0.48;0.48;0.431690419121689;0.426550150800194;0.48;0.48;0.489727061192831;0.52;0.52;1.18397335306038;0.884133115221333;0.921620361327096;1.10378307215833;0.592482938091882;0.52;0.655427387240259;1.06269188775417;1.2;0.989644384591588;0.535037096914141;0.52;0.451322800634056;0.04;0.04;0.04;0.04;0.04;0.0807731380968085;0.363176446248646;0.52;0.0707384338069252;0.127638540776052;0.04;0.04;0.04;0.04
0.48493205793819;0.307637025319479;0.104891524269246;0.0955256595029569;0.488068116265716;0.56;0.510955157491179;0.270478444445505;0.454130891050451;0.56;0.56;0.553764886340647;0.511705827892809;0.48;0.48;0.48;0.48;0.48;0.48;0.48;0.486570008533867;0.52;0.52;1.03701491019734;0.856381659418112;0.519360507445319;0.980799651818722;0.883782538083027;0.676319639782723;0.972811942115323;1.2;1.18789716450047;1.2;1.0404785804451;0.563204634218296;0.498011421636925;0.27408386472594;0.259928416112915;0.199130937119583;0.0518872607826902;0.04;0.0769620165412417;0.316479066495297;0.466182785770111;0.341534287970656;0.0511926946146024;0.04;0.04;0.04;0.04
0.20596507269561;0.116088442449487;0.08;0.0897010776356062;0.56;0.56;0.426307702993229;0.08;0.201268125768586;0.419128611560721;0.547051819381282;0.496360733042527;0.48;0.48;0.48;0.48;0.48;0.48;0.48;0.48;0.527527323088946;0.807721524005357;0.502305817556288;0.546983653059873;0.681120099300425;0.443977368684875;0.717129446891925;0.751355248363954;1.09231034832828;1.2;1.2;0.786111602004786;0.850496513639204;0.800244967205543;0.588228174196274;0.488804793977179;0.502206177751369;0.518875404764039;0.412015642677704;0.132878486280176;0.358610802272614;0.308204554211376;0.124140014340013;0.04;0.107248571424181;0.04;0.04;0.0862263296228162;0.248535128358953;0.313777204101549
0.538101633708287;0.240981215021025;0.0747970608678209;0.269662069055433;0.56;0.56;0.464438610624149;0.08;0.08;0.0788718610117039;0.470969903699148;0.48;0.48;0.48;0.48;0.48;0.48;0.48;0.468852666050876;0.487460924141663;0.640572819734672;0.593051047950874;0.44;0.518791689114737;0.850054392473075;0.588319890535839;0.64;0.671173131472945;0.847555308472822;1.07425745427771;1.2;0.649025070773624;0.64;0.64;0.577100393007742;0.44;0.479273964611907;0.360230544707003;0.150590033177942;0.312238995489197;0.44;0.44;0.142240498770932;0.0425227043812857;0.04;0.04;0.04;0.3193073409144;0.768591159840461;0.805958671964216
0.6;0.542007402019317;0.208426355245135;0.214920759290005;0.556160635442431;0.56;0.54565414432565;0.214727436917128;0.08;0.0594786486200314;0.274663867504409;0.48;0.48;0.48;0.48;0.48;0.48;0.48;0.4786763164211;0.522538472525955;0.64;0.635814498223132;0.44;0.499145324242973;0.668703177194425;0.64;0.64;0.64;0.64;0.661941502886877;0.911626067250165;0.66029273081818;0.64;0.64;0.630434380844446;0.536411237562765;0.533585665786518;0.0892059369762613;0.468337637131649;0.557628383079764;0.44;0.44;0.436522814818884;0.114003159011194;0.0699491675949117;0.046001767583521;0.04;0.04;0.589816455593798;1.12
0.6;0.57935326701608;0.335106666021437;0.258667848382887;0.225320143797096;0.493153521635901;0.53727420354844;0.197742051754641;0.144303697853243;0.412845002375229;0.459967482000672;0.48;0.48;0.48;0.48;0.48;0.48;0.48;0.48;0.50374050263134;0.622565945797705;0.64;0.507918972917031;0.465804648018908;0.64;0.64;0.64;0.64;0.64;0.64;0.64;0.64;0.64;0.64;0.64;0.64;0.64;0.601102786527355;0.575331466776112;0.574501909661326;0.44;0.44;0.44;0.271243497078605;0.12;0.108363032151433;0.0787759684582924;0.046472253412138;0.552333317764491;1.12
0.555828178721508;0.405840567869531;0.51973218079122;0.479988359244409;0.183153824894847;0.256283434288369;0.469575786142723;0.309337464244811;0.453250921819403;0.48;0.48;0.48;0.48;0.48;0.48;0.48;0.48;0.48;0.48;0.48;0.558300915605783;0.64;0.613402219519128;0.600335823069349;0.64;0.64;0.64;0.64;0.64;0.64;0.64;0.64;0.64;0.64;0.64;0.64;0.64;0.60073463988568;0.445689877281755;0.44;0.44;0.44;0.376087151214949;0.0725025904029589;0.117811379148856;0.12;0.12;0.104134525291849;0.685944112070817;1.06470901270847
0.24866756009087;0.319742436107071;0.480334515211903;0.48;0.48;0.266438381247711;0.462107897237743;0.48;0.470514728592594;0.387252180320928;0.48;0.48;0.48;0.48;0.48;0.48;0.48;0.48;0.48;0.48;0.500090249110059;0.632304418377564;0.64;0.64;0.64;0.64;0.64;0.64;0.64;0.64;0.64;0.64;0.64;0.64;0.64;0.64;0.64;0.534160890669989;0.44;0.44;0.44;0.44;0.387134780090621;0.207260371993546;0.11742914815902;0.12;0.12;0.12;0.077474546241918;0.208075746352283
0.0781425239132697;0.308519058677412;0.45880669593625;0.48;0.48;0.48;0.48;0.360023585443517;0.0859585118066352;0.0614184908713834;0.382170126274531;0.48;0.529301969166855;0.584613387347292;0.708615322426247;0.667242572176247;0.48;0.48;0.48;0.48;0.573921665499313;0.872146551363217;0.64;0.64;0.64;0.64;0.64;0.64;0.64;0.64;0.64;0.64;0.64;0.64;0.594627395439865;0.56981911460706;0.539163175812863;0.44;0.44;0.44;0.44;0.44;0.44;0.337121011311466;0.12;0.12;0.12;0.12;0.101885400559507;0.0415187907170509
0.0584186221581054;0.04;0.0865137733555549;0.43625003646564;0.460111862382428;0.325270999181219;0.3308876718752;0.0587147395011911;0.04;0.04;0.282006324852491;0.48;0.568463572545256;0.6;1.24403976442333;1.10001550442252;0.48;0.48;0.48;0.48;0.719743928479439;0.904108113857434;0.64;0.64;0.64;0.64;0.64;0.64;0.64;0.64;0.64;0.64;0.637320660856513;0.537011659725809;0.449686249983392;0.44;0.44;0.44;0.44;0.44;0.44;0.436822273954469;0.0503426978583448;0.0735400360119605;0.12;0.12;0.12;0.12;0.12;0.0972951462525031
0.04;0.04;0.04;0.056445806976;0.151582218308005;0.063465875612013;0.04;0.04;0.04;0.04;0.236256349296607;0.419918407007537;0.590155383971827;0.903450186990523;1.31286457340598;1.1221865288768;0.530812380039169;0.165992030504937;0.380970761036871;0.48;0.857923428232154;0.62223266561881;1.05021459388121;0.693319492419769;0.64;0.64;0.64;0.64;0.64;0.64;0.64;0.64;0.624347692715703;0.44;0.44;0.44;0.44;0.44;0.44;0.44;0.44;0.44;0.427317449407951;0.40500886537917;0.12;0.12;0.12;0.12;0.12;0.12
0.04;0.04;0.04;0.04;0.405755698045251;0.152692999659584;0.04;0.04;0.04;0.04;0.04;0.0727862845048166;0.995257339369138;1.28220334509434;1.32;0.700128072733849;0.596309602931813;0.265522429508773;0.447422929028137;0.48;0.52508568007383;0.796107986033972;1.32;0.905645076014521;0.64;0.64;0.64;0.64;0.64;0.64;0.64;0.598201467930723;0.577275789752209;0.509654674332765;0.476419997409977;0.44;0.44;0.44;0.44;0.44;0.44;0.44;0.44;0.429988681135699;0.12;0.12;0.12;0.12;0.12;0.12
0.102081520430912;0.105140443808807;0.104479610978779;0.125503555826426;0.48;0.108778889550967;0.04;0.04;0.04;0.04;0.0538743976707232;0.193519458909849;1.17121930249588;1.32;1.15919973815959;0.6;0.6;0.348189057117188;0.707170122153526;0.566329120665655;0.597359408565285;0.857248648065576;1.31204487534983;0.881822764742397;0.583643828996504;0.64;0.64;0.64;0.638838192059965;0.58276573209581;0.494826277503073;0.442710457733127;0.44;0.593710458470403;0.44;0.44;0.44;0.44;0.44;0.44;0.44;0.44;0.44;0.44;0.123099115833268;0.12;0.12;0.12;0.12;0.119565106736398
0.390100734259281;0.426272459982042;0.449561869327299;0.452560098894847;0.431887112442611;0.0789341097058901;0.04;0.04;0.04;0.04;0.153186805844001;0.597436052984456;0.86567102720117;1.32;1.2086343662085;0.6;0.6;0.212431460072344;1.2757157393177;0.6;0.6;0.725080833935439;1.28740015508091;0.671003364690253;0.458479711368447;0.64;0.64;0.64;0.558586422786174;0.44;0.44;0.44;0.44;0.561221655982966;0.44;0.44;0.44;0.44;0.44;0.44;0.44;0.44;0.44;0.513338409473235;0.161547315207863;0.12;0.12;0.12;0.12;0.12
0.272229469548915;0.48;0.48;0.48;0.413487863560961;0.04;0.178649760829594;0.193369735144244;0.0483608216787228;0.04;0.04;0.266252000173634;1.1000036370507;1.11341038907516;1.12159973142439;0.6;0.6;0.268140631138898;1.23797143400768;0.79995304225712;0.502095415170172;0.956356299695054;1.17625062463028;0.660914992077864;0.477271466643745;0.604132503281304;0.639066554939544;0.59269505451252;0.449293300307456;0.44;0.44;0.496482501937628;0.549185213792836;0.565760207651009;0.508523287115727;0.44;0.44;0.44;0.44;0.44;0.44;0.44;0.44;0.34492504087016;0.12;0.12;0.12;0.12;0.12;0.12
0.48;0.48;0.48;0.48;0.361161470293822;0.0534496183310869;0.347579582415801;0.48;0.430017925071283;0.138856336208026;0.28369806898199;0.60863922251426;0.80768681012036;0.15936829590119;0.384347285763952;0.474967508091895;0.6;0.564500029470166;1.19011738690679;0.22357896163329;1.27046612193714;1.32;1.08041103892872;0.501435596803472;0.461710993358065;0.451113122686096;0.526752193348966;0.44;0.44;0.44;0.441359594921955;0.593428613909725;0.64;0.575503211853476;0.576522835502541;0.447711373192247;0.44;0.44;0.44;0.44;0.44;0.44;0.44;0.364662340879476;0.12;0.12;0.12;0.12;0.12;0.12
0.48;0.48;0.48;0.48;0.48;0.273603027229511;0.340462547337761;0.48;0.48;0.475724898844631;0.45928497390761;0.260650529319367;0.188480371317198;0.08;0.105098461409204;0.0880435144442599;0.6;0.507620581242582;0.956947280603321;0.449825663929176;1.28322085598107;1.32;0.907171360769204;0.45433156899047;0.44;0.367258333875618;0.346480050943792;0.435147559847201;0.420227470299502;0.44;0.44;0.446535608570191;0.593213219446559;0.565996929142234;0.44;0.44;0.44;0.44;0.44;0.44;0.44;0.44;0.435074284249068;0.130055695495778;0.12;0.12;0.12;0.12;0.12;0.12
0.48;0.48;0.48;0.48;0.48;0.48;0.48;0.48;0.48;0.48;0.215606741329519;0.733969350377076;0.08;0.08;0.08;0.08;0.295905055765979;0.558771505235028;0.518121541520816;0.826308485743937;1.32;1.32;1.20901267517386;0.177232438672077;0.410750514628638;0.291472293870058;0.13517262369245;0.22438052956093;0.15982661243227;0.44;0.39295269707844;0.418381169394494;0.442338179605761;0.550380294759953;0.44;0.44;0.44;0.44;0.44;0.44;0.44;0.312886215880378;0.0711287200814113;0.045035807708092;0.12;0.12;0.12;0.12;0.12;0.12
0.427494330022144;0.256121545036394;0.113160399544028;0.119945038642038;0.268005223479125;0.476037122926681;0.48;0.48;0.48;0.357269795673866;0.818093549698948;0.659283851691164;0.08;0.08;0.173479821490806;0.08;0.08;0.08;0.08;0.363703018685291;1.32;1.28744183110362;0.907351807028346;0.08;0.208793196739426;0.198077111729155;0.04;0.414919666910848;0.219186616897948;0.44;0.36989646696003;0.171835701067204;0.30942921209877;0.44;0.311213145922971;0.44;0.44;0.44;0.41883169216957;0.382354267200455;0.346562205335591;0.13988619749535;0.04;0.0411409721933305;0.12;0.12;0.12;0.12;0.12;0.12
0.154737582595133;0.558139459147523;0.895433688089622;0.52719155719926;0.288507247653361;0.255014097739394;0.48;0.48;0.48;0.475901441455162;0.449597805734924;0.131681608356592;0.431478605184011;0.08;0.315567092553992;0.08;0.08;0.08;0.08;0.207465841211316;0.344882752690732;0.08;0.85155825930729;0.0966493730068651;0.093345482772573;0.0759523481233347;0.196317298287863;0.314499067985441;0.44;0.44;0.44;0.161878301647909;0.28073275105088;0.403180419856787;0.224101044063456;0.44;0.44;0.44;0.111742997082032;0.416190191936558;0.478204949819017;0.42322422075901;0.0646857017778424;0.114104950259985;0.12;0.12;0.12;0.12;0.12;0.12
1.15262305261586;1.08595248313101;0.643373797575054;0.56;0.509006526145351;0.148199805803081;0.416134331756022;0.48;0.48;0.48;0.389608029413743;0.455562168641222;0.6;0.494775867909384;0.563274710866135;0.412870915898063;0.301364930618079;0.125272038970196;0.0902598286329328;0.08;0.08;0.08;0.08;0.08;0.079737299883939;0.0504091156911834;0.165992666662197;0.389718870244735;0.44;0.44;0.322362116038088;0.346099118241425;0.277827762796708;0.0808398845702;0.300181882401909;0.44;0.44;0.491555866262822;0.64;0.64;0.64;0.558883754189884;0.105021829603935;0.12;0.12;0.19173020561434;0.12;0.12;0.12;0.12
1.26337600307125;0.806133447599083;0.56;0.56;0.56;0.352174902021595;0.205543682490592;0.48;0.48;0.48;0.31400559266091;0.342642124234478;0.6;0.6;0.6;0.462174594579922;0.38372728162108;0.516019347250434;0.1575323780715;0.08;0.342110925166164;0.390386125290137;0.08;0.08;0.08;0.112438336240573;0.046408171412785;0.150547229741663;0.419585440917986;0.261880879058327;0.0429620011267738;0.0720500817189019;0.0416669653933942;0.2696363375131;0.44;0.44;0.44;0.522408211448459;0.639273726736256;0.64;0.64;0.607532362408889;0.12;0.12;0.12;0.453706216919981;0.396807298522381;0.14966920246292;0.445625500278547;0.229525838147747
1.18941918803686;0.56;0.56;0.56;0.56;0.506240954014007;0.0912233486792073;0.48;0.48;0.48;0.401556239161629;0.519083375003093;0.6;0.6;0.6;0.231263356026126;0.389328396323719;0.542940611534606;0.138052007935893;0.08;0.551926982954038;0.570169460593157;0.212374067736085;0.08;0.063197343185995;0.231420037894493;0.42165485075675;0.441484967073525;0.37163522070428;0.225554567182919;0.0536368598942081;0.04;0.04;0.154528320741968;0.288997282357111;0.44;0.44;0.440899598801762;0.571383982572992;0.64;0.64;0.549935358946159;0.12;0.12;0.324934026258293;0.394448638444021;0.533952490336262;0.284475916522554;0.88;0.878728749153495
1.26165910045545;1.0516775835569;0.868223266076129;0.618215772638367;0.452797235703383;0.260742364511747;0.219436757269485;0.48;0.48;0.520834643077077;0.596166300851713;0.6;0.6;0.6;0.6;0.3367454532598;0.598932366148547;0.531332212953642;0.205708036599103;0.134842115115907;0.475189342421861;0.583856156171563;0.267084530291022;0.0995197849555859;0.181979210584104;0.284143364733317;0.44;0.495051556413517;0.6;0.567092450898863;0.282156873027037;0.164413603067035;0.0413335521104356;0.0893056423995148;0.400047800232433;0.44;0.590078806305786;0.627141986771254;0.64;0.64;0.64;0.320373940520752;0.116265442248434;0.191501988051417;0.81413826341047;0.377997987658683;0.632860166312232;0.805763706040776;0.88;0.88
1.28;1.28;1.28;1.00633622681665;0.149004738447505;0.355220302143704;0.48;0.48305995290905;0.55796939527225;0.596954289220359;0.6;0.6;0.6;0.6;0.6;0.6;0.6;0.391520451695511;0.120790652130517;0.212711066490691;0.326222909253484;0.0870043500273192;0.08;0.137529690680045;0.549849120241839;0.576154309321754;0.55438200354563;0.6;0.6;0.6;0.6;0.581729672532677;0.511602243915718;0.35802550022229;0.44;0.466590337136317;0.620579927032742;0.64;0.64;0.632047162118359;0.333273834858637;0.17609557496403;0.402563054527328;0.485441630854737;0.88;0.800029409013463;0.389687428611975;0.84090946015892;0.88;0.88
1.28;1.28;1.28;0.564462807662076;0.331249430978395;0.48;0.48;0.498885425741016;0.6;0.6;0.6;0.6;0.6;0.6;0.6;0.6;0.752769091182564;0.66085712910089;0.963286249777752;2.67366094325661;0.0972620929776577;0.08;0.08;0.124487460398829;0.172931205321412;0.521495817429759;0.6;0.6;0.6;0.6;0.6;0.581436771622794;0.454385841332581;0.438913639211459;0.46634202712915;0.588677275350783;0.630568119035136;0.64;0.64;0.579274965307198;0.200183568986083;0.753693877377009;0.88;0.88;0.88;0.731268726018399;0.242515262276764;0.846882251164309;0.591762032175386;0.686357360222891
1.28;1.28;1.28;0.585271026939154;0.305733500712365;0.48;0.485821053170379;0.575573113281802;0.6;0.566726083792699;0.381497117979413;0.57644722749233;0.6;0.6;0.6;0.6;3.01206036896695;3.76691361880022;3.49777307724449;3.13118351866374;0.08;0.08;0.08;0.162189575507005;0.354982771538623;0.452618045057038;0.6;0.6;0.571805443333236;0.555223786777863;0.581675912269321;0.40129493198537;0.215009507932241;0.388050672899932;0.550271518251307;0.64;0.64;0.64;0.64;0.389451474256348;0.178920657008607;0.88;0.88;0.757634943978914;0.808126333505876;0.490399252442058;0.206506708655515;0.553398497818896;0.410001000338225;0.668494055210747
1.28;1.19274009053112;1.10413683498632;0.85815347968256;0.267577207286842;0.48;0.521049073046434;0.551087171889112;0.279315021724285;0.0741213662259132;0.0786774539642678;0.151371750737635;0.583703543738974;0.6;0.6;0.6;0.6;5.14315762958258;6.27667684349794;4.54379381995583;0.387524083047483;0.163204991627585;0.0917259835661066;0.258758873648626;0.592007841694289;0.0878982051169109;0.289119759649494;0.334892224067915;0.254797038214793;0.487024908949037;0.498469289724775;0.08;0.074539560597992;0.416010788282353;0.898092439530959;1.00974551920816;0.873336362054215;0.64;0.645983073813931;0.423298861945517;0.124303938037995;0.468392489374198;0.228574162657047;0.153500010884913;0.12;0.256371278132264;0.12;0.154477430997532;0.744659740986821;0.280808257416454
1.02853770542562;0.663618363740625;0.731105222265888;1.22626293197457;0.273993839743109;0.135289481183167;0.231907627825334;0.211869719069817;0.214773379464924;0.38682361625301;0.436496307095748;0.272079386870328;0.263484391901883;0.6;0.6;0.6;0.6;0.6;4.22271821817383;0.6;0.6;0.410224376597376;0.19571083696424;0.6;0.6;0.511135525213408;0.525784506958774;0.34170384004619;0.509226535745854;0.288651444331062;0.144710375565135;0.528174935862143;0.9485377756556;0.238357934124983;0.08;0.227524618377866;1.06022490528291;0.806066980769613;1.32684908626466;0.95952104390036;0.154869826415134;0.12;0.12;0.12;0.12;0.159123158842657;0.275522192612663;0.357275954871299;0.485234190246399;0.497856126032425
0.582237938028252;1.06704388580539;1.28;1.09457466680898;0.779460692801793;0.419302968358365;0.288966903592915;0.44;0.44;0.44;0.44;0.416510982558463;0.142145053633238;0.488768255876441;0.6;0.6;0.6;0.6;4.22257077406161;0.6;0.6;0.581687347478304;0.401309232931932;0.6;0.6;0.6;0.6;0.595423573821923;0.243710626846928;0.08;0.222905104843742;1.06497242548059;0.418868011840264;0.08;0.08;0.08;0.657023334285105;1.58483477699466;1.76;1.66728058375918;0.403563826864147;0.12;0.12;0.12;0.307130186352913;0.584773490873587;0.88;0.88;0.621007413423348;0.736807970330331
0.734172046939447;1.28;1.25194995459696;0.696026168553005;0.56;0.56;0.444578654857019;0.44;0.44;0.44;0.44;0.437098736236159;0.112854720839264;0.544681705648249;0.6;3.59898519622219;4.58995380584151;0.984283225524252;4.22242333296686;0.6;0.6;0.6;0.6;0.589064606598438;0.486513386392547;0.567486922443419;0.180155674986243;0.0879793861012906;0.168863313501557;0.913040009712428;1.16202519515306;1.20383422712381;0.658079085795749;0.08;0.08;0.185451181645391;1.00954127635685;1.75731298677619;1.76;1.16669169285159;0.12;0.12;0.524178439104984;0.824513438047748;0.878245526170273;0.88;0.88;0.88;0.88;0.88
0.56;1.04882164466165;1.20948092062864;0.56;0.56;0.56;0.536694700296394;0.44;0.44;0.44;0.44;0.428967154781148;0.0723040940084248;0.6;0.6;2.17198862915075;6.34518337648792;6.73438034853858;5.87929380662718;0.6;0.6;0.6;0.586771514987829;0.256730885537026;0.08;0.1521642389075;0.0908327565194702;0.0824512948402595;0.821687635437486;1.32;1.32;1.32;0.551147757028864;0.08;0.110771756887618;0.826102348070787;1.76;1.76;1.76;1.67866033237122;0.779494469142187;0.269543972631373;0.749730341966497;0.88;0.88;0.88;0.88;0.88;0.88;0.88
0.56;0.673083167300584;0.927632286039591;0.56;0.56;0.56;0.56;0.492797474736795;0.44;0.44;0.44;0.277987417844264;0.277592023218283;0.6;0.630739084910043;0.6853421497668;5.21408457039563;8.6;4.59238886414096;0.6;0.6;0.6;0.384882358486288;0.102170679455664;0.284319302491907;0.495248539249459;0.542102702647587;0.744615869580338;1.31713466083152;1.32;1.32;0.857915176480758;0.274161802135383;0.491948062700028;0.651633819950663;0.631130717133939;1.76;1.76;1.76;1.49533978301738;0.868835898539892;0.323579439085802;0.690386926770955;0.88;0.88;0.88;0.88;0.88;0.88;0.88
2.71233659442019;0.925644176369602;0.56;0.56;0.56;0.56;0.56;0.551440934344017;0.443317284602864;0.44;0.44;0.208739268113533;0.39411215825414;0.6;1.01512373837111;1.27459106832181;3.20765276466934;8.6;4.9964248144906;0.6;0.6;0.382310233042304;0.285084255685464;0.267591324021155;0.385458769839836;0.6;0.6;0.853415703457636;1.27627892608045;1.32;1.32;0.536221884038392;0.22243664880218;0.775908901694853;0.886920042031454;0.930704141146503;1.76;1.76;1.76;1.58846002167892;0.883093656027812;0.418691612432517;0.832173804511622;8.47628408421081;8.04964900999938;0.88;0.88;0.88;0.88;0.88
3.51710499815985;4.7239626432749;1.07472269524831;0.56;0.56;0.56;0.56;0.520187205118034;0.44;0.44;0.421173822007208;0.0753348893467263;0.467511314005988;0.6;0.747441241507613;1.19715105919358;2.64804152629403;8.52156271604382;3.3036860985938;0.6;0.592484833048507;0.418498232658749;0.331885582254741;0.6;0.6;0.6;0.650516829801003;1.19843824815533;1.32;0.965509346975848;0.984138670195097;0.781649186459925;0.707891117420298;1.3338867457882;1.29158454163817;0.957158210923279;1.44249123759249;1.76;1.76;1.74147091885193;0.952748057014854;0.615054739301126;0.88;13.3784024095382;6.45975623272889;0.88;0.88;1.53275233838469;14.9499375032935;8.36949491508858
0.56;0.56;0.56;0.56;0.56;0.56;0.56;0.494407260831673;0.44;0.44;0.424139001654135;0.0783583540306427;0.6;0.6;0.6;1.12702596716229;1.3302115995282;5.82176070812419;5.3296631689792;0.90429013038012;0.292856773990668;0.10064658120011;0.589079649628746;0.560222473132511;0.6;0.6;0.6;1.02956983102821;1.37574690957159;0.945728924400468;0.0373353086594712;0.480082605906396;0.974741178809431;1.75336675654832;1.76;1.47334541940626;1.42203922715011;1.76;1.6921522775609;1.17169301617741;0.88;0.88;0.88;4.7863913559767;8.16411039479825;0.88;0.88;1.79382215293879;15.0356935067449;6.15581606537286
