0.429074164041584;2.81472242967998;3.2;3.2;3.04053776567325;3.05570140393135;2.99224870239925;0.24;0.24;0.24;1.29740497168431;3.2;3.2;2.08522554617004;0.18604961859496;0.203849388585346;0.790896746958858;1.03271007692361;1.08;1.08;1.08;1.08;1.08;1.08;1.08;1.08;0.72406378881675;0.272275924562422;0.171261489039972;0.16;0.16;0.16;0.162840479185664;0.32719540365986;0.897413008391055;1.12;1.12;1.12;1.12;1.12;1.12;1.12;1.12;1.12;1.12;1.12;1.12;0.631383192961909;1.19843525738839;2.07489149175442
2.11124834034866;1.95447622691356;3.2;3.182781284897;3.05910750012386;3.2;2.24200361536175;0.824044007067737;1.88208517617295;2.30749432454919;2.80023118469587;3.2;2.51111482774874;0.671834163796597;0.160955539701557;0.16;0.913907232180365;1.08;1.08;1.08;1.08;1.08;1.08;1.08;1.08;1.08;1.08;0.642925387804083;0.269013923672513;0.184527653875097;0.16;0.16;0.171983791321926;0.708853444258077;1.00929043892824;1.12;1.12;1.12;1.12;1.12;1.12;1.12;1.12;1.12;1.12;1.12;1.12;0.476049499541574;0.201260332473614;0.758675601945872
3.04657706812373;3.2;3.19577617024035;3.0534323080279;3.10829443895504;3.2;2.36852743316852;1.25172608291656;3.19850048980699;3.2;3.2;3.11764611779864;0.673951112596903;0.185852480465639;0.16;0.16;0.950902788918;1.08;1.08;1.08;1.08;1.08;1.08;1.0206996463145;1.02932781803207;1.07529019396157;1.03669306849286;0.91123105037244;0.426446982597873;0.858973818745578;0.344203747672685;0.16;0.16;0.409696742650476;1.08174968900618;1.11253940118191;1.12;1.12;1.12;1.12;1.12;1.12;1.12;1.12;1.12;1.12;1.12;1.01117473659085;0.814387755687688;0.139382643128342
1.25924450600173;3.2;3.2;3.15703870638977;3.03091982826819;3.2;3.08180955307519;1.11318901114814;1.7078735496531;1.60251056697179;2.44492881073955;3.2;0.308632919451501;0.196235825269856;0.16;0.16;0.831597186771734;1.08;1.08;1.08;0.73723883404725;0.91613916893584;1.05216847865887;0.907399155163951;0.392363955944899;0.493470930866563;0.289635145917221;0.508682011883849;0.199399153294022;1.07591567378738;0.542263151061907;0.16;0.256848860644005;0.831854288667329;1.08;1.09013411928162;1.11837248535086;1.12;1.12;1.12;1.12;1.12;1.12;1.12;1.12;1.12;1.12;1.10299512496679;0.763247276728532;0.129111800783536
0.437233929421455;2.72972094639193;3.2;3.2;2.56799964443068;2.11143028826403;3.17570830785553;1.56808662075186;1.23403416713572;0.940211888367632;2.14376100294199;3.2;0.910741219946811;0.272566853639226;0.16;0.18326774583483;0.957106139218258;1.08;1.08;1.08;0.822027223191183;0.389630169805215;0.175346332081966;0.873461187930999;0.16;0.16;0.16;0.333320655488659;0.385972253660752;0.557103480352197;0.848994520866755;0.913330677906564;1.04503891731416;1.08;1.08;1.08;1.11288638999276;1.12;1.12;1.12;1.12;1.12;1.12;3.12715085220849;3.0560509193325;1.12;1.12;1.09100411677151;0.12;0.119409255302387
0.257407533746021;0.587246031927046;3.17616051903203;3.10436527143537;1.04389355284414;0.338806107975851;2.19212887389581;2.56764529486865;1.65486771909833;2.65479517880242;2.61828376070762;3.2;2.95586718687071;0.705741146338597;0.16;0.16;0.914441255464814;0.958521565310098;1.08;1.08;1.08;0.901104153598727;0.246304461443979;0.16;0.16;0.16;0.213979064955428;0.990672731654085;1.05928940888401;0.373755448770476;0.488224772212328;1.08;1.08;1.08;1.08;1.09325466744752;1.11985028894731;1.12;1.12;1.12;1.12;1.12;1.12;41.3200266899664;37.9181359113837;1.12;0.975193833783699;0.956824128093222;0.842708466080923;0.297977176867512
0.24;1.54285137587357;3.006920887513;2.43298197428838;0.346324195440139;1.63187869559451;2.34501544832719;0.547622976856436;0.24;0.24;1.65347726093122;0.436402254421078;0.24;0.228075986911206;0.168112057326357;0.156917797235772;0.136621993757784;0.206997735313065;0.448231493900125;1.0762833291396;1.08;1.08;0.440211104229337;0.205436474565094;0.815178209299328;0.602046409286747;0.273453447582611;1.07346629321492;0.948837680281419;0.432610586447034;0.372006741524072;0.977119887476459;1.09743052310301;1.10334742953465;1.10905580907958;1.11690338415019;1.12;1.12;1.12;1.12;19.0021321743962;9.49605477669724;1.12;35.38204442385;11.7616858582745;1.12;0.994202114177757;0.697867251082789;0.592752992620278;0.214537091735201
1.65220422537562;3.1241230855695;3.12180278334508;1.87206933534826;0.24;1.62608273579192;0.600342444378949;0.24;0.24;0.24;1.0356920513127;0.375793455232642;0.24;0.202628791283585;0.118657150122206;0.0291831433677192;0;0.0484832691272721;0.299900173832086;1.04884443045334;1.08;1.08;0.978503194207626;0.353650455935213;1.08;1.08;1.08;1.04601854307828;0.729688718152897;0.730788816167396;0.986147340813943;0.848293324425775;0.634365025842732;1.12;1.12;1.12;1.12;1.12;1.12;1.12;7.52201576258916;43.869895463971;30.9985636446465;63.4381250327192;5.37958701867813;1.12;1.12;1.12;0.918285242337733;0.12
3.2;2.94725216404943;2.0579946949396;0.734645465222917;0.24;0.24;0.24;0.24;0.24;0.24;0.24;0.220561762403599;0.150974305181392;0.0837310571762353;0.0791077085569501;0.000478563847672194;0;0.00626442029359727;0.264598534726175;1.08;1.08;1.08;1.08;0.908154653344415;0.993119421608374;1.03152961420877;1.08;0.977184759839019;0.72;0.72;0.786049008543019;0.598212504724273;0.185034063580809;0.905726911195261;1.12;1.12;1.12;1.12;1.12;1.12;1.42799708238467;22.2833697420301;68.08;58.5615458250814;28.8330030608801;3.82045094776694;1.12;1.12;1.09207334008887;0.445452160456789
2.23031450199999;1.00954538439962;0.24;0.24;0.24;0.24;0.24;0.24;0.24;0.239493383788981;0.189681832392688;0.0935586970483455;0.08;0.08;0.08;0.0602962439226091;0.00332296745547347;0.0203223840013244;0.15098398677447;0.862253271895729;1.08;1.08;0.957150844151685;0.65538764456867;0.491283045436861;0.925679048922658;1.08;0.904225296439828;0.72;0.72;0.72;0.527599922021991;0.12;0.343274443023156;1.12;1.12;1.12;1.12;1.12;1.12;1.12;22.3809600146092;47.0322922604453;48.6905317358068;14.7734733464938;21.0373747905955;1.12;1.12;1.12;0.730647735491329
0.24;0.24;0.225258322829194;0.2239883894803;0.24;0.24;0.24;0.24;0.21400062410158;0.143274835037999;0.0805807158861451;0.08;0.08;0.08;0.08;0.08;0.053727082849304;0.0780992535936741;0.0800425064720761;0.138110558515632;0.955427682663577;1.03747740958214;0.765805549478154;0.519483072924753;0.13318642701089;0.544775978653906;0.8163510976055;0.871259827793925;0.72;0.72;0.72;0.765742352348702;0.606641957614689;0.662322596671293;0.872835221739963;1.12;1.12;1.12;1.12;1.12;1.12;1.12;1.12;3.34371134935438;1.12;1.12;1.12;0.967316398594574;0.848446950154845;0.453462224549692
0.14847884503066;0.0891438398972154;0.08;0.0971395143419192;0.233475705661156;0.24;0.237580264111135;0.176959487271506;0.0873638190578997;0.08;0.08;0.08;0.08;0.08;0.08;0.08;0.08;0.08;0.08;0.356897381289024;0.760082940164295;0.877581523144931;0.241920092853534;0.0971480998036742;0.08;0.151094278034342;0.616903911977945;0.736034518452748;0.72;0.72;0.72;0.827047344356893;1.12;1.12;1.12;1.12;1.12;1.12;1.12;1.12;1.12;1.12;1.12;1.12;1.12;1.12;1.01936686132232;0.71813758120364;0.482439107975041;0.510058887844616
0.0952553283362858;0.08;0.08;0.104041251882445;0.225558127138755;0.205135520798029;0.134985411899288;0.08;0.08;0.08;0.08;0.08;0.08;0.08;0.08;0.08;0.0849773616581126;0.288343936192139;0.42111902236121;0.260535703284509;0.653142520764889;0.730732441776978;0.754840133123263;0.621284127775925;0.579918922688905;0.687645904142331;0.741841356452592;0.72;0.72;0.72;0.72;0.919586452340242;1.12;1.12;1.12;1.12;1.12;1.12;1.12;1.12;1.12;1.12;1.12;1.12;1.12;1.08405964900421;0.770314061249616;0.710984287773958;0.12102591876802;0.243997421346954
0.08;0.08;0.08;0.08;0.095502772108857;0.083047583296895;0.08;0.08;0.08;0.08;0.08;0.08;0.08;0.08;0.515488081456417;0.450591351324134;0.280593028762955;0.665216222535826;0.127732291962641;0.08;0.08;0.182048285911826;0.142804372222555;0.346638877386229;0.29559405393532;0.711346658285009;0.720416851505013;0.72;0.72;0.72;0.72;0.874097304257099;1.12;1.12;1.12;1.12;1.12;1.12;1.12;0.386044760078085;0.555389748509801;1.05852022764189;1.12;1.12;1.12;0.886432426356173;0.72;0.472011856104934;0.135728589217205;0.430357959038264
0.08;0.08;0.08;0.08;0.0966633870430232;0.365065873182559;0.165743219937943;0.124736373328606;0.08;0.119128755739145;0.5346001163087;0.480513709626941;0.08;0.129403192467561;0.292729277319631;0.648833921061362;0.579272378256088;0.20263041875281;0.08;0.08;0.08;0.102031495325114;0.528422255719215;0.185220898073045;0.26181476950055;0.708116467594263;0.72;0.72;0.72;0.72;0.72;0.74872224005811;0.701391713457928;0.967754262987821;1.12;1.12;1.12;1.12;0.743710793188705;0.302991439620336;0.262548052761295;0.398959710627363;0.583227938478833;0.865808217949115;1.04875527119729;0.470891511558675;0.267593264720445;0.20602227210584;0.208652087250095;0.67084514684252
0.08;0.08;0.218053737158455;0.142792695633906;0.18785534407981;0.755912450227106;0.654452566753761;0.143844060262412;0.348687109335059;0.76;0.76;0.76;0.133523801774578;0.603005977945028;0.46098859482024;0.76;0.631108251247299;0.176338700172203;0.08;0.086276702157082;0.119639993991333;0.187860711942727;0.550118066595723;0.12;0.298227259033968;0.72;0.72;0.72;0.72;0.72;0.72;0.72;0.366218963780882;0.6064982130165;1.12;1.12;1.12;1.12;0.970069670541846;0.966466207694029;0.77006946345531;0.925042281909396;0.986321204996834;0.278802048597661;0.153004399187839;0.3799101058528;0.483941023361717;0.528825164707422;0.496484088756144;0.67804782421158
0.243960522596072;0.40244846276628;0.759499607670773;0.252889839923615;0.309735478341533;0.488508873957023;0.15152239255188;0.260121482306677;0.721123302180314;0.76;0.76;0.76;0.745834759250421;0.76;0.76;0.76;0.76;0.712884711753035;0.574426417642324;0.74013914588606;0.675707399232741;0.634492229696616;0.453528352216585;0.124148301964732;0.487270559748476;0.72;0.72;0.72;0.72;0.72;0.72;0.72;0.40167612302606;0.252421043682096;1.12;1.12;1.12;1.12;1.12;1.12;1.12;1.12;1.07824088059823;1.0259110920853;0.829563960796979;0.745458552373628;0.72;1.29029697268569;0.727244108706666;0.849841210242726
0.76;0.76;0.758046853569557;0.305411854328297;0.221286476219259;0.758363662154018;0.76;0.76;0.76;0.76;0.76;0.76;0.76;0.76;0.76;0.76;0.76;0.516693207687835;0.445696123410761;0.76;0.726259575707149;0.680455276867491;0.705985192797813;0.616022809401524;0.707180819566617;0.72;0.72;0.72;0.72;0.72;0.72;0.676602455983192;0.353962164536544;0.776283092908903;1.10405600062145;1.12;1.12;1.12;1.12;1.01464738067181;0.933939902586862;1.10407711758668;1.12;1.08037536207374;1.07867816817191;1.07922048866465;1.31219709318839;1.55148244880774;0.8073073113522;0.918028481672079
0.76;0.661800009382526;0.41253778217989;0.08;0.238195202081448;0.76;0.76;0.76;0.64257050872717;0.76;0.76;0.76;0.76;0.76;0.76;0.76;0.76;0.454701878612572;0.28343890601085;0.586534060693724;0.681382607300629;0.440284531327846;0.479510390709206;0.550587849468711;0.72;0.72;0.72;0.72;0.72;0.72;0.516103681232318;0.268228378216635;0.358931561854711;0.713816973440082;0.869086434647573;1.07412456307407;1.12;0.997624144318026;0.850819776355755;0.743365545485336;0.72;0.855095290616855;1.00178361703371;1.18981881451947;1.1234354263385;1.18492093516183;0.877737806779845;0.75827072287621;0.72;0.942496100550457
0.432898412880375;0.154757389699007;0.08;0.08;0.227307800204708;0.756095695257672;0.76;0.697102656296975;0.246787056898528;0.76;0.76;0.76;0.76;0.76;0.76;0.76;0.76;0.35024116161716;0.23081430695918;0.359639403160924;0.283744160744409;0.214590465363985;0.195422844073023;0.599931190766912;0.72;0.72;0.72;0.72;0.72;0.72;0.564443010387238;0.162441588762379;0.567237032709287;0.72;0.72;0.755807669614295;0.769045150001533;0.723125663022511;0.72;0.72;0.72;0.72;0.72;0.72;0.72;0.72;0.72;0.72;0.72;0.72
0.467010362037433;0.08;0.08;0.08;0.235577888599561;0.711982345685189;0.76;0.509395760322082;0.12340413895105;0.76;0.76;0.76;0.76;0.741386561270237;0.76;0.655786317512654;0.76;0.755268843352375;0.698125138705927;0.704581677317054;0.517490320008936;0.12;0.584190652855119;0.719834088229882;0.72;0.72;0.72;0.72;0.72;0.72;0.72;0.191603909649295;0.712938108420745;0.72;0.72;0.72;0.72;0.72;0.72;0.72;0.72;0.72;0.72;0.72;0.72;0.72;0.72;0.72;0.72;0.72
0.287533466383087;0.08;0.08;0.08;0.08;0.568448829190666;0.76;0.687873223777025;0.397597912498168;0.425977000246385;0.726938078856233;0.76;0.76;0.350952175501836;0.436549853850608;0.345124727889504;0.76;0.759578087699134;0.72025702436287;0.72;0.357481999988415;0.12;0.579772513184929;0.72;0.72;0.72;0.72;0.72;0.72;0.72;0.72;0.128271088429168;0.54744699601343;0.72;0.72;0.72;0.72;0.72;0.72;0.72;0.72;0.72;0.72;0.72;0.72;0.72;0.72;0.72;0.72;0.72
0.589644211126104;0.268954761409779;0.08;0.08;0.08;0.480021366270399;0.76;0.76;0.730563803930109;0.187192919173432;0.370579181566695;0.76;0.76;0.364578386990353;0.08;0.240291157378396;0.76;0.76;0.733743303029214;0.721206836757271;0.712418640288117;0.695426301142082;0.175159891373176;0.405754761581737;0.66946666667326;0.72;0.72;0.72;0.72;0.72;0.72;0.221202741310839;2.65322943964484;3.29381716716744;0.72;0.72;0.72;0.72;0.72;0.72;0.72;0.72;0.72;0.72;0.72;0.72;0.72;0.72;0.72;0.72
0.725740436406918;0.732540106293684;0.369476676498185;0.117197742628026;0.08;0.437888922506826;0.755749865397834;0.694821823001098;0.76;0.28063761379295;0.474545758732036;0.76;0.76;0.616212117514585;0.160515426629782;0.513396724641752;0.76;0.76;0.76;0.756947108405744;0.946313015789906;1.56830261790739;0.943561795204928;0.141421167699724;0.393167680598083;0.72;0.72;0.72;0.72;0.72;0.72;0.314132529260963;16.8319339922029;10.5987578838761;0.72;0.72;0.72;0.72;0.72;0.72;0.72;0.72;0.72;0.72;0.72;0.72;0.72;0.72;0.72;0.72
0.196842923571313;0.254047158142332;0.501509352731205;0.680742373652479;0.198167869599557;0.08;0.685132253398048;0.396250650136087;0.206147603178583;0.27907119099018;0.662420968299264;0.76;0.76;0.76;0.648016407411427;0.76;0.76;0.76;0.79058754453238;1.38643956820599;1.6;1.6;1.57797484159046;1.15541264003961;0.731070970706593;0.72;0.72;0.72;0.72;0.72;0.72;0.384787026669178;16.5472597018935;20.9598688580457;0.72;0.72;0.72;0.72;0.72;0.72;0.72;0.72;0.72;0.72;0.72;0.72;0.72;0.72;0.72;0.72
0.543706404215456;0.294234903199653;0.0901597564295152;0.639358239671994;0.48522263240297;0.08;0.497431392187594;0.117271958186763;0.08;0.694105703679926;0.76;0.76;0.76;0.76;0.76;0.76;0.76;0.76;1.10389443771123;1.6;1.6;1.59850875905853;1.49543627843885;0.82737891034642;0.72;0.72;0.72;0.72;0.72;0.72;0.72;0.506611557409344;3.08635018297469;16.8762165094936;0.72;0.72;0.72;0.72;0.72;0.72;0.72;0.72;0.72;0.72;0.72;0.72;0.72;0.72;0.72;0.681097623959986
0.34239213655529;0.349719982289719;0.239504034659175;0.75221049493831;0.189447370360109;0.520934931373878;0.634485503141009;0.08;0.329301512006923;0.74979845017615;0.76;0.76;0.76;0.76;0.76;0.76;0.76;0.965849553649598;1.45875256527974;1.6;1.5790342056683;1.44204642060067;1.21643636171457;0.72;0.72;0.72;0.72;0.72;0.72;0.72;0.72;3.77575144613204;21.9786320306609;30.4548041486005;12.3335322040824;0.72;0.72;0.72;0.72;0.72;0.72;0.72;0.72;0.72;0.72;0.72;0.7035592652122;0.499823055860354;0.412949989575427;0.395498602357838
0.602280759800995;0.607124880474713;0.714727223721902;0.628084598165963;0.10037648661289;0.604475673616096;0.255467294678069;0.168167583552809;0.700866639978488;0.76;0.76;0.76;0.76;0.76;0.76;0.76;0.880681103777688;1.6;1.6;1.19967651436391;0.727039772352859;0.633324201484211;0.547348511543591;0.72;0.72;0.72;0.72;0.72;0.72;0.72;0.72;0.72;19.9782439375129;32.32;16.4665995183351;0.72;0.72;0.72;0.72;0.72;0.72;0.72;0.72;0.72;0.72;0.693205316780737;0.57904522260488;0.239179283471527;0.420875986262457;0.649040477714368
0.732773635355267;0.76;0.76;0.613590712448955;0.212229172205982;0.403263340816835;0.0839173041484326;0.589978186910731;0.76;0.76;0.76;0.76;0.76;0.76;0.805235061638506;0.76;1.31672082116846;1.55721794049198;1.34781972558655;0.767260823692094;0.563212887163886;0.133780798958491;0.241215936169638;0.691646884239444;0.72;0.72;0.72;0.72;0.72;0.72;0.72;1.44939031077515;18.9923621849236;30.3600510451309;1.60714237998666;5.03218463547667;5.31883336935719;21.3919541284901;3.68011515637696;0.72;0.72;0.570995099639218;0.63922112726653;0.584148381497699;0.72;0.54572660938752;0.253487560396939;0.549306491919922;0.72;0.72
0.220112233875625;0.490480150541147;0.76;0.54407960579714;0.32107306777361;0.229208731516536;0.415655617623853;0.76;0.76;0.76;0.76;0.76;0.76;0.76;1.29248669623841;1.18890666243433;0.992714614700739;0.937027485652005;0.72;0.72;0.72;0.5129684423933;0.23843423620543;0.342175425768885;0.57703481893259;0.492154600970212;0.72;0.72;0.72;2.29877330598066;25.6083101998771;27.6685373009938;31.0963325054194;32.32;31.5747250903687;32.32;28.254129282699;19.3158798901043;4.39137685720405;0.72;0.72;0.319905672051482;0.149369902780247;0.383672887576789;0.72;0.716434859500236;0.513586679892782;0.190506209003642;0.501286778628149;0.72
0.685173968239564;0.640228827971813;0.76;0.590466930799265;0.199008930300987;9.0551349926555;9.10900040476019;0.76;0.76;0.76;0.76;0.76;0.76;0.76;1.26873633707347;1.13062881427279;0.728382660184714;0.72;0.72;0.72;0.72;0.72;0.640358379132114;0.128062888605557;0.12;0.273154664603453;0.687870046135768;0.72;0.72;1.35010447709709;5.00835908631533;23.4792998839012;10.4363661739985;26.6701104278798;32.2250332139143;28.6616133047505;8.50937032929463;0.72;0.72;0.72;0.72;0.72;0.32697720077291;0.177079548613523;0.325152595179324;0.440378659304923;0.707989395667584;0.355473264323569;0.701282150988467;0.72
0.76;0.76;0.695995813648281;0.266206556818813;0.731927797043889;38.8471165818385;35.455822170467;3.54361947142676;0.76;0.76;0.76;0.559490328782169;0.693666902967586;1.16928274059027;1.42153437650969;1.45298942564237;1.0090468347453;0.72;0.72;0.72;0.72;0.72;0.715439880053091;0.362652372774727;0.14053660774813;0.205528148395346;0.460673894036618;0.72;0.72;0.72;0.789650050774712;0.72;1.3397047293128;24.8167794524328;17.4693182171746;0.72;0.72;0.72;0.72;0.72;0.72;0.72;0.550033536521383;0.336610173514103;0.246923771364798;0.699794835501978;0.715342390413162;0.479927015731221;0.72;0.72
0.76;0.76;0.54612019928421;0.523570721789646;0.578336032273598;37.6702183871077;37.4877108457183;32.8233497439686;17.0976848862174;0.76;0.710889356108819;0.264903921307566;0.353156429566624;0.631396184187658;1.23530979905266;1.13774762020549;1.03171215093039;0.72;0.723537988093668;0.72;0.72;0.72;0.72;0.697525820903971;0.717496812161989;0.703674055440189;0.622248168967945;0.543488645159335;0.626533342101038;0.72;0.72;0.72;0.976046922636664;6.57669793306151;1.65690166113416;0.706412435079119;0.72;0.72;0.72;0.72;0.72;0.72;0.72;0.695957051324168;0.240749103202959;0.585046289627813;0.72;0.72;0.72;0.813996554438639
0.76;0.692503160938941;0.148148904374962;0.242942918530449;0.661106564214816;24.9885974993116;36.2580616073041;0.76;7.38106667998305;0.38688012121609;0.100281773768598;0.759284263366647;0.76;0.756316775776465;0.752763308800829;0.722337789099851;0.72;0.729128295556368;0.75185418510465;0.725238684602119;0.72;0.72;0.406982749264107;0.294790373937301;0.411319258310599;0.463205117906827;0.405847868171447;0.43425490743195;0.72;0.72;0.72;0.72;0.681500268749986;0.540522618137067;0.564186815923365;0.29415455769398;0.72;0.72;0.72;0.72;0.72;0.72;0.72;0.708310876773042;0.643837407379411;0.716090657937879;0.72;0.72;0.72;0.72
0.76;0.434752929802188;0.224494981154357;0.225083547958283;0.759569322189822;21.3093982718965;32.1742520649118;0.76;0.76;0.50071255539471;0.08;0.692378093004553;0.76;0.750810086228978;0.727056737444634;0.721458024570549;0.739442833259931;0.759345429015672;0.76;0.29136756169579;0.166470663772437;0.569554674035974;0.624721875090264;0.298939539643946;0.131184597063577;0.206805155659793;0.649934903318403;0.72;0.72;0.72;0.72;0.72;0.416888485291523;0.293263953736983;0.449153044836904;0.374559829240898;0.72;0.72;0.72;0.72;0.72;0.72;0.72;0.72;0.72;0.72;0.72;0.72;0.72;0.454799730258448
0.76;0.737635103939087;0.563753712775799;0.337521307006708;0.685300993017837;5.00486299369941;3.67260410372745;0.76;0.76;0.742761676706083;0.272062102193658;0.620097971066159;0.76;0.75002578899535;0.723804300442909;0.74890817037473;0.76;0.76;0.68209564177043;0.169579166833833;0.209601332339314;0.698865340756551;0.72;0.681240826356863;0.708142689201515;0.72;0.72;0.72;0.72;0.72;0.72;0.719762366260241;0.403604935561652;0.552949820876587;0.243116973896739;0.31991185082435;0.72;0.72;0.72;0.72;0.72;0.72;0.687885416827755;0.597079586067237;0.681307121904431;0.712424584862078;0.640801245970186;0.397374445794832;0.166984309602762;0.286895245163753
0.76;0.448978567001507;0.0937196612652557;0.0947413364454008;0.36464116614103;0.76;0.76;0.76;0.76;0.454684092015476;0.172527280012471;0.76;0.76;0.76;0.76;0.76;0.76;0.76;0.751998154305233;0.271390182484951;0.37670246684419;0.72;0.72;0.72;0.72;0.72;0.72;0.72;0.72;0.72;0.72;0.72;0.178408696717668;0.12;0.178564836529426;0.715714997983168;0.72;0.72;0.72;0.72;0.72;0.72;0.399830868259319;0.12;0.183243454686928;0.137492777388844;0.12;0.188841967069085;0.513389458108726;0.737523275828646
0.747393760427631;0.142723481006143;0.08;0.08;0.15267911320962;0.76;0.76;0.76;0.76;0.71663175248512;0.73630016461229;0.76;0.76;0.76;0.745176790353999;0.76;0.76;0.759335483869393;0.523899572203756;0.0968749032798608;0.688245805026954;0.72;0.72;0.72;0.720122068736656;0.720464108194565;0.72;0.72;0.72;0.72;0.72;0.72;0.479633899192572;0.12;0.120263930675722;0.408156239948041;0.72;0.72;0.72;0.72;0.72;0.72;0.718336438607913;0.377965836236751;0.408847427400865;0.644545989283288;0.489925403230358;0.614631045508917;0.834927825113154;1.33335276726727
0.439971427115796;0.08;0.08;0.08;0.101333488963501;0.590478359835825;0.76;0.76;0.76;0.76;0.76;0.76;0.677556976790981;0.48009996990976;0.120614567507655;0.355135334740455;0.547363753475435;0.340623796713513;0.08;0.524331154252446;0.753220887258649;0.741310985331273;0.747141994766751;0.752873788002413;0.758585800720099;0.747990644274582;0.742951830222975;0.729158684742093;0.720164573746813;0.72;0.72;0.72;0.477760995606785;0.12;0.12;0.12;0.684006267349469;0.72;0.72;0.72;0.72;0.72;0.72;0.72;0.519434565249186;0.72;0.72;1.11766902252092;1.48391787404047;1.56
0.227697841534652;0.08;0.08;0.160292824550449;0.614502085371761;0.74111332689167;0.76;0.76;0.76;0.76;0.699116731708204;0.359388412695797;0.202284275010031;0.08;0.08;0.08;0.0942626319870849;0.23413859401336;0.484285775080603;0.715975669736398;0.76;0.76;0.76;0.76;0.76;0.76;0.76;0.758999183751266;0.736576639877433;0.72;0.72;0.72;0.692659998970137;0.378000053136066;0.191433653001294;0.128670681092998;0.62390513448122;0.72;0.72;0.72;0.72;0.72;0.72;0.72;0.72;0.72;0.791802518133754;1.4342802370271;1.56;1.55451557444517
0.0935471627153419;0.08;0.08;0.185090035392996;0.76;0.76;0.909839156373984;0.76;0.881070576094244;1.02295291639976;0.564576980948239;0.08;0.08;0.08;0.08;0.08;0.08;0.73875977680698;0.76;0.76;0.76;0.76;0.76;0.76;0.76;0.76;0.76;0.754610335820956;0.720214750340468;0.72;0.72;0.72;0.72;0.72;0.651499278683739;0.47806782988819;0.72;0.72;0.72;0.72;0.72;0.72;0.72;0.72;0.72;0.72;1.17412095403797;1.56;1.56;1.53534733168348
0.08;0.08;0.08;0.099383007781487;0.76;0.785285821126705;1.35348712085213;1.21094823887055;1.62030998622838;1.68;0.646790060812442;0.08;0.08;0.08;0.152963492033011;0.268870477334783;0.389627481432542;0.752731826384877;0.76;0.76;0.76;0.76;0.76;0.76;0.76;0.76;0.76;0.758910561719071;0.72;0.72;0.72;0.72;0.72;0.72;0.72;0.72;0.72;0.72;0.72;0.72;0.72;0.72;0.72;0.72;0.72;0.72;0.799278440062688;1.07308234668836;0.916818479454966;1.25286543913461
0.08;0.08;0.08;0.187546224958114;0.746174128714646;1.10564680479124;1.68;1.68;1.65488528934623;1.50169881867932;0.400070323500782;0.401826677452804;0.557053724228404;0.317258505770039;0.598144845521296;0.76;0.76;0.76;0.76;0.76;0.76;0.76;0.76;0.76;0.76;0.76;0.76;0.754463761961646;0.721061919888206;0.72;0.72;0.72;0.72;0.72;0.72;0.72;0.72;0.72;0.72;0.72;0.72;0.72;0.72;0.72;0.72;0.72;0.72;0.72;0.72;0.72
0.08;0.08;0.112542429755566;0.615931150693028;0.76;1.18908433769632;1.68;1.67884876830855;1.30025763333144;0.792223452119437;0.757412015014175;0.76;0.76;0.76;0.76;0.76;0.76;0.76;0.76;0.76;0.76;0.76;0.76;0.76;0.76;0.729650220452383;0.652742588881589;0.730115703857124;0.72;0.72;0.72;0.72;0.72;0.72;0.72;0.72;0.72;0.72;0.72;0.72;0.72;0.72;0.72;0.72;0.72;0.72;0.72;0.72;0.72;0.72
0.08;0.303082159351002;0.281986966025876;0.76;0.867926378235983;1.60010797341694;1.68;1.13654994292535;0.76;0.76;0.76;0.76;0.76;0.76;0.76;0.687573387438711;0.742951102006458;0.76;0.76;0.76;0.76;0.76;0.76;0.76;0.76;0.261390536282644;0.247589933675337;0.72;0.72;0.72;0.72;0.72;0.72;0.72;0.72;0.72;0.72;0.72;0.72;0.72;0.72;0.72;0.72;0.72;0.72;0.72;0.72;0.72;0.72;0.72
0.290340712461246;0.76;0.76;1.1677371580242;1.67209190430422;1.68;1.53595996937988;0.779137598003966;0.76;0.76;0.76;0.76;0.76;0.73726678422821;0.375789389422069;0.08;0.381003293888836;0.76;0.76;0.76;0.76;0.76;0.76;0.76;0.677912397738818;0.121017827316533;0.281641940905923;0.521689178411844;0.569892429357759;0.398796425095002;0.72;0.72;0.72;0.72;0.72;0.72;0.72;0.72;0.72;0.72;0.72;0.72;0.72;0.72;0.72;0.72;0.72;0.72;0.72;0.72
0.606321988120275;0.803712713783224;0.76;1.467695126381;1.68;1.68;1.65660814505386;0.94004352804227;0.76;0.76;0.76;0.76;0.76;0.749062262681779;0.080464493723074;0.08;0.285973272430879;0.76;0.76;0.76;0.76;0.76;0.76;0.76;0.506435047659911;0.08;0.118086910783319;0.29474878081098;0.301456579044756;0.185746987907449;0.72;0.72;0.72;0.72;0.72;0.72;0.72;0.72;0.72;0.72;0.7467111201539;0.790283955504767;0.72;0.72;0.72;0.72;0.580320632604122;0.72;0.72;0.89782238834038
0.808607763747889;1.62437279244132;1.41282513775523;1.63732162689787;1.68;1.68;1.35866888220502;0.760418188695671;0.76;0.76;0.76;0.76;0.76;0.76;0.563100014759401;0.314639133494698;0.666488229143313;0.76;0.76;0.76;0.76;0.76;0.76;0.512380138935847;0.129133963920568;0.08;0.417601280971099;0.76;0.743500618396874;0.72;0.72;0.72;0.72;0.72;0.72;0.72;0.72;0.72;0.72;0.72;0.847422993865065;1.46652247107782;1.22543546816467;0.896313082034706;0.72;0.636907812080111;0.273399895846956;0.330503558571914;0.72;1.21816303384792
0.76;1.63242707878099;1.68;1.68;1.68;1.68;1.28584964279397;0.76;0.76;0.76;0.76;0.76;0.76;0.76;0.76;0.76;0.76;0.76;0.76;0.76;0.76;0.76;0.76;0.288025377687608;0.08;0.0918941597885918;0.219137546140189;0.364123847538962;0.536506465165667;0.72;0.72;0.72;0.72;0.72;0.72;0.72;0.72;0.72;0.72;0.72;0.84388049700935;1.53166962804435;1.56;1.4192224095065;0.428269335450643;0.186085204319777;0.12;0.12;0.58990429695421;0.945809475325721
0.76;0.911112487510247;1.26002580222384;0.913847188127274;1.03073515210656;1.10869646610566;0.841451435935319;0.76;0.76;0.76;0.76;0.76;0.76;0.76;0.76;0.76;0.76;0.76;0.76;0.76;0.76;0.76;0.76;0.61934414664361;0.6584882027274;0.74023908537997;0.142483755802272;0.08;0.41778531946941;0.72;0.72;0.72;0.72;0.72;0.72;0.464652611569939;0.72;0.72;0.72;0.647227343927577;0.691599724699886;1.46467706929506;1.56;1.54095756691787;0.124589664876088;0.12;0.12;0.12;0.254151151243559;1.13222227318873
