0.865609467855295;0.685087062339872;0.64;0.64;0.64;0.64;0.64;0.64;0.64;0.64;0.64;0.64;0.64;0.64;0.729560924838031;1.53751211934448;1.2;1.06528202872873;0.183030138194095;0.504011773937431;0.728213355149165;0.870598809699;1.12;1.06741936671273;0.79680033639006;1.12;1.12;0.953627438682981;1.09648253140257;1.12;0.967849465051673;0.724065196698397;0.592054869529887;0.56;0.787779061793656;1.17350879763916;1.26045724479526;1.28;0.716476565877721;1.19629701978111;0.714257298516881;0.655077434580924;0.500870946614488;0.511776793773617;0.617831347236992;1.12847128398232;1.28;1.17604929849971;0.300714151929738;0.112320852341588
0.690799418540643;0.64;0.64;0.64;0.64;0.64;0.64;0.64;0.64;0.64;0.64;0.64;0.602168935965709;0.287268448165216;0.346758388098096;1.07750560471088;1.83741651452895;1.16976080949549;1.17531066612555;1.06725972657804;0.567607464379121;0.604697641514171;0.853209779688343;0.61250213091576;0.670495860561634;1.09167391019947;1.12;1.12;1.06511765719812;1.12;1.12;1.12;0.840130737793681;1.02607022924898;1.13699515192669;1.27408729597097;1.28;1.20366101031257;0.88209820496138;1.28;1.28;0.664542101685903;0.56;0.56;0.770590262379311;1.28;1.28;1.28;0.564832985567589;0.333447067868869
0.64;0.64;0.64;0.64;0.64;0.64;0.64;0.64;0.64;0.64;0.64;0.64;0.345275364781296;0.04;0.0425403139386326;0.593381597089243;1.68185816911004;1.2;1.2;1.2;0.911766951087423;0.687882361734215;0.691791546868496;0.622455993089046;1.03448957088111;1.10540712474492;0.61919929773151;0.820418530979435;0.717992250648892;1.12;1.12;1.07900354969008;0.870877531912021;1.12;1.22663732239302;1.28;1.28;1.27455415116411;1.22262958960776;1.14317076727794;1.28;1.15875832899102;0.723989877971137;0.56;0.671286153193619;1.13001499542176;1.28;1.28;1.10923479796024;1.08722651976766
0.64;0.64;0.64;0.64;0.64;0.64;0.64;0.64;0.64;0.64;0.64;0.64;0.354393871479398;0.293515501093043;0.786382922789215;1.18624765190223;1.21098007192266;1.2;1.2;1.82542796287925;1.2;1.14695283426363;1.19108184455784;0.762729287361011;1.12;0.986464871315162;0.61076710115967;0.962663496021198;0.626220382731669;1.01083820379055;0.869208498122701;0.56;0.975735138429024;1.12422751864125;1.27417710476352;1.28;1.28;1.28;0.939541537733703;0.73991909680094;0.795225910572149;1.13650935304477;0.953455738025453;0.592326225976765;0.56;0.586673270030368;0.96948118925028;1.28;1.22438618060012;0.754154063471299
0.64;0.64;0.64;0.64;0.64;0.64;0.64;0.64;0.64;0.64;0.64;0.661164410399359;0.674889789766066;1.10613480090036;1.53282299917118;2.13902270768719;1.59195433204775;1.24863386794741;16.1625834885983;7.01179652563653;1.2;1.2;1.2;0.841568845584952;1.12;0.883956920768266;0.888211351349323;1.08448780116225;1.03452851538185;1.11557816833644;0.688885089850306;0.56;0.95676178506541;1.12;1.2760176809106;1.27472901421294;1.28;1.28;0.696535566715732;0.56;0.56;1.02172893118905;1.19935965414273;0.611523084854362;0.56;0.56;0.569649304275255;0.810492082777113;0.727549862376207;0.56
0.64;0.64;0.64;0.64;0.64;0.64;0.64;0.64;0.64;0.64;0.64;0.920371292884888;1.2;1.2;1.20065157344236;1.31489780514035;2.2;1.66784775047544;13.5339963205639;11.8768620265886;6.69498514608497;1.2;0.898792382042886;0.56;0.981347312196584;0.79938106005114;0.595923010591976;0.56;0.704361933465159;0.669164527147915;0.56;0.56;0.733019162040888;1.11407937860593;0.81996793928786;1.07900955385809;1.28;1.24023944632246;0.66525205326708;0.56;0.622186937476885;1.20026977034089;1.19864194930241;0.66602863760849;0.602093740206037;1.08127108798752;1.02376792118159;0.56;0.56;0.56
0.64;0.64;0.64;0.64;0.64;0.64;0.64;0.64;0.64;0.64;0.641707732743049;1.09983086267303;1.2;1.2;1.2;2.64683704125918;2.2;11.3792043902484;30.524601593651;32.08;32.0039215092541;8.48380077204664;0.900925268959535;0.56;0.56;0.56;0.79159908861231;0.868035690551624;0.936957059802301;0.924608623240297;0.72886706155684;0.589270852471721;1.10912103196931;1.11260363409767;0.56;0.857502828304788;1.28;1.11246166807923;0.56;0.568729814028301;0.877084405248251;1.28;1.28;1.06252066900042;1.08724626210957;1.28;0.95523491651658;0.56;0.56;0.56
0.64;0.64;0.64;0.64;0.64;0.64;0.64;0.64;0.64;0.64;0.744720763769397;1.2;1.2;1.2;5.18737767540358;22.8967134582504;20.4079560768961;29.2130171323567;32.08;32.08;32.08;26.320387095216;8.51491127529116;0.910995559654385;0.686296342621978;0.56;1.06231291358778;1.12;1.1232833305876;1.22778246460889;1.26508893918565;1.28;1.17047833819048;0.718660841303024;0.846110475516599;1.19696309749365;1.28;1.20477862136349;0.876771104134161;1.13488061206698;1.00953099520175;0.959999711728758;0.819235617496627;1.27510287292152;1.28;1.15334556618453;0.696111423655424;0.56;0.58719263697224;0.56
0.64;0.64;0.64;0.64;0.64;0.64;0.64;0.64;0.64;0.948683666772128;1.16960084388655;1.2;1.2;1.2;11.8558466181325;10.9169704091623;7.2095735939243;31.0978717855974;32.08;32.08;32.08;28.7693910846933;2.60420148765389;1.48544287260829;1.07858932919197;0.56;1.00241114605106;1.10359653846137;1.14448548263363;1.28;1.28;1.26958046972627;0.64727934053354;0.665780176166226;0.998104474524682;1.28;1.24902921468126;0.93317424300787;1.14007990883889;1.07615265779083;0.56;0.704024521209507;1.18930191139979;1.27833802254548;1.01580494566152;0.638634808860424;0.56;0.56;1.04793701394178;0.913710945711227
0.679514044678293;0.68759747408542;0.64;0.64;0.64;0.64;0.64;0.64;0.64;0.734506817986309;1.12076511519997;1.2;1.2741746111703;1.49126818154007;1.61494546111207;1.64802823276355;8.34855381972503;17.2940831712286;3.86497331512272;16.2068918786401;21.0838123389405;26.3831148663939;3.7712055705989;1.64548300293158;1.52098596051979;1.10864583285728;0.657257322386966;0.826650596929566;1.20095755581872;1.28;1.25465133717907;0.839888988137591;0.656414797479659;1.11551462056692;1.23035597480058;1.08243369707606;0.775849249623722;0.56;0.727828847416651;5.53945672355082;1.05458420250006;0.672863121453766;1.28;1.28;0.635910054117721;0.56;0.56;0.560456054190067;0.721367356505144;1.23055347627555
0.878895812911779;0.988548852011377;0.64;0.64;0.64;0.64;0.64;0.64;0.64;0.930656661287927;1.17300796890769;1.22210436624527;1.56533979347847;2.2;2.2;2.15433925628968;1.77376752073984;1.40252786149008;1.2;1.2;2.69956901029524;28.9263749286621;16.2050737082251;1.76814713421372;2.07496251818971;1.83033079519342;1.21018466057131;1.28;1.28;1.20136101101363;1.26895865214225;0.792597236896212;1.28;1.28;1.28;0.936967420881894;0.56;0.56;0.56;6.77418191579512;9.13265550035332;8.17550381796506;8.28697350650779;0.936874502958171;0.617246158287347;0.56;0.56;0.806200852942165;1.28;1.28
1.31357408033867;1.32752342853975;0.64;0.64;0.64;0.64;0.64;0.64;1.17227217443284;1.25007949360225;1.2070184641665;1.93094864695993;2.07376787940899;2.2;2.2;2.17709439097772;2.1990340958819;2.16305674735592;1.95734775875542;1.53599448971016;1.2;12.4394821188582;17.5123223274001;2.19477380424703;1.52766938884779;1.09270852965467;1.25777419843143;1.07422061996371;0.827381051529292;0.76632712960118;0.701317121339288;0.578749167696014;1.28;1.28;1.28;1.14184847379971;0.67277183726666;0.561577134109042;0.56;7.72034658204428;9.90475309456163;10.6637788911719;10.5142620244723;0.56;0.56;0.56;0.765959574695603;1.07264466417483;1.28;1.28
0.64;1.39853745041826;0.772233635708118;0.64;0.64;0.64;0.64;0.676306789203679;1.25978316158088;1.38635841372942;1.82162005716104;2.19964133245777;2.11377375667728;2.1063450788458;2.2;1.83655700398725;1.88605424755079;2.2;2.2;2.06785943395036;1.3132333334758;1.2;0.825816362826016;1.63861483077944;1.96866355121553;0.987016163772566;0.793173346799111;0.753892982384469;0.56;0.56;0.56;0.56;1.2318631136342;1.28;1.28;1.03453330477088;1.19511207329526;0.787401997907158;0.56;0.637983088139806;0.56;2.90339514189988;2.23197851179112;0.56;0.56;0.740055669381082;1.24979675821881;1.28;1.28;1.28
1.15850383261498;1.42020049645252;1.22813478954723;0.64;0.64;0.64;1.08085983706022;0.886124457139153;1.0142437285843;0.828164306730716;1.27441634041022;2.18196311518955;1.4448061121314;1.35210830287546;1.87585652831686;1.92952016146119;1.9329485635454;2.2;2.19405840833467;1.62435667541897;1.2;1.14723873770568;0.607530836737958;0.916585512020998;0.991699443295354;0.56;0.56;0.56;0.56;0.571555210465795;0.770476942572668;0.56;1.15501308478443;1.28;1.24151135608427;0.575441891577888;0.768625946184416;0.598601401149187;0.56;0.56;0.56;0.56;0.56;0.56;0.56;0.679969696428629;0.814230587851144;1.28;1.28;1.28
1.50125273643307;1.44;0.977180748985198;0.64;0.64;0.64;1.23597518955544;1.43323119921074;1.24999205323834;0.961132378836306;1.15884491348921;1.3128391113749;1.132392166381;1.2;1.2428691294714;1.14638317081363;1.21934295122745;2.11508770306116;2.15324295557083;1.22511214979644;1.7447845053766;0.988116724686224;0.56;1.0070735819534;0.737437284065711;0.56;0.480638700749774;0.56;0.695717447088502;1.07076786659773;0.990847998671441;0.612288798001913;1.17940388355772;1.18589007949497;1.28;0.885449748771713;0.56;0.684553390790589;1.15803827495966;0.777102840272949;0.56;0.56;0.56;0.56;0.56;0.56;0.574638018229671;1.05015229961568;1.14791097739318;1.09330502312609
4.52946607366922;2.28629814063426;0.6663829248169;0.64;0.64;0.691422095303557;1.39808365120188;1.44;1.10069669713804;0.64;0.680128831717321;0.9749902379395;1.03662687238641;1.2;1.2;0.544762805526969;0.985242942294672;1.89648296075653;1.97943781081471;1.3292870131997;2.15181662086644;0.838336627234519;0.69021995610838;1.27157714107039;0.796781472892017;0.230915044132466;0.31401554723683;0.56;0.56;1.15551281931233;0.615889423012081;1.08256752582772;1.11709897920099;0.613172692572731;0.975531213082389;1.0963094809583;0.570738590455109;0.640797460939935;1.20944788557666;1.14605188158296;0.968220343723428;1.05645956124691;1.1446683427766;1.08820406309712;0.597807723475341;0.578122202990058;0.56;1.08632623418632;0.847420189977142;0.642402657175114
7.53322035652068;0.735823600215756;0.64;0.644297214056865;0.910619698319269;1.20693612473658;1.44;1.44;0.932311912565508;0.674279819067812;0.64;0.64;0.976447238129936;1.2;0.997507418347597;0.52297608816963;0.533119267803586;1.32979204411883;1.36763168989911;1.85302173919616;2.2;0.912508572169154;0.832197351926397;1.28;1.24258944486307;0.232711715617857;0.528492747475579;0.56;0.56;1.07858826833274;1.18052140947099;1.2765145169831;0.56736929819826;0.56;0.56;0.566496974157419;0.56;0.56061533463721;1.06601460155691;1.28;1.28;1.19255141743244;1.28;1.27592598287942;1.28;1.10173969163721;1.13082999428241;1.27694424394672;1.28;1.15383819643101
7.32069170520026;0.917852922143176;0.64;0.790208693465513;1.44;1.44;0.989648407481325;1.43609178574011;1.44;1.28726811787148;0.773450093129942;0.64;0.88253562319926;1.05065085855536;0.861201878607692;0.52;0.52;0.85676879374776;1.70187163529672;2.2;2.2;1.65330191645398;0.192159695374798;0.433794767572625;0.482998095370088;0.08;0.349502970758602;0.345131435527466;0.556190429963795;0.969317374995613;1.28;1.16984427954446;0.584639921582656;0.56;0.56;0.56;0.536781080259474;0.618607706378634;1.27973528123821;1.28;1.28;0.670938600123285;1.22610855437505;1.28;1.27692197907525;1.1668178583838;1.22775117025619;1.28;1.28;1.25805059433206
3.98375789422857;0.79315737862594;1.11498676732111;1.38208645546676;0.668892108724474;0.82831126493315;0.814758675859557;1.23451523779389;1.44;1.44;0.930901956664718;0.539493270597711;0.534484225350975;0.52;0.52;0.52;0.52;0.951754878019494;1.27964957001081;1.78472802015656;2.2;1.86668435481767;0.521481325158425;0.0382124165030196;0.0744695559440181;0.0646101533184759;0.073022490470934;0.173711132313583;0.288175410824269;0.26155945013393;0.671401617210567;0.389157482095997;0.490945476914273;0.56;0.501016971988598;0.56;0.233827880237256;0.661546781617404;1.22964750899199;1.28;0.915729146891342;0.222007642365793;0.453328962494256;1.19761467709993;1.08613221496523;0.567030867571353;1.08153696805846;1.28;1.28;1.28
1.07356689479593;0.256264110258019;1.03851826740208;0.80452495025847;0.255581205558212;0.601474505928352;0.825464592981124;1.33525345141665;1.44;1.27855291322628;0.461847136295052;0.271730450822407;0.261902564597384;0.52;0.52;0.52;0.469120919539587;0.338527892886181;0.421391291391735;0.625216087169601;2.07366806183825;0.799525936825434;0;0.000893270267764907;0;0.000669917277717577;0.0582010588550243;0.08;0.08;0.08;0.08;0.08;0.192202225634456;0.56;0.28149519003835;0.240587045192738;0.08;0.08;0.463208681868398;0.269525502646672;0.08;0.08;0.08;0.163652164829222;0.27093001286262;0.560524952995684;1.27859753379226;1.28;1.28222024607435;1.2891266464928
1.34571695899569;0.194555997075031;0.270022489457688;0.495816536073665;0.384606113573157;1.11888642610528;0.860025705650339;1.01548519666081;1.39588095073969;0.709177630197133;0.08;0.08;0.291109551563003;0.52;0.52;0.639333868719583;0.475931625149725;0.08;0.437299474787072;2.02288474401712;0.264312026438241;0.336913515076122;0.0155688295220391;0.0253844354289791;0.00410278840484098;0.0139627269185148;0.0796242763640181;0.08;0.08;0.08;0.08;0.08;0.14098508925885;0.345014193584635;0.103821562579211;0.08;0.08;0.08;0.08;0.08;0.08;0.08;0.08;0.08;0.250044448419694;0.502993513458579;1.08536152183728;1.38529837976879;1.39828735993723;1.38850844468522
1.44;0.889690522042063;0.729768394668424;0.864746360372739;0.64;1.19174299320117;0.763687701218055;1.25355242621572;1.12767889279313;0.08;0.08;0.08;0.211904575082114;0.52;0.680236051643967;0.777126492173391;0.515668291691178;0.152837814445839;0.158591217819951;1.69216336737174;0.458314311224108;0.0195396380385705;0.0289099181344546;0.0664710092884623;0.08;0.08;0.08;0.08;0.08;0.08;0.08;0.08;0.0898783556534108;0.153166238119422;0.08;0.08;0.08;0.08;0.08;0.08;0.08;0.422117930567634;0.249010036998316;0.510568977553572;0.0823561433840283;0.474607582607604;1.25210396687525;1.4;1.4;1.4
1.41478945401961;0.77472043719962;0.679730344722047;1.30723253100805;0.687550965130329;1.18235316512408;1.38249250433112;1.44;1.35715439177863;0.649903522915014;1.08178422313001;0.950442711677696;0.384183752140646;0.780266811201935;0.944172753519882;0.68486562172249;0.531727413598283;0.518271149442391;0.0824165568499299;0.52312168688316;0.21315754355032;0.08;0.0644994765208944;0.0574710623936244;0.08;0.08;0.08;0.08;0.621263275361584;0.08;0.08;0.08;0.08;0.08;0.08;0.08;0.08;0.08;0.08;0.110202198843498;0.743530710486975;0.584669974416403;0.938591275201903;0.282905354346213;0.113945634610951;0.64;1.17507208678005;1.4;1.4;1.4
1.16267363984078;1.07394347002801;0.814185145639866;1.315544385775;1.28461616190821;1.05615756445632;0.347775366408098;0.723609141152487;1.44;1.38529078764787;1.29400342042339;1.16666343542632;0.504098744631297;1.1116790132874;1.16;1.13184832125521;0.969178507056051;0.409134901097819;0.304525931401384;0.185241707014947;0.0800341874098189;0.08;0.203523391322904;0.295086386517399;0.08;0.08;0.08;0.08;0.542571744355675;0.510298272920611;0.292147903800708;0.244748731726836;0.08;0.08;0.08;0.08;0.08;0.08;0.197635947209459;1.18791591241049;1.4;1.17880892044147;1.31273735087454;0.971186891701316;0.846494901781452;0.642401130608261;0.987297248582499;1.4;1.4;1.4
1.38285890532513;0.806550817711435;1.07604448764198;1.16;1.16;0.623972085458676;0.969251903515449;0.592525520625006;0.702715043768287;1.21181124577025;1.21255594242466;1.16;0.931357681583106;1.16;1.16;1.11563588377976;0.533404418241978;0.479588539195963;0.32246753247083;0.270852720043302;0.414669556102967;0.193192372498782;0.103350082902407;0.113748823088721;0.08;0.08;0.08;0.08;0.432083192410684;0.811798376971372;0.52210035392879;0.274990801139595;0.08;0.08;0.08;0.494208874118589;0.619986017227833;0.08;0.162084193335184;1.19512880776164;1.4;1.4;1.4;1.33460830951448;0.730300247143832;0.851525470183066;1.4;1.4;1.4;1.4
1.12179026097617;0.764266405315206;0.733753185361382;1.16;1.16;0.335770674514761;1.03426824202914;0.898392913618664;0.08;0.921921821799941;0.766684890792617;1.16;1.16;1.16;1.16;1.16;1.11683063309491;0.52;0.449552932757886;0.485875670038148;0.52;0.444283247080201;0.416364180526044;0.377467864762331;0.088245024264371;0.137165494914213;0.400619253203128;0.4864328172585;0.965055388637917;0.6586268675129;0.52;0.306327961142641;0.08;0.08;0.466828162919139;0.896367340942822;0.408582975400146;0.088162860891829;0.33341799202025;0.515024576145602;1.4;1.4;1.4;1.38379362228816;1.3759625821183;1.25518879996334;1.4;1.4;1.4;1.4
0.971008931683287;0.652300052879022;0.537623609379012;0.85236970385636;1.16;0.831607098242236;0.49629343785017;1.05608799314536;0.08;0.254565141432832;0.618704876793439;1.16;1.16;1.16;1.16;1.16;0.868369662030614;0.52;0.52;0.52;0.633369030602002;0.787318955719111;0.526254733616007;0.513937592693964;0.513701246123528;0.52;0.788421304784011;1.15871522035035;0.811628984944139;0.52;0.52;0.179843883353919;0.08;0.475168643221238;1.00165338959082;0.131883856845728;0.08;0.381463021241338;1.32736685478858;0.674813545643947;1.4;1.4;1.4;1.16663252362848;1.4;1.08717990543926;1.28038855939653;1.4;1.09135473519434;1.3118571198598
1.06089483052611;0.759251746278896;0.52;0.960285787561057;1.16;1.16;0.944963079741101;0.938466692548617;0.08;0.08;0.691813872633736;1.11419621714698;1.16;1.16;1.16;1.01336917374386;0.522785789332702;0.52;0.52;0.52;0.953550394091866;1.16;0.599796978445351;0.52;0.52;0.536777962224035;1.04032093771566;1.16;1.14833931602314;0.52;0.477852697071611;0.13912816309757;0.08;0.959281872327938;0.673793141721766;0.08;0.08;0.132078814768253;0.866724282265666;0.65020959991722;1.4;1.4;1.30475134336232;0.293983331691333;0.160252156467078;0.514345881750553;1.15152766431891;1.4;1.09298041617247;0.442932901262911
0.83308140379563;0.681158651088338;0.935034889611214;1.15792344464347;1.16;1.16;1.16;1.12176236401961;0.896688074912177;0.67633869962864;0.246285410152573;0.868541814019631;1.16;1.16;1.16;1.14935348454507;0.923641693406325;0.606343929974499;0.730961141077724;0.771499881384453;1.1498391457749;1.16;0.927949930139662;0.652723676139892;0.52;0.767589113279417;1.16;0.995062233259111;0.537153595465422;0.52;0.52;0.242858631191729;0.212156907227063;0.89137015745935;0.10126974434639;0.463053872147607;0.08;0.222073308933298;0.337523420063765;0.275729260178238;1.38783364048028;0.721973223461759;0.604129143218544;0.138183676015604;0.576876265723611;0.64;1.07082378298566;1.4;1.4;0.700264805480656
0.52;0.782042812694616;1.11977000367731;1.16;1.16;1.16;1.16;1.16;1.16;0.862555504304916;0.52;0.531722343771973;0.977120138787771;1.16;0.738701715495326;0.760734175732864;0.583590572887736;0.598064631974735;0.728701048351079;0.965096910104068;1.14368479349925;1.16;1.16;1.06780821354625;0.560976142683121;0.792693649327558;1.16;0.895899730520529;0.52;0.837540050097608;0.755241628736258;0.289041075475514;0.260176574761001;0.904298421852391;0.119937025855928;1.16789205049761;0.096142569620721;0.08;0.302803745138787;1.23429883085578;0.843994682811362;0.464629821704289;0.144290965041199;0.399281285564003;0.453315844703656;0.663928718221212;1.24660648652679;1.4;1.10756082926222;0.654515185683853
0.52;0.724206537107627;1.16;1.16;1.15407757223248;1.15482494232321;1.16;1.16;1.16;0.960690266749039;0.668228253425658;0.530806248934826;1.02526606503041;1.16;0.770911259215647;0.744356787985563;0.661859278906882;0.52;0.871254745836891;0.738503061490022;1.1180283954291;1.16;1.16;1.07386052915587;0.731515909725876;0.52;0.698228941875569;1.15082904159344;0.990122797015424;1.14287875524978;0.702348545165422;0.315703101243731;0.12768446029659;0.93446656205773;0.930164340594841;1.2039904121592;0.32389174056753;0.08;0.294070811735684;1.19106908165997;1.38345099362414;1.03660142260381;0.669352105039879;0.865830260114791;0.747580424838537;0.747059269259923;1.27036254025312;1.38941777491663;0.215433610828931;0.97131063112175
0.52;0.994378950008333;1.16;1.1234125954809;0.617887366785099;0.873162865887605;1.16;1.16;1.16;1.16;1.16;0.682954963821814;0.704119769370675;1.14212573774657;1.16;1.16;0.761205148983714;0.52;0.618899214288764;0.691022089064496;1.16;1.16;1.16;1.14522219913713;0.800110215063793;0.623923103360629;0.970601676389575;1.06731307937782;1.16;1.06274198311247;0.552319359622399;0.301506184178865;0.75971996241367;1.16;1.16611204159218;0.897941327571485;0.544815210966856;0.119231799715753;1.14162594390138;1.4;1.4;1.13136631132104;1.31257463509729;0.992873714814449;0.676580800309107;0.64;0.865184039611649;0.98562095692078;0.0896494157745009;1.01246342279334
0.52;1.05003178686127;1.16;0.861416037205885;0.52;0.685808146161586;1.16;1.0589148664394;0.867779552858965;1.10257753278613;1.05631775423681;0.946379924831539;0.52;0.646666566469588;1.04077909583102;1.16;0.670438531853259;0.52;0.52;0.531196266466717;0.72809079768234;0.928825699252608;1.03581397518408;0.813233965120625;0.52;0.800623317655986;1.03859143306075;0.700867520826142;1.13101574570706;1.10778223542852;0.514345400839198;0.106176120851963;0.781242100282475;1.28935157286264;1.32576321840567;0.86479483554461;0.459873619857904;0.178986633842249;1.26147664848733;1.4;1.4;1.3177181796399;0.819489059397595;0.64;0.64;0.64;0.747946219182296;0.479479682201533;0.08;0.109860892231329
0.316064102113433;0.449351014949553;0.584179592086507;0.736816326413782;0.52;0.563353682558238;0.926931560327948;0.657258956097044;0.52;0.52;0.603521561192721;1.06104175853155;0.718174299056661;0.541940819457881;0.526894336527564;0.773821187866936;0.535971326993613;0.507688861630404;0.434393839117466;0.380033375946805;0.200556763890198;0.0944002770515242;0.196288323506464;0.502614276732702;0.52;0.826579334295541;0.813302345967112;0.52;0.552783750284206;0.52;0.657719087456219;0.727057571287433;1.13872833793239;1.19669415817871;1.36379347706112;0.74674880953743;0.32191175413344;0.508544994711623;1.4;1.4;1.4;1.11669380385878;0.50270553063201;0.33662217749302;0.64;0.640556497655995;1.2434221065483;1.19746567544628;0.88453545381048;0.965967456335371
0.280314765780225;0.179460242266185;0.08;0.271245887261078;0.52;0.52;0.52;0.52;0.52;0.506523925097616;0.528584785527125;0.818353243597613;0.929996815236912;1.07417377200905;0.965098371613026;0.780047334219515;0.52;0.441380462357553;0.324215707921721;0.197491077817819;0.28356766047504;0.91058245905407;0.601195419706239;0.894777484755279;0.52;0.52;0.625024710831766;0.501756430708579;0.379672603748551;0.329906199287624;0.883108552618403;1.16;1.16;1.16;1.19946889110205;1.32182251702429;0.773875347738128;0.722402084009616;1.22799882818209;1.04192411429556;0.880010669675283;0.132599325414543;0.248628524745401;0.28536265325832;0.359210135995038;0.64;1.34663551888932;1.4;0.875727162793466;1.01022633313597
0.419374752658985;0.292658164385832;0.536797955987503;0.660948851405236;0.581785636804206;0.52;0.52;0.52;0.335007562676014;0.144823199407013;0.215875881681917;0.448819191398708;0.722067463103889;1.1499277293929;1.04351233513877;0.726332034724345;1.09917749397162;0.526913922184254;0.52;0.644215016027461;1.12601305747518;1.16;1.16;1.08410182473343;0.720545322293407;0.52;1.09774977854937;0.585824611830459;0.0840609919551886;0.0803887425648854;0.200334855718754;0.929691610745935;1.16;1.16;1.21252204972561;1.4;1.0876976931755;0.64;0.300414115319398;0.08;0.457526507190133;1.00522678127205;1.39084202405754;0.233071766977099;0.355904757524576;0.742151584414489;1.35376144203494;1.4;1.32488606383754;0.583885546277445
0.257689483741925;0.223172539371745;0.713786739430018;1.16;0.721878345486522;0.556868146836013;0.636296235505491;0.869817897379727;0.508317018112465;0.631020827959362;0.587816436499581;0.11088943171924;0.822092541797774;1.07062073479243;0.601997333051015;1.06659870629736;1.16;0.876783985697043;0.627322007446736;0.69854146394315;0.664922196542436;0.812667451833933;0.877492234163265;0.675048278511583;0.836631606872791;0.528846076575772;0.794965834127433;0.925253320330448;0.487764196753479;0.405083182722745;0.333483477183996;0.668901823168655;1.16;1.16568008242548;0.904942484313796;0.641704587274174;1.02396737597566;0.51128348048461;0.3893926996504;0.150656876554519;0.566266592288715;0.92724578361274;1.23736518218096;1.23799715252376;0.767774828415606;0.942976736021957;1.4;1.4;0.369100666952252;0.488755649383672
0.840478515096504;0.710051755951769;1.10614567937732;1.16;1.14041874367056;1.16;1.11066393383634;1.16;0.555549483577478;1.16;1.04986054345671;0.476431047252406;1.14472797095126;0.557522227730228;0.630144210748754;1.16;1.16;1.13441643431495;1.05485495383128;0.318239186765339;0.451679208381688;0.52;0.493670112174557;0.299640023220107;0.520128566727103;0.903410315615125;1.16;1.16;0.992920818112031;0.520527463205523;1.06748856748106;1.38810665418949;1.37340279150279;1.39776897957893;1.4;0.836456176918622;0.431084505330559;0.558951435571821;0.160043227250495;0.288847346913101;0.64;0.64;0.64;0.804660502124289;0.990443967708585;1.03582742319242;1.4;1.4;1.00091409347501;1.01290312381396
1.24560079166502;0.644944509969176;0.933607648459976;1.13439406604558;1.16;1.12567908372631;0.637869910623911;0.8535090053684;0.928592240254723;1.16;1.07306769276773;0.271027068306341;0.528326414065353;0.525923926775723;0.673155585163286;0.705859587873527;0.18043650771156;0.344297294688118;0.367143461205952;0.30540287796256;0.517460113245308;0.531634251383817;0.431487306579818;0.08;0.556907413989919;1.16;1.16;1.16;1.14185372575009;1.075655968734;1.39761106212425;1.4;1.4;1.4;1.4;1.39364688032422;1.30984116129827;0.850643585192734;0.169469039173737;0.44233411711211;0.64;0.639701476498189;0.623397331984047;0.788259910757003;1.20045873002265;1.18017110945812;1.3559301430115;1.4;1.4;0.985173434621472
0.813900244524804;0.56;0.533223281669011;1.00987286675647;1.16;0.975860240211179;0.649654277251991;1.04797674382419;1.16;1.16;1.06994778968161;0.471926528386741;0.883815991800455;0.991848225350215;0.615968892071729;0.249932546261773;0.788648325940388;1.21895136118071;0.922241869198574;0.169452056024098;0.352013361190376;0.214805148657989;0.226942946985957;0.210432269814845;0.437400565900328;0.924129425865856;1.08438674022544;1.17607482127514;1.17836623211161;1.37075063951129;1.4;0.912073079350143;0.541878304544927;0.822937196890852;0.89096427245103;1.4;1.16455897417153;1.03406780027849;1.08890974297413;0.684909725350401;0.64;0.639904878566889;0.342271974872941;0.657346714206706;0.951464906358486;0.511057509201416;0.252135356909171;0.43627913041842;1.18057491199994;1.28297631920795
0.569402967974393;0.56;0.5375343699113;0.906102934962757;0.801981367497603;0.534073580136916;1.13129592144882;1.16;1.16;1.16;1.01880531338757;0.669004183568931;1.16;1.14977881504488;0.887672510854461;0.163312762646284;1.05931034477549;1.27737758188628;1.05212753653599;1.02227872391953;0.673798077714594;0.16147822173026;0.834865692658722;1.11175812511772;0.622559043433875;0.808271554504873;0.24530980793924;1.13936878606756;1.20325636166395;1.22056296218793;0.613939471293435;0.295357434488035;0.08;0.12718515803346;1.1040660688622;1.4;0.900585322772386;0.112951963617003;0.90727676508304;0.365731211431462;0.585946234979407;0.30687247831574;0.0962090342145249;0.163547257300376;0.0764769931958478;0.014627330896764;0;0.0140132738707518;0.462914844959675;0.68006563563114
0.56;0.56;0.540500658155326;0.580971308451181;0.52;0.712322287206009;1.16;1.16;1.16;1.16;1.16;1.16;1.16;0.853724834327521;0.872757980111559;0.83281114744937;1.13171105952578;1.16;1.03318116996007;0.996452171450136;1.32;0.825703031000159;1.27090264231792;1.31829236529475;1.19907226803414;0.301183915431421;0.221634268401099;0.861605588564928;1.31135827487409;1.31685409741726;1.00492979552828;0.313403906368693;0.08;0.652615132559133;0.922991103871917;1.3511257704553;0.415058499697696;0.08;0.08;0.0968957577274097;0.240952164789741;0.0907941896777634;0.08;0.08;0.0629615088882716;0;0.00162521095986809;0.0657283535461348;0.08;0.496378670155185
0.56;0.56;0.62075245148292;0.61704157969526;0.747200291022812;0.923687101204542;1.16;1.16;1.16;1.16;0.974954887606102;1.16;1.16;1.01629176677116;0.736760818714675;0.813291664912019;0.602474188314378;0.790291503992945;0.581918070889406;0.569620966447791;0.916114014145572;1.32;1.32;4.93044247686433;1.47595966881184;0.241138298298272;0.53996942868031;0.313131321462881;1.15818396927574;1.32;1.15670292761429;0.388316267357103;0.983117557193456;1.38791039108298;1.4;0.690848890685862;0.08;0.08;0.08;0.08;0.08;0.08;0.08;0.08;0.056385228273191;0.00137541549531923;0.0132322552706105;0.08;0.08;0.103646781880363
0.56;0.563376047556642;1.05069937635585;0.844272963862408;1.05959503262183;1.13704063723609;1.12175041149993;0.96816935029528;0.557080874178962;1.05918268506241;0.683450108979006;1.16;1.16;1.16;0.915368955997734;0.457455895337328;0.409078568125639;0.331208955548178;0.54965826785533;0.56;0.720037462075547;1.34747010751627;4.92921863088526;9.28449372116116;6.95492522485501;1.56788764623919;0.90386105257445;0.310022057485788;0.528369677491541;1.32;0.229827307546722;1.14572153170726;1.37409950704327;1.4;1.37655623334461;1.3388502303221;0.591205814773168;0.08;0.08;0.08;0.08;0.08;0.265951864612439;0.273611991404232;0.193546836259153;0.0571715040519812;0.0831132174571292;0.08;0.08;0.08
0.56;0.625673924836245;1.21231250190996;1.03856813093445;0.761297924030568;0.330736847465762;0.290998401257431;0.209768157409331;0.198267212807648;0.1782824050086;0.493767153367162;1.09053960469256;1.16;1.15886899799998;1.09520259670317;0.449454838350218;0.0457886572336328;0;0.375355921605881;0.56;0.933869061603194;5.32404421771064;9.75377853453085;6.92470531696271;5.56320146542167;5.63124154674713;1.11760460480982;0.425600597238502;0.171284456106645;0.322041069912559;0.37319786495006;1.26734439822785;1.39986682475958;1.4;0.970962651793986;0.897159970387336;0.757989901937902;0.0859389252771101;0.08;0.153812369505717;0.192312067335711;0.08;0.470928410409298;0.421078596720819;0.450826261298623;0.150865557338796;0.15590669303022;0.113792593706755;0.08;0.08
0.317295478709205;0.777555662492999;1.24955019357029;1.16978020885034;0.680177817439523;0.52;0.358534101604081;0.409220608395544;0.475021810783481;0.251500845211001;0.495059059902152;0.733690609254917;0.939437578379363;0.809175216631671;0.52;0.284301112383058;0;0;0.312636243268521;0.605013985214333;0.56;0.587664570037045;4.24158804940772;0.639989085901672;0.681379420824055;1.30653882968141;1.32;1.21767607193328;0.499584885405093;0.260286391722809;0.19703738789844;0.79418195131074;0.9587704533822;1.39437333101104;1.3446414286707;0.896966720771015;0.687762404827689;0.349500978057444;0.227524673874835;0.5636438242326;0.666518966068466;0.669856073913001;0.402337424563803;0.08;0.08;0.115071946345813;0.159981605035797;0.16;0.142085289200525;0.11188436661372
0.332404618339093;0.356267679001845;0.893472467737552;1.22645602712892;0.603823474630348;0.52;0.52;0.52;0.52;0.260888762461445;0.316748132314367;0.978400886654854;0.772271241330305;0.817279874310835;0.862427558046845;0.397326540005902;0;0.0147915997010583;0.306521172292728;0.611056327479271;0.77740722066248;1.10409781502959;1.19582125087433;1.191713969273;0.892634872408051;0.813123408723026;1.17498169431395;1.32;0.89108286958423;0.42082639320909;0.137383035362356;0.499190902837786;0.523115319912035;0.867400839374331;0.978281333116395;0.884868575442023;0.619382465000268;0.174831838279148;0.08;0.40963685464671;1.26219620120978;0.888214784503263;0.361188786857042;0.0983276346883679;0.102213182755746;0.112707631837028;0.147148406068954;0.16;0.16;0.16
0.264955808882415;0.212094550578108;0.815897312833648;1.28;0.74124282153965;0.52;0.52;0.52;0.52;0.105481770450169;0.704056999413948;1.16;1.16;1.03640007199702;0.792255744513256;0.523343035646482;0;0.0581167857393789;0.160442598960716;0.392594467278181;1.2142562802842;1.16565970322981;1.32;1.2617792551656;0.785634442454354;0.888868374298009;0.620454601341427;0.799862328900397;0.658593752847666;0.465466567446349;0.332268057271093;0.52307307597773;0.285049504834975;0.448698419555823;0.453273094738373;0.282020182248816;0.498017990703457;0.490603726700919;0.0803129317639861;0.742394312633703;1.38945161026807;0.975098823682085;0.291978901619984;0.16;0.16;0.328295498171076;0.560954811999634;0.353162099652387;0.800868081185268;0.543411715356921
0.355199747126455;0.23836691700137;0.882888686112534;1.19870163616553;0.573390066981483;0.52;0.736876929192211;0.89603366333127;0.566396970087651;0.135445355791878;0.540863838600433;0.405867149615241;0.365956913910019;0.500087134157685;0.55804982366561;1.10251980129388;0.394595136777404;0.138294723854753;0.109690615673324;0.825744163901453;1.30945983676636;1.32;1.32;1.15216230638172;1.15334135593421;0.828640171204839;0.56;0.56;0.56;0.551416639183345;0.437365154909398;0.501617608874542;0.0942746973017156;0.0959457156446765;0.08;0.08;0.0948273266779259;0.540880308604175;0.404069120914592;0.335578265282699;1.01705586280352;1.01813073765757;0.16;0.16;0.32513655896054;0.873988410263987;1.01844116412867;1.39721532735261;1.05420234248553;0.773803770655308
0.08;0.322799395673148;0.56;0.658212602231897;0.481882790220896;0.409618541362675;0.996827431334541;1.16;1.08453850264235;0.775148232395485;0.0852868076860979;0.188572716858567;0.480000011940241;0.535790068495655;0.767677080384283;1.24189209210156;0.917708226406563;0.301785080000199;0.319732223353819;0.498163141945346;0.843369281682939;1.27008662882132;1.31103898744984;1.18574526271642;0.871388350005603;0.32747252839502;0.407043750579669;0.242322528147339;0.463138209475833;0.56;0.380284311713998;0.361169921093128;0.0831056175047648;0.0171958156303995;0.08;0.0757912753442948;0.0584400892953388;0.0957887258444238;0.64;0.507591593722775;0.840586907120302;1.37336968182206;0.616171258303077;0.199364069328332;1.21098778612337;1.50328840871489;2.02430087242853;1.92071317108664;0.5542638590822;0.177295708043677
