0.28;0.28;0.28;0.28;0.28;0.28;0.249830716844015;0.0354987755219181;0;0.0311307136000395;0.208093947503437;0.141890107372513;0.12;0.12;0.12;0.12;0.12;0.12;0.12;0.12;0.169688609548798;0.272077069034078;0.309217511230852;0.27269185095879;0.106715753339019;0.04;0.10928177938721;0.31252661594972;0.315547184222803;0.32;0.32;0.32;0.311014053660582;0.0886482329904957;0.04;0.0691977785385054;0.0973473464290881;0.24788484720278;0.305947280876365;0.32;0.32;0.32;0.32;0.32;0.32;0.32;0.32;0.32;0.32;0.302987258223038
0.28;0.28;0.28;0.28;0.28;0.28;0.272704907278878;0.12828959150528;0.0509648797282279;0.263625513787919;0.28;0.228578698450483;0.12233244118111;0.12;0.12;0.12;0.12;0.12;0.12;0.12;0.155499886216482;0.217317701591815;0.216502722648567;0.156376455367662;0.0659920705645441;0.0825506876488473;0.173521103176841;0.221822490597532;0.24230554967468;0.28659812918976;0.292071444210223;0.32;0.193204065920494;0.0403577062677749;0.151022937953658;0.18390547817845;0.186835371859817;0.205266102298237;0.30392688600197;0.32;0.32;0.32;0.32;0.32;0.32;0.32;0.32;0.315147076111199;0.265737703878055;0.207060284612136
0.28;0.28;0.28;0.28;0.28;0.28;0.28;0.278143080413945;0.28;0.28;0.28;0.28;0.225411505689468;0.124892704548131;0.12;0.12;0.12;0.12;0.12;0.12;0.12;0.13084676039458;0.212922153828121;0.233144110513432;0.19261497654545;0.247286898477826;0.258900475972133;0.204244336860867;0.2;0.2;0.20432225176027;0.207083777014259;0.171356633199302;0.136973794487119;0.198090231637093;0.2;0.2;0.200682180185376;0.276312896912718;0.32;0.32;0.32;0.32;0.32;0.32;0.32;0.297202467375946;0.22628862630592;0.2;0.2
0.28;0.28;0.28;0.28;0.28;0.28;0.28;0.28;0.28;0.28;0.28;0.28;0.260291426440854;0.130810686713459;0.12;0.12;0.12;0.12;0.12;0.12;0.12;0.12;0.201779075711229;0.311285830158423;0.304510227404153;0.319603437350064;0.32;0.294817658465721;0.245595104469439;0.2;0.2;0.2;0.2;0.2;0.2;0.2;0.2;0.2;0.267035612747911;0.32;0.32;0.32;0.32;0.32;0.318565222956287;0.256789173814651;0.201741707862665;0.2;0.2;0.2
0.28;0.28;0.28;0.28;0.28;0.28;0.28;0.28;0.28;0.28;0.28;0.270695882071196;0.157666846608794;0.12;0.12;0.12;0.12;0.12;0.12;0.12;0.12;0.12;0.12;0.185244458891456;0.306652722138029;0.32;0.32;0.32;0.318254268432511;0.256469548114485;0.2;0.2;0.2;0.2;0.2;0.2;0.2;0.223357320400172;0.289136570086656;0.32;0.32;0.32;0.32;0.284253843826646;0.214130146174434;0.2;0.2;0.2;0.2;0.2
0.28;0.28;0.28;0.28;0.28;0.28;0.28;0.28;0.28;0.28;0.262707861306238;0.182674833229603;0.12;0.12;0.12;0.12;0.12;0.12;0.12;0.12;0.12;0.12;0.12;0.12;0.234889978026656;0.32;0.317049190933118;0.26198245530031;0.184597905913368;0.216973499631927;0.297662827779513;0.221553711388436;0.2;0.221862715588377;0.31096392977883;0.211892634760992;0.222398663921768;0.33874948106348;0.360075210498087;0.348023275556619;0.320207545401651;0.303179910826918;0.244324631372533;0.204331520367556;0.2;0.2;0.2;0.2;0.2;0.2
0.278014503935419;0.236566700806932;0.28;0.28;0.28;0.28;0.28;0.28;0.28;0.229417030829396;0.146817143661461;0.12;0.12;0.12;0.12;0.12;0.12;0.12;0.12;0.12;0.12;0.12;0.12;0.12;0.125683719492431;0.207807812158539;0.14409206870243;0.12;0.12;0.12;0.286930155062616;0.38962296741516;0.344367231251737;0.327516595815478;0.4;0.26278224145202;0.330659414847706;0.4;0.4;0.4;0.3745384804908;0.221662525933793;0.2;0.2;0.2;0.2;0.2;0.2;0.2;0.2
0.28;0.0997245491092982;0.222198227470616;0.273553631388798;0.28;0.28;0.28;0.28;0.214815893006126;0.127708677718191;0.12;0.12;0.12;0.12;0.12;0.12;0.12;0.12;0.12;0.12;0.12;0.12;0.12;0.12;0.12;0.12;0.12;0.137745204244416;0.207264991072948;0.329739668491669;0.394183936609473;0.4;0.4;0.39025069889985;0.376831293730115;0.220507050770963;0.331448929841397;0.4;0.4;0.4;0.4;0.289662975375559;0.2;0.2;0.2;0.2;0.2;0.2;0.2;0.2
0.28;0.272728997957565;0.219061795150306;0.164667539174575;0.28;0.28;0.245694140901405;0.157182561180246;0.120859433779961;0.12;0.12;0.12;0.12;0.12;0.12;0.12;0.12;0.12;0.12;0.12;0.12;0.12;0.12;0.12;0.12;0.127232596595871;0.258359420954576;0.359126228252522;0.4;0.4;0.4;0.4;0.4;0.30242217485683;0.230760530366152;0.2;0.316139881417155;0.4;0.4;0.4;0.4;0.382137918525175;0.221853983781485;0.2;0.2;0.2;0.2;0.2;0.2;0.2
0.28;0.28;0.28;0.166559696510916;0.261056519353354;0.199798296816722;0.132791053658009;0.12;0.12;0.12;0.12;0.12;0.12;0.12;0.12;0.12;0.12;0.12;0.12;0.12;0.12;0.12;0.12;0.12;0.202618344790651;0.372891975164924;0.4;0.4;0.4;0.4;0.4;0.4;0.594511610461272;0.668153191606402;0.2;0.2;0.379024222878165;0.4;0.4;0.4;0.4;0.4;0.337724244054655;0.213292205473151;0.2;0.2;0.2;0.2;0.2;0.2
0.28;0.28;0.279823895203891;0.172669439127421;0.100237884531452;0.12;0.12;0.12;0.12;0.12;0.12;0.12;0.12;0.12;0.12;0.12;0.12;0.12;0.12;0.12;0.12;0.12;0.132594338777465;0.298402840897757;0.392821485320585;0.4;0.4;0.4;0.4;0.4;0.4;0.496500695004031;1.28188058423309;0.48072080904538;0.294093008424394;0.285748045633862;0.397767664761944;0.4;0.4;0.4;0.4;0.4;0.4;0.353208883753558;0.218590616485034;0.2;0.2;0.2;0.2;0.2
0.28;0.28;0.203598752318249;0.0306986946437904;0.0144724563301188;0.0559130863393599;0.116383438549337;0.12;0.12;0.12;0.12;0.12;0.12;0.12;0.12;0.12;0.12;0.12;0.12;0.12;0.12;0.157714864026834;0.322192564434412;0.4;0.4;0.4;0.4;0.4;0.4;0.4;0.4;0.416019233098386;0.428279712700494;0.4;0.4;0.4;0.4;0.4;0.4;0.4;0.4;0.4;0.4;0.4;0.367805265845284;0.228585979158581;0.2;0.2;0.2;0.2
0.28;0.231699081231392;0.122476699646591;0.0955850320625675;0.00393444355782206;0;0.0414709146519874;0.0731559824204072;0.0631260967166629;0.0599208386672341;0.103080984412227;0.0608575333472098;0.0596777707817964;0.0407620985861562;0.103751496272533;0.115635752517864;0.12;0.12;0.12;0.12;0.258399378631876;0.4;0.4;0.4;0.4;0.4;0.4;0.4;0.4;0.4;0.4;0.4;0.4;0.4;0.4;0.4;0.4;0.4;0.4;0.4;0.4;0.4;0.4;0.4;0.4;0.378131182790524;0.242572403039474;0.2;0.2;0.2
0.254678828061443;0.129965904996612;0.12;0.12;0.076857507460063;0.0188810718451151;0.0361629369621165;0.0669800664807507;0.11655105764335;0.12;0.0779082495929574;0.0879468557861421;0.12;0.104788556673991;0.021611656540368;0.0253700728288064;0.0797677240582495;0.12;0.190100272988079;0.353429327918946;0.399307878192655;0.4;0.4;0.4;0.4;0.4;0.4;0.4;0.4;0.4;0.4;0.4;0.4;0.4;0.4;0.4;0.4;0.4;0.4;0.4;0.4;0.4;0.4;0.4;0.4;0.4;0.300525575626984;0.2;0.2;0.2
0.148028312064142;0.12;0.12;0.12;0.108315483517699;0.085030485336674;0.12;0.12;0.12;0.12;0.12;0.12;0.12;0.12;0.118684874431622;0.0782361466943378;0.0293821414756151;0.212595807582741;0.386197230891665;0.4;0.4;0.4;0.4;0.4;0.4;0.4;0.4;0.4;0.4;0.4;0.4;0.4;0.4;0.4;0.4;0.4;0.4;0.4;0.4;0.4;0.4;0.4;0.4;0.4;0.4;0.4;0.338875930617403;0.2;0.2;0.2
0.12;0.12;0.12;0.12;0.12;0.12;0.12;0.12;0.12;0.12;0.12;0.12;0.12;0.12;0.12;0.112809933317473;0.167067199548497;0.4;0.4;0.4;0.4;0.4;0.4;0.4;0.4;0.4;0.4;0.4;0.4;0.4;0.4;0.4;0.4;0.4;0.4;0.4;0.4;0.4;0.4;0.4;0.4;0.4;0.4;0.4;0.4;0.4;0.394882716398532;0.258240980531673;0.2;0.2
0.12;0.12;0.12;0.12;0.12;0.12;0.12;0.12;0.12;0.12;0.12;0.12;0.12;0.12;0.12;0.101496656943836;0.329993896157768;0.4;0.4;0.4;0.4;0.4;0.4;0.4;0.4;0.4;0.4;0.4;0.4;0.4;0.4;0.4;0.4;0.4;0.4;0.4;0.4;0.4;0.4;0.4;0.4;0.4;0.4;0.4;0.4;0.4;0.4;0.367361821808205;0.2;0.2
0.12;0.12;0.12;0.12;0.12;0.12;0.12;0.12;0.12;0.12;0.12;0.12;0.12;0.12;0.289772290032757;0.240342938085382;0.374868537896872;0.4;0.4;0.4;0.4;0.4;0.4;0.4;0.4;0.4;0.4;0.4;0.4;0.4;0.4;0.4;0.4;0.4;0.4;0.4;0.4;0.4;0.4;0.4;0.4;0.4;0.4;0.4;0.4;0.4;0.4;0.4;0.303472386505113;0.200081288413776
0.12;0.12;0.12;0.12;0.12;0.12;0.12;0.12;0.12;0.12;0.12;0.12;0.12;0.225284457155413;0.395249783162845;0.338309670019039;0.27310714100828;0.4;0.4;0.4;0.4;0.4;0.4;0.4;0.4;0.4;0.4;0.4;0.4;0.4;0.4;0.4;0.4;0.4;0.4;0.4;0.4;0.4;0.4;0.4;0.4;0.4;0.4;0.4;0.4;0.4;0.4;0.4;0.4;0.241944563738768
0.12;0.12;0.12;0.12;0.12;0.12;0.12;0.12;0.12;0.12;0.12;0.149805456359692;0.157623269748622;0.332919884189792;0.4;0.312879264400787;0.142590991260808;0.332739213075023;0.386771811978422;0.4;0.4;0.4;0.4;0.4;0.4;0.4;0.4;0.4;0.4;0.4;0.4;0.4;0.4;0.4;0.4;0.4;0.4;0.4;0.4;0.4;0.4;0.4;0.4;0.4;0.4;0.4;0.4;0.4;0.4;0.291641156360106
0.12;0.12;0.12;0.12;0.12;0.12;0.12;0.12;0.12;0.12;0.12;0.343154439963084;0.371512870704413;0.4;0.4;0.4;0.260563307259742;0.190876101972643;0.171287850469359;0.161884511082959;0.309228792555171;0.394442080482476;0.365065418762621;0.335188522050623;0.362019111999996;0.4;0.4;0.4;0.4;0.4;0.4;0.4;0.4;0.4;0.4;0.4;0.4;0.4;0.4;0.4;0.4;0.4;0.4;0.4;0.4;0.4;0.4;0.4;0.4;0.292875183140566
0.12;0.12;0.12;0.12;0.12;0.12;0.12;0.12;0.12;0.12;0.190805304732556;0.390371183687223;0.4;0.4;0.4;0.4;0.4;0.4;0.379601297473355;0.344251405232307;0.108003392799817;0.131761615522724;0.235275377957064;0.283848753320612;0.262837807893345;0.219038109637145;0.15266574941236;0.247491454731469;0.4;0.4;0.4;0.4;0.4;0.4;0.4;0.4;0.4;0.4;0.4;0.4;0.4;0.4;0.4;0.4;0.4;0.4;0.4;0.4;0.4;0.360596944900064
0.12;0.12;0.12;0.12;0.12;0.12;0.12;0.12;0.12;0.153425684029936;0.372703994035713;0.4;0.4;0.4;0.4;0.4;0.4;0.4;0.4;0.4;0.330962589624551;0.361676273780511;0.4;0.4;0.4;0.4;0.37606346525276;0.155060176635315;0.391009381207477;0.4;0.4;0.4;0.4;0.4;0.4;0.4;0.4;0.4;0.4;0.4;0.4;0.4;0.4;0.4;0.4;0.4;0.4;0.4;0.4;0.289372169614255
0.12;0.12;0.12;0.12;0.12;0.12;0.12;0.12;0.12;0.295203649960553;0.4;0.4;0.4;0.4;0.4;0.4;0.4;0.4;0.4;0.4;0.4;0.4;0.4;0.4;0.4;0.4;0.4;0.392746197279798;0.677601583824959;0.471595491753863;0.4;0.4;0.4;0.4;0.4;0.4;0.4;0.4;0.4;0.4;0.4;0.4;0.4;0.4;0.4;0.4;0.4;0.4;0.39536418899025;0.21763279754488
0.12;0.12;0.12;0.12;0.12;0.12;0.12;0.12;0.18600358036493;0.396959234765845;0.4;0.4;0.4;0.4;0.4;0.4;0.4;0.4;0.4;0.4;0.4;0.4;0.4;0.4;0.4;0.4;0.4;0.663078791040262;1.33300249007344;1.36963600199198;0.518476454271722;0.4;0.4;0.4;0.4;0.4;0.4;0.4;0.4;0.4;0.4;0.4;0.4;0.4;0.4;0.4;0.4;0.4;0.33237697067038;0.2
0.12;0.12;0.12;0.12;0.12;0.12;0.12;0.12;0.364217804418975;0.4;0.4;0.4;0.4;0.4;0.4;0.4;0.4;0.4;0.4;0.4;0.4;0.4;0.4;0.4;0.4;0.502863880210835;0.882459234979004;0.726199253324667;1.5186468520209;1.6;0.858190223042158;0.4;0.4;0.4;0.4;0.4;0.4;0.4;0.4;0.4;0.4;0.4;0.4;0.4;0.4;0.4;0.4;0.4;0.25581921814331;0.2
0.12;0.12;0.12;0.12;0.12;0.12;0.12;0.236549988328318;0.395547404919778;0.4;0.4;0.4;0.4;0.4;0.4;0.4;0.4;0.4;0.4;0.4;0.4;0.4;0.4;0.4;0.4;0.44175085856003;1.07221956750909;1.11769255033846;1.5096570905002;1.6;1.6;1.3790652092816;0.625004231598274;0.4;0.4;0.4;0.4;0.4;0.4;0.4;0.4;0.4;0.4;0.4;0.4;0.4;0.4;0.367386229829988;0.212076582045213;0.2
0.12;0.12;0.12;0.12;0.12;0.12;0.191171043460592;0.384875336372705;0.4;0.4;0.4;0.4;0.4;0.4;0.4;0.4;0.4;0.4;0.4;0.4;0.4;0.4;0.4;0.4;0.4;0.4;0.418954133256716;1.2436275476606;1.6;1.6;1.6;1.6;1.54923808922615;0.722094304464831;0.4;0.4;0.4;0.4;0.4;0.4;0.4;0.4;0.4;0.4;0.4;0.4;0.4;0.350626250423128;0.2;0.2
0.12;0.12;0.12;0.12;0.12;0.122299077510046;0.310470798832204;0.4;0.4;0.4;0.4;0.4;0.4;0.4;0.4;0.4;0.4;0.4;0.4;0.4;0.4;0.4;0.4;0.4;0.4;0.4;0.4;0.861314013992349;1.55249767366943;1.6;1.6;1.6;1.18883377424434;0.40484357344631;0.4;0.4;0.4;0.4;0.4;0.4;0.4;0.4;0.4;0.4;0.4;0.4;0.4;0.283153393529588;0.2;0.2
0.12;0.12;0.12;0.12;0.12;0.224411168517202;0.4;0.4;0.4;0.4;0.4;0.4;0.4;0.4;0.4;0.4;0.4;0.4;0.4;0.4;0.4;0.4;0.4;0.4;0.4;0.4;0.4;0.401258738804056;0.531277039702516;1.6;1.6;1.34135608846823;1.10886083718754;0.78011412310292;0.4;0.4;0.4;0.4;0.31554654689309;0.4;0.4;0.4;0.4;0.4;0.4;0.4;0.4;0.288335956836456;0.2;0.2
0.105985402522915;0.12;0.12;0.12;0.126160863657975;0.373482469421886;0.4;0.4;0.4;0.4;0.4;0.4;0.4;0.4;0.4;0.4;0.4;0.4;0.4;0.4;0.4;0.4;0.4;0.4;0.4;0.4;0.4;0.4;0.765459440244317;1.45148954457464;1.35221243667509;0.6974701199539;0.4;0.4;0.4;0.4;0.4;0.4;0.218009250597929;0.265579056025846;0.293157154010609;0.276700850956375;0.268661515523473;0.326168579933584;0.4;0.4;0.4;0.213592150226934;0.2;0.2
0.0812678601892229;0.102502305399578;0.12;0.12;0.273630453880324;0.4;0.4;0.4;0.4;0.4;0.4;0.4;0.4;0.4;0.4;0.4;0.4;0.4;0.4;0.4;0.4;0.4;0.4;0.4;0.4;0.4;0.4;0.4;0.651365361592995;0.400329312620754;0.4;0.4;0.4;0.4;0.4;0.4;0.4;0.264460696401623;0.201970705465538;0.2;0.205057473106724;0.201784881362909;0.260550890506524;0.4;0.4;0.4;0.397508162843899;0.226173094119911;0.2;0.2
0.08;0.0806756261045064;0.0988390868682246;0.16435875427717;0.4;0.4;0.4;0.4;0.4;0.4;0.4;0.4;0.4;0.4;0.4;0.4;0.4;0.4;0.4;0.4;0.4;0.4;0.4;0.4;0.4;0.4;0.4;0.4;0.4;0.4;0.4;0.4;0.4;0.4;0.4;0.4;0.389430560114054;0.247532481849507;0.271246764390962;0.378502182379002;0.4;0.32348945018949;0.4;0.4;0.4;0.4;0.348902385273483;0.2;0.2;0.2
0.08;0.08;0.0802678645430761;0.185562960084393;0.4;0.4;0.4;0.4;0.4;0.4;0.4;0.4;0.4;0.4;0.4;0.4;0.4;0.4;0.4;0.4;0.4;0.4;0.4;0.4;0.4;0.4;0.4;0.4;0.4;0.4;0.4;0.4;0.4;0.4;0.4;0.4;0.361615282765357;0.321508643978632;0.4;0.4;0.4;0.4;0.4;0.4;0.4;0.4;0.364124488799833;0.2;0.2;0.2
0.08;0.08;0.08;0.0844228546701372;0.23915468157053;0.370047161870351;0.4;0.4;0.4;0.4;0.4;0.4;0.4;0.4;0.4;0.4;0.4;0.4;0.4;0.4;0.4;0.4;0.4;0.4;0.4;0.4;0.4;0.4;0.4;0.4;0.4;0.4;0.4;0.4;0.4;0.4;0.392034308121112;0.382621632511118;0.4;0.4;0.4;0.4;0.4;0.4;0.4;0.4;0.329980696196721;0.2;0.2;0.2
0.08;0.08;0.08;0.08;0.08;0.0857069900553834;0.272139668206009;0.4;0.4;0.4;0.4;0.4;0.4;0.4;0.4;0.4;0.4;0.4;0.4;0.4;0.4;0.4;0.4;0.4;0.4;0.4;0.4;0.4;0.4;0.4;0.4;0.4;0.4;0.4;0.4;0.4;0.4;0.4;0.4;0.4;0.4;0.4;0.4;0.4;0.4;0.4;0.25161596892966;0.2;0.2;0.2
0.08;0.08;0.08;0.08;0.08;0.08;0.0817533407421739;0.239688986181925;0.353654771360212;0.4;0.4;0.4;0.4;0.4;0.4;0.4;0.4;0.4;0.4;0.4;0.4;0.4;0.4;0.4;0.4;0.4;0.4;0.4;0.4;0.4;0.4;0.4;0.4;0.4;0.4;0.4;0.4;0.4;0.4;0.4;0.4;0.4;0.4;0.4;0.4;0.366951617892767;0.205946700475052;0.2;0.2;0.2
0.08;0.08;0.08;0.08;0.08;0.08;0.08;0.08;0.107176502289641;0.338755980524243;0.4;0.4;0.4;0.4;0.4;0.4;0.4;0.4;0.4;0.4;0.4;0.4;0.4;0.4;0.4;0.4;0.4;0.4;0.4;0.4;0.4;0.4;0.4;0.4;0.4;0.4;0.4;0.4;0.4;0.4;0.4;0.4;0.4;0.4;0.4;0.29659900545199;0.2;0.2;0.2;0.2
0.08;0.08;0.08;0.08;0.08;0.08;0.08;0.08;0.08;0.0907728329830893;0.319644215155887;0.390709788443394;0.344175696801185;0.279246577383621;0.4;0.4;0.4;0.4;0.4;0.4;0.4;0.4;0.4;0.4;0.4;0.4;0.4;0.4;0.4;0.4;0.4;0.4;0.4;0.4;0.4;0.4;0.4;0.4;0.4;0.4;0.4;0.4;0.4;0.4;0.387683526285439;0.23262341863135;0.2;0.2;0.2;0.2
0.08;0.08;0.08;0.08;0.08;0.08;0.08;0.08;0.08;0.08;0.08;0.144303895884554;0.130728852470629;0.0893916475980926;0.303419446984521;0.4;0.4;0.4;0.4;0.4;0.4;0.4;0.4;0.4;0.4;0.4;0.4;0.4;0.4;0.4;0.4;0.4;0.4;0.4;0.4;0.4;0.4;0.4;0.4;0.4;0.4;0.4;0.4;0.4;0.35427362564074;0.23215209633541;0.205856336421973;0.2;0.2;0.2
0.08;0.08;0.08;0.08;0.08;0.08;0.08;0.08;0.08;0.08;0.08;0.08;0.08;0.08;0.123002851219187;0.348624740632204;0.4;0.4;0.4;0.4;0.4;0.4;0.4;0.4;0.4;0.4;0.4;0.4;0.4;0.4;0.4;0.4;0.4;0.4;0.4;0.4;0.4;0.4;0.4;0.4;0.4;0.4;0.4;0.39925951468079;0.25538735431288;0.238711012028805;0.207952913294847;0.2;0.2;0.2
0.08;0.08;0.08;0.08;0.08;0.08;0.08;0.08;0.08;0.08;0.08;0.08;0.08;0.08;0.08;0.104014802374981;0.334054565942298;0.4;0.4;0.4;0.4;0.4;0.4;0.4;0.4;0.4;0.4;0.4;0.4;0.4;0.4;0.4;0.4;0.4;0.4;0.4;0.4;0.4;0.4;0.4;0.4;0.4;0.4;0.350446978817447;0.241141489847018;0.239849934185414;0.226477503162193;0.2;0.2;0.2
0.08;0.08;0.08;0.08;0.08;0.08;0.08;0.08;0.08;0.08;0.08;0.08;0.08;0.08;0.08;0.08;0.390790638154322;0.4;0.4;0.4;0.4;0.4;0.4;0.4;0.4;0.4;0.4;0.4;0.4;0.4;0.4;0.4;0.4;0.4;0.4;0.4;0.4;0.4;0.4;0.4;0.4;0.4;0.4;0.290577212422424;0.24;0.24;0.239730504820263;0.211675819038921;0.202688778877497;0.2
0.08;0.08;0.08;0.08;0.08;0.08;0.08;0.08;0.08;0.08;0.08;0.08;0.08;0.08;0.08;0.195618530906976;0.399173004831387;0.41048768225838;0.4;0.405052830291316;0.474848098303462;0.419783331628486;0.532666013052687;0.451351501770573;0.406858562915622;0.4;0.4;0.4;0.4;0.4;0.4;0.4;0.4;0.4;0.4;0.4;0.4;0.4;0.4;0.4;0.4;0.4;0.377988757773629;0.251582998285804;0.24;0.24;0.24;0.24;0.231502704071834;0.20388123782556
0.08;0.08;0.08;0.08;0.08;0.08;0.08;0.08;0.08;0.08;0.08;0.08;0.08;0.08;0.08;0.240444752348263;0.44792461446284;0.607332960453912;0.582913541560242;0.536939865504896;0.675895033529011;0.652050108309726;0.68;0.68;0.604628163372746;0.558079588566281;0.484112041985104;0.46328114084144;0.4;0.4;0.4;0.4;0.4;0.4;0.4;0.4;0.4;0.4;0.4;0.4;0.4;0.399257416405806;0.322129764432967;0.24;0.24;0.24;0.24;0.24;0.24;0.234491748825187
0.08;0.08;0.08;0.08;0.08;0.08;0.08;0.08;0.08;0.08;0.08;0.08;0.08;0.08;0.113159805412972;0.486674183736855;0.671739531058184;0.68;0.68;0.68;0.68;0.68;0.68;0.68;0.68;0.68;0.68;0.670305116322093;0.613661354267113;0.420547270358782;0.499819881399601;0.527692681397829;0.548167242023196;0.492944590598884;0.4;0.409393357556552;0.500661486690406;0.457286320291227;0.412767757257473;0.4;0.4;0.392413381211913;0.24;0.24;0.24;0.24;0.24;0.24;0.24;0.24
0.08;0.08;0.08;0.08;0.08;0.08;0.08;0.08;0.08;0.08;0.08;0.08;0.08;0.151330954221823;0.448891280809738;0.68;0.68;0.68;0.68;0.68;0.68;0.68;0.68;0.68;0.68;0.68;0.68;0.68;0.68;0.6342818166829;0.668555857501747;0.68;0.68;0.677914716641476;0.584380594480451;0.631650375299549;0.68;0.68;0.633472044286397;0.592631621013245;0.525012912645098;0.342029726053503;0.24;0.24;0.24;0.24;0.24;0.24;0.24;0.24
0.08;0.08;0.08;0.08;0.08;0.08;0.08;0.08;0.08;0.08;0.08;0.08;0.14556871319765;0.57326764935604;0.68;0.68;0.68;0.68;0.68;0.68;0.68;0.68;0.68;0.68;0.68;0.68;0.68;0.68;0.68;0.68;0.68;0.68;0.68;0.68;0.68;0.68;0.68;0.68;0.68;0.68;0.68;0.309109235767322;0.24;0.24;0.24;0.24;0.24;0.24;0.24;0.24
0.08;0.08;0.08;0.08;0.08;0.08;0.08;0.08;0.08;0.08;0.08;0.188373983407153;0.645461774119481;0.68;0.68;0.68;0.68;0.68;0.68;0.68;0.68;0.68;0.68;0.68;0.68;0.68;0.68;0.68;0.68;0.68;0.68;0.68;0.68;0.68;0.68;0.68;0.68;0.68;0.68;0.68;0.68;0.342679358301731;0.24;0.24;0.24;0.24;0.24;0.24;0.24;0.24
0.08;0.08;0.08;0.08;0.08;0.08;0.08;0.08;0.08;0.08;0.316213516525786;0.68;0.68;0.68;0.68;0.68;0.68;0.68;0.68;0.68;0.68;0.68;0.68;0.68;0.68;0.68;0.68;0.68;0.68;0.68;0.68;0.68;0.68;0.68;0.68;0.68;0.68;0.68;0.68;0.68;0.610864600996363;0.240649890942622;0.24;0.24;0.24;0.24;0.24;0.24;0.24;0.24
