1.2;1.2;1.2;1.2;1.2;1.2;1.2;1.2;1.2;3.30520952204371;29.5762642498137;31.32;16.938478993249;1.2;1.2;1.2;1.2;1.2;1.2;1.2;1.2;1.2;1.2;1.2;1.2;1.2;26.7781768579991;2.49567041189026;1.2;1.2;8.83760733464367;1.57553952825167;47.8963898783453;18.9434301620579;0.874231050161412;0.717383765472472;1.1018840603892;1.52732542658657;1.2;1.45636146530043;1.84461163220229;17.5587681515522;44.9233299039028;113.474869946208;114.84;114.84;114.84;114.84;55.4747042591943;0.974811146026359
1.2;1.2;1.2;1.2;1.2;1.2;1.2;1.2;1.2;3.92195101349847;7.26215345377782;2.85873682230595;22.667506206296;6.24700159889668;1.2;1.2;1.2;1.2;1.2;1.2;1.2;1.2;1.2;1.2;1.2;1.2;1.2;1.2;1.2;15.0713777155416;53.0183308199326;56.9233361217295;64.7284365072356;55.1662508819842;2.60399505882552;0.136645933627264;0.35216073523657;0.41924905842582;0.978903097394849;1.2;1.2;1.2;1.38900508330939;37.874941763931;100.599039865573;114.84;114.84;114.84;70.1958849984166;0.850477303970251
1.2;1.2;1.2;1.2;1.2;1.2;1.2;1.2;1.2;1.2;1.2;1.2;8.55851443552885;7.30441423968955;1.2;1.2;1.2;1.2;1.2;1.2;1.2;1.2;1.2;1.2;1.2;1.2;1.2;1.2;1.2;42.6612428659298;64.84;64.84;55.7697759887219;24.0807635135906;3.36920005265292;0.27240723133916;0.191088366918287;0.353318255602196;1.17281112201501;1.2;1.2;1.2;27.3006521313127;49.4082151541033;114.84;114.84;75.5939140477264;79.0486775577745;59.1690922442831;0.15343803636427
1.2;1.2;1.2;1.2;1.2;1.2;1.2;1.2;1.2;1.2;1.2;1.2;1.2;1.2;1.2;1.2;1.2;1.2;1.2;1.2;1.2;1.2;1.2;1.2;1.2;1.2;1.2;1.2;1.2;7.52803882743219;64.84;58.4194908210939;2.84803255564091;1.2;1.2;1.00029150440594;1.09093047305472;1.09257289978443;1.2;1.2;1.2;1.2;51.3117835074842;111.791695869677;114.84;111.992141074847;4.18261539297186;3.2;1.2930408459816;0.165595274859095
1.2;1.2;1.2;1.2;1.2;1.2;1.2;1.2;1.2;1.2;1.2;1.2;1.2;1.2;1.2;1.2;1.2;1.2;1.2;1.2;1.2;1.2;1.2;1.2;1.2;1.2;1.2;1.2;1.2;43.8204856094219;59.1172072045606;28.1210578330342;1.35701781801815;1.2;1.2;1.2;0.886796008660182;0.492691296398421;0.907200589669073;1.2;1.2;1.2;2.67716102502537;17.6478598116699;81.7079753239942;109.175314546181;40.4672362085613;3.2;0.575371494417869;0.0634734911879141
1.2;1.2;1.2;1.2;1.2;1.2;1.2;1.2;1.2;1.2;1.2;1.2;1.2;1.2;1.2;1.2;1.2;1.2;1.2;1.2;1.2;1.2;1.2;1.2;1.2;1.2;1.2;1.2;7.09426438661488;58.4736052808486;39.6128762245829;1.2;1.2;1.2;1.2;0.734407518642898;0.12;0.133620249671689;0.846965971599016;1.2;1.2;1.2;1.2;1.2;1.2;14.3227074051407;4.11434168310664;2.55588765888221;0.124089196058805;0.00231520190557419
1.2;1.2;1.2;1.2;1.2;1.2;1.2;1.2;1.2;1.2;1.2;1.2;1.2;1.2;1.2;1.2;1.2;1.2;1.2;1.2;1.2;1.2;1.2;1.2;1.2;1.2;1.2;1.2;6.70663870584278;47.3206649085005;8.35414449337956;1.2;1.2;2.20878487971838;1.2;0.847449610881228;0.12;0.12;1.09161229406758;1.2;1.2;1.2;1.2;1.2;1.2;2.34648660220665;2.35649371676696;1.86709209042988;0;0
1.2;1.2;1.2;1.2;1.2;1.2;1.2;1.2;1.2;1.2;1.2;1.2;1.2;1.2;1.2;1.2;1.2;1.2;1.2;1.2;1.2;1.2;1.2;1.2;1.2;1.2;1.2;1.2;1.2;1.26514641735409;1.2;1.2;22.7824271967298;43.3645899746146;6.93201162404662;1.06382679974894;0.291565840815093;0.646474305800424;1.1512029099759;1.2;1.2;1.2;1.2;1.2;1.2;1.33181046493004;1.2;0.563229467145167;0;0
1.2;1.2;1.2;1.2;1.2;1.2;1.2;1.2;1.2;1.2;1.2;1.2;1.2;1.2;1.2;1.2;1.2;1.2;1.2;1.2;1.2;1.2;1.2;1.2;1.2;1.2;1.2;1.2;1.2;1.2;1.2;1.2;1.2;50.5530311207181;30.0390272512489;40.5322998148092;1.8429623742135;1.04923135495636;1.2;1.2;1.2;1.2;1.2;1.2;1.2;1.2;1.2;0.37537493492225;0;0
1.2;1.2;1.2;1.2;1.2;1.2;1.2;1.2;1.2;1.2;1.2;1.2;1.2;1.2;1.2;1.2;1.2;1.2;1.2;1.2;1.2;1.2;1.2;1.2;1.2;1.2;1.2;1.2;1.2;1.2;1.2;1.2;1.2;40.2991431304952;49;49;48.2383565149172;14.1838654908944;1.72963713010493;1.2;1.2;1.2;1.2;1.33735623337453;2.52481026323745;1.98973870278181;1.0807217456428;0.111407257119966;0;0.14730878765702
1.2;1.2;2.33235370127952;8.28314627498414;1.2;1.2;1.2;1.2;1.2;1.2;1.2;1.2;1.2;1.2;1.2;10.6073606156399;16.7576230474717;8.37592082693651;9.9119434910043;1.2;1.2;1.2;1.2;1.2;1.2;1.2;1.2;1.2;1.2;1.2;1.2;1.2;1.2;6.17028955135386;21.4839436321439;45.0770455689866;42.2738577603975;4.87342005687476;1.2;1.2;1.2;1.2;1.2;1.73264013129478;3.08965212319279;3.05189842069289;0.805379171191592;0;0;0.743156276052327
1.2;1.2;12.1223689446139;53.6791247245172;26.1271744396935;1.2;10.3356196591561;31.250323310927;1.2;1.2;1.2;1.2;1.2;1.2;1.8110446601866;32.2561070089594;33.84;33.84;23.1987106495966;1.2;1.2;1.2;1.2;1.2;1.2;1.2;1.2;1.2;1.2;1.2;1.2;1.2;1.2;1.2;1.2;31.2186773293314;37.4410818523764;14.7624101938712;1.2;1.2;1.2;1.2;1.44092022691311;1.83484495141709;2.15950896587433;2.49220743714176;0.410325948823647;0.843403304827636;0.167134581327673;1.11286153574128
1.2;1.2;1.2;5.09815908544776;57.5637633848374;39.6536810318275;7.10773281823983;46.5879515057585;18.4232617608811;1.2;1.2;1.2;1.2;1.2;11.1356025826802;33.5834262467461;32.1801034479108;27.3610479759648;18.0544114644186;8.60784421537444;1.2;1.2;1.2;1.2;1.2;1.2;1.2;1.2;1.2;1.2;1.2;1.2;1.2;1.2;1.2;16.3106382667274;2.65070183848327;1.2;1.2;1.2;1.2;1.2;2.44289532638481;3.18883051959604;2.79853782181442;1.20196503697461;2.69765519921198;1.23824455084333;0.899118736822965;1.2
1.2;1.2;1.2;5.74464510520414;40.9330763997584;66.6464659731655;66.68;66.68;30.0492547111304;1.2;1.2;1.2;1.2;1.2;15.1957617901317;30.6825101440229;7.86587983736571;1.2;9.18009162699597;11.3510822540361;1.2;1.2;1.2;1.2;1.2;1.2;1.2;1.2;1.2;1.2;1.2;1.2;1.2;1.2;1.2;1.2;1.2;1.2;1.2;1.2;1.2;1.45913629552909;3.03339971369859;2.0839529052084;0.461486371891375;2.57479090701285;2.97355871842343;0.698920827369582;1.2;1.2
1.2;1.2;1.2;33.1109996417978;38.70762545552;66.68;66.68;66.68;53.2271875883712;16.7157407664105;1.2;1.2;1.2;1.2;1.2;3.16481820377825;1.20039442805919;1.2;1.2;1.2;1.2;1.2;1.2;1.2;1.2;1.2;1.2;1.2;1.2;1.2;1.2;1.2;1.2;1.2;1.2;1.2;1.2;1.2;1.2;1.2;1.2;1.45679882390142;2.6123989889329;0.841417812716076;1.85777592523788;2.21484410200314;2.00895555014104;0.968065202602242;1.2;1.2
17.6133323980059;6.42377835565256;1.2;1.2;25.8810997752181;58.3602146687236;40.3409144476544;32.7846602590321;20.2830900036793;1.97506547239145;1.2;1.2;1.2;1.2;1.2;1.2;1.2;1.2;1.2;1.2;1.2;1.2;1.2;1.2;1.2;0.747217112846128;1.00511309997375;1.2;1.2;1.2;1.2;1.2;1.2;1.2;1.2;1.2;1.2;1.2;1.2;1.2;1.2;1.2;0.856940317129405;2.23140457800313;1.30327082906565;1.08183511127096;0.605863093888481;1.19990981709898;1.2;21.5682017433429
40.84;17.237879131846;1.2;1.2;1.2;37.7205370158812;28.2306466425041;8.34118463884974;32.3815659880596;1.2;1.2;1.2;1.2;1.2;1.2;1.2;1.2;1.2;1.2;1.2;1.2;1.2;1.2;1.2;1.2;0.679180471009605;0.254420911701767;0.740940052709421;1.2;1.2;1.2;1.2;1.2;1.2;1.2;1.44523556798154;1.59372684429773;1.3353658839895;2.03366923732982;1.82730625033879;2.22309962187125;7.795860064372;0.913989596294545;1.51984349999782;1.2;0.827336893839233;0.955077749846174;1.2;9.5940219883587;36.3862709765226
30.2539805822571;2.67454878537792;1.2;1.2;1.2;29.6582250245434;35.9530835710688;1.2;1.2;1.2;1.2;1.2;1.2;1.2;1.2;1.2;1.2;1.2;1.2;1.2;16.7388294189382;23.0877169189764;1.2;3.11210584513955;1.66160842701518;1.16755607314487;0.12;0.735872911266144;1.2;1.2;1.2;1.2;1.2;1.2;1.2;1.79319032608513;3.00703013806587;4.66428105887732;13.1523620048326;32.4033230107761;39.3859288520817;32.4655449635635;2.74799971419489;1.2;1.08971671320669;0.70917581422779;1.2;1.42718927303611;21.6784599056972;37.24
6.25090354308764;1.2;1.2;1.2;1.2;20.6317347546333;14.5149495698904;1.2;1.2;1.2;1.2;1.2;1.2;1.2;1.2;1.2;1.2;1.2;1.2;14.853294609239;45.5356496030038;9.66459423658331;13.8395697387343;62.4646856569034;11.674249967464;1.2;0.448376631831066;0.374262126231046;1.17637477374481;1.2;1.2;1.2;1.2;1.2;1.2;1.46011141686438;2.44737618710503;15.2814079872194;53;53;52.7079670743453;7.84111453117073;2.90613093260142;1.28691714444115;0.683233862645565;0.980645268256194;1.2;12.1786376262753;33.9481188371324;18.2681203806128
1.2;1.2;1.2;1.2;1.2;2.33143464130647;16.3341106459271;1.2;1.2;1.2;1.2;1.2;1.2;1.2;1.2;1.2;1.2;1.2;1.2;36.9249916862619;64.7729896633345;51.9487589934392;64.1260775371813;68.44;28.2519967843995;6.28457523646671;1.19250377744375;0.976813805436054;1.2;1.2;1.2;1.2;1.2;1.2;1.2;1.41578435951328;10.8366250530156;18.3425737245476;35.2203600057336;53;29.9873361551152;1.71627938849301;1.81456644133307;1.06545195231397;0.502494922915186;1.2;13.0439289468294;36.1330054958602;10.5588930103687;1.2
1.2;1.2;1.2;1.2;1.2;1.2;1.2;1.2;1.2;1.2;1.2;1.2;1.2;1.2;1.2;1.2;1.2;1.2;1.2;18.6001152160127;31.0367603909421;61.218927214052;68.44;67.6021927248938;59.4140501863239;21.0018281601778;1.2;1.2;1.2;1.2;1.2;1.2;1.2;1.2;1.2;22.8370987672724;50.7695157402471;52.867102512813;37.3253920839112;53;14.0311428201578;2.34155524746531;1.2;0.548568920089868;1.02356081299668;1.2;15.792159165904;14.7056218679764;1.2;1.2
1.2;1.2;1.2;1.2;1.2;1.2;1.2;1.2;1.2;1.2;1.2;1.2;1.2;1.2;1.2;1.2;1.2;1.2;1.2;1.2;13.0988723155435;54.8797298193041;45.9257550598657;2.99185236882539;1.2;1.2;1.2;1.2;1.2;1.2;1.2;1.2;1.2;1.2;1.2;34.9025081007901;53;53;53;35.551274956025;0.251103136348055;0.839548413401551;1.04408149726696;0.650670392241403;1.2;1.2;1.2;1.2;1.2;1.2
1.2;1.2;1.2;1.2;1.2;1.2;1.2;1.2;1.2;1.2;1.2;1.2;1.2;1.2;1.2;1.2;1.2;1.2;1.2;1.2;15.5920658610101;68.44;51.5661876321597;1.2;1.2;1.2;1.2;1.2;1.2;1.2;1.2;1.2;1.2;1.2;1.2;20.8305745837261;53;53;51.0863821044175;14.8947558242283;0;0.675763823897721;0.880677307944014;2.26424563908947;2.05186491324828;1.5219429311664;1.23372985206228;1.2;1.2;1.2
1.2;1.2;1.2;1.2;1.2;1.2;1.2;1.2;1.2;1.2;1.2;1.2;1.2;1.2;1.2;1.2;1.2;1.2;1.2;1.2;19.3368389904024;64.4234485161034;60.7911366863764;1.2;1.2;1.2;1.2;1.2;1.2;1.2;1.2;1.2;1.2;1.2;3.3361752895534;25.047799081084;53;53;31.0631983251732;0;0.065727111237195;0.864699382343612;1.63476146368755;2.72;2.72;2.52994735324287;1.39183440832448;1.2;1.2;1.2
23.0651254759884;52.8362242829522;6.51600356440389;1.2;1.2;1.2;1.2;1.2;1.2;1.2;1.2;1.2;1.2;1.2;1.2;1.2;1.2;1.2;1.2;1.2;1.2;35.5048409448582;58.317632441398;17.5029867497814;1.19923054679726;1.2;1.2;1.2;1.2;1.2;1.26360858963204;1.2;1.2;1.2;20.0085491406904;54.6312747751604;53;52.597843629578;13.0158538281581;0.142297880179758;0.292301021765128;0.417395445096263;2.3645157706212;2.72;3.43964228774963;9.56008829556633;1.2;1.2;1.2;1.2
94.16;94.16;43.2935939222293;1.2;1.2;1.2;1.2;1.2;1.2;1.2;1.2;1.2;1.2;1.2;1.2;1.2;1.2;1.2;1.2;1.2;10.277690243445;63.9787193048097;36.3085123143971;0.423153546039238;1.15317426884404;1.2;1.2;1.2;11.7376194243161;38.2173264765721;99.3684662218555;35.7612839736365;10.5381094280951;1.2;25.4537711403991;90.6079190180211;57.8025724992853;25.5226927750493;0.304368111526819;1.0676581314215;0.937197021041818;0.627445773487346;2.56331808690123;2.72;35.3769132075462;67.8828988747881;52.185097886723;13.3085925717511;1.2;1.2
94.1501934627076;94.16;86.9826246687129;20.4666712374151;1.2;1.2;1.2;1.2;1.2;1.2;1.2;1.2;1.2;1.2;1.2;1.2;1.2;1.2;1.2;19.6023588945346;51.2730042925784;37.8699562517182;5.29566806234521;0.228194591346824;1.09121393633461;1.2;1.2;1.2;35.5401705040472;105.929011032216;109.84;109.84;56.1200793840563;1.2;60.5816851588437;95.3102672566819;24.213141100003;1.27547833234616;1.04805815134009;1.13832704737383;0.297629888888789;0.565124281482699;2.56554326660078;20.5865639910902;47.2201727544359;69.28;69.28;67.74878506679;23.7000718295806;1.60614065152388
61.8037526043647;94.16;78.9083330420273;46.9843627255007;1.2;1.2;1.2;1.2;1.2;1.2;1.2;1.2;1.2;1.2;1.2;1.2;1.2;1.2;1.2;21.9569280901659;65.8078922030107;1.27104177653181;0.248202019452354;0.64007210931454;1.2;1.2;1.2;1.2;5.29566891523595;91.2667608128068;109.84;109.84;99.6974876057133;70.2094521719429;106.148855975643;25.3920758401732;0.987501563295012;1.17288168584544;1.19817635768044;0.555249569390438;0.180434557832733;0.446072999180861;7.59968409586536;47.2360463474791;12.0843444477734;54.2023958501565;69.28;69.28;67.8702952369712;16.5015164160982
48.9731811872017;88.6995153313942;42.8088759171421;1.2;1.2;12.2170390633987;33.8131805023375;1.33604313408752;1.2;1.2;1.2;1.2;1.2;1.2;2.03185262052338;1.63886874117803;1.2;1.99386865736728;2.13708640517546;1.2;58.4710320397442;7.4708215969481;0.510819514079852;1.19684058134442;1.2;1.2;67.8567458250122;76.7920454296132;75.4653199344666;109.84;109.84;109.84;109.84;100.091550599274;12.8401716374805;3.0022771318064;3.2;1.88711803114655;0.921175168651614;0.101628338171562;0.199639079298174;0.216765958919423;1.19018998357933;25.3053873596154;15.0240994044214;29.1071615977277;63.5728383662463;57.9802519356601;8.23636894792059;33.7178713455371
33.1724521282979;65.4425568863545;1.2;1.2;1.2;20.465437145214;78.673848300647;15.7557856736967;1.2;1.2;1.2;1.2;1.2;1.70772486174419;3.2;2.82232044345027;2.55542983194405;3.19031428043069;2.8489822111172;24.9222146664359;11.4657108602599;1.2;0.676231398452958;0.863938799755274;0.653832422736937;21.8283599704992;103.901977602255;109.84;109.84;109.84;109.84;109.558077777944;82.4808273146862;15.0674892631574;3.14100798226893;3.2;3.2;3.18437207071038;1.05575957507374;0.188926820192666;0.2;0.21548886379357;1.09672080783669;1.2;1.2;13.3486041744608;10.3486912056193;35.801705149743;1.2;2.05484490405297
1.2;1.2;1.2;1.2;2.3806990514598;35.0232072517407;100.820354785584;37.6405081761886;1.2;1.2;1.2;1.73134174502676;1.91594634392583;2.96981028348316;3.2;3.2;3.2;3.15630321074285;1.551613794604;1.2;1.16937926529794;0.87448067482696;0.470202056594893;0.167888338554375;0.478929986462794;0.903922639662651;83.6415463233242;109.84;109.84;109.84;109.84;56.0513094530531;2.31821617877065;2.8938772387229;3.2;3.2;3.2;3.0956806545547;0.598589433702991;0.2;0.2;0.437736450992453;1.08657062281223;1.13335570097866;1.2;1.2;1.2;6.22243430910774;1.2;20.3727907504554
1.2;1.2;1.2;1.2;1.70282890009135;106.013147758646;108.4;98.1632718892926;8.1515035698524;1.2;1.2;2.36311059878634;3.04752276849449;3.47932839060881;3.42563011783904;3.27191938921267;3.2;2.00207233040589;1.2;1.2;0.720492922292681;0.221801841928065;0.735301234500864;1.24204707905203;0.674006798765219;0.594374004278807;21.3071037334515;92.3139660014136;101.330981444058;96.4717254875088;25.1702653750614;2.16866195421019;3.2;3.2;3.2;3.2;3.2;1.42184783169508;0.232333328790549;0.203215746573667;0.209775287166083;0.694495859259245;0.342922655205353;0.412681681456862;1.05686409826007;1.2;1.2;1.2;1.2;7.84511496786684
1.50632152161969;2.85547216737665;1.2;1.2;1.2;81.2246389326177;108.4;65.0715181303877;21.2927855485479;1.2;1.2;24.6105286032652;113.848596357333;42.8980451754658;6.81716282845663;50.7165039374233;86.3320418066733;120.762750755311;35.8634816990284;1.35645924236649;1.37221328575191;1.4;1.4;1.4;1.12602406881305;0.337990003915727;0.806083423078385;5.45391340583249;20.772488528826;12.8149054443644;1.78460772120505;3.2;3.2;3.2;3.2;3.2;2.80100979579966;1.34278353057176;1.2;0.7271340497613;0.38987166255668;0.224522181658895;0.2;0.2;0.265859966439927;0.962218441597963;1.2;1.2;1.2;12.7339352490479
18.2722965517594;38.5872245129058;1.2;1.2;1.2;25.7825342353061;108.4;108.4;64.8061849364022;10.0045539492951;1.2;112.094122589382;215.832952422039;239.437551235113;197.461756391439;247.8;247.8;225.381434028741;1.4;1.4;1.4;1.4;1.4;1.4;1.74034905405035;2.5226646439705;2.90430231387725;3.16673196354636;2.40117791160099;1.42325217974777;1.62893043408915;3.2;3.2;3.2;3.2;9.49611171370367;6.76721900063915;1.2;1.2;1.2;1.15666206543877;0.758605062026777;0.362968738944309;0.2;0.551839891394043;1.17947171466661;1.2;1.2;1.2;17.6268338477032
37.7127609967954;52.7842709132024;20.8405941167687;1.2;1.2;11.0095117056202;108.4;108.4;36.9114016644862;1.2;1.2;1.35147257893835;21.4661723469454;134.437512437804;225.566308682273;247.8;247.8;247.795617694413;8.30014267508584;1.4;1.4;1.4;1.4;1.4;1.61905455142648;2.52313695261218;3.6954382837554;3.42981509893156;1.89814652176054;3.03317449201804;1.64847923620418;3.2;3.2;3.2;45.5133165173565;69.28;59.4188990981583;1.2;1.2;1.2;1.2;1.2;1.11286227471448;0.713359902518843;1.17115298431958;1.2;1.2;1.2;1.2;36.61575754579
29.163494599785;52.056502303882;21.7058596640066;1.2;1.2;28.0536457607325;164.421198243505;150.10100253955;59.9022190157188;1.76569007087266;1.63180835847105;2.71626566017501;3.4934934913726;3.72;113.223389106739;238.908256163857;247.8;170.326673909143;1.37309805630274;1.4;1.4;1.4;1.4;1.4;1.4;1.48157140944629;3.21737354774864;3.29962456638726;0.60048335650286;2.79948328832449;0.830582108700828;3.2;3.2;19.2629074937639;71.2446087145428;52.7958053205855;19.8166312060474;1.85359792759801;1.2;1.2;1.2;1.2;1.2;1.2;1.2;1.2;1.2;1.2;1.2;1.2
1.2531796930668;21.0779550799844;34.8134848385281;13.6033060677547;11.8775898745943;187.529480054377;201.29223771436;144.268992018154;129.099873744728;3.2;3.26335027999209;3.72;3.72;3.72;3.72;67.7180867516093;213.132148694731;54.5120409107797;1.27330325064628;44.5929807627106;124.008610286319;35.0999386067869;1.4;1.4;1.4;1.63256215660681;3.6225983562148;2.058013470533;1.66101064681773;3.13489746413889;1.97184442204112;3.2;3.04271605231282;29.1016029509078;69.28;20.3015528097596;1.2;1.2;1.2;1.2;1.2;1.2;1.2;1.2;1.2;1.2;1.2;1.2;1.2;1.21695933814196
1.2;2.94826821311011;7.21195590936114;14.4337391890771;228.668664796535;138.530635756318;18.7196880088174;3.2;3.2;3.2;3.37130688540121;3.71826515093399;3.72;3.72;3.72;3.72;24.7089602813247;1.88044242882767;0.12;25.446986859148;247.8;208.596036010804;12.367441651349;39.3375469626402;1.4;2.99350078219733;3.33527394869213;1.3471761001282;3.52579500749178;3.29826980799443;3.2;3.2;2.46772886819351;13.3936714829702;34.6267766725655;1.2;1.2;1.2;1.2;1.2;1.2;1.2;1.70855865217317;1.2;1.2;1.2;1.2;1.23259056322763;1.31173553240178;1.2951308214106
1.2;4.95294906956865;48.7514664577486;239.38327979359;138.779107514361;3.2;3.2;3.2;3.2;3.2;3.20717143361676;3.42923465065057;3.72;3.72;3.72;3.72;3.72;2.87370858526327;1.31599942492381;0.282527767047729;181.064202849008;247.8;196.896689079602;154.825248584856;44.6724606681683;1.4;1.3279108173972;1.63573795675979;3.64779806124715;3.32296397563007;3.2;2.90210009700362;1.30204985897223;52.292317128948;15.2534994705278;1.25139345559289;1.2;1.2;1.2;3.42352433926637;43.3588808065668;29.3081850436235;9.90521025904248;1.2;1.2;1.20192538892808;1.26255989736121;1.31520268924453;1.32;1.32
41.7458245764498;90.6806924593946;231.800821580675;275.48;225.583655080935;25.8390051508072;3.2;3.2;3.2;3.2;3.2;3.22631387002864;3.52699874830627;3.72;3.72;3.72;3.72;3.72;9.67011550193815;151.05873257008;242.238278716762;244.055535677337;230.182271608562;247.8;242.898200579268;71.3412213047698;0.700430974481812;2.31925555288489;3.20423078394108;15.8538488210539;1.93044308342239;45.004579383971;87.9308669580165;135.741277275976;122.016838394291;25.8811885801697;1.2;1.2;1.36887076040916;34.5717545777278;59.5935158170867;6.25660503220875;1.2;1.2;1.20253693496214;1.2949895684734;1.32;1.32;1.32;1.32
99.4047308389347;239.822102956377;275.48;275.48;275.48;102.119114634756;20.7432859781694;3.2;3.2;3.2;3.2;3.2;3.20307042847401;3.63803752724672;3.72;3.72;41.7107123179954;101.207558349899;157.741781019101;247.8;101.615172876114;9.53215519259451;62.4894612418231;233.970941801991;247.8;199.818794377053;16.2956221994589;3.21210669772218;37.0176611130325;104.381241330568;28.4227470704476;139.654041447231;145.16;145.16;145.16;131.589418630362;31.0650839260282;8.71409483227529;50.8081741874796;39.6644049908399;57.1178807305081;10.1847491060383;1.2;1.2;1.26469608690158;1.32;1.32;1.32;1.32;1.32
193.564347571764;275.48;275.48;275.48;275.48;275.48;205.378394132581;2.77774007473509;3.2;3.2;3.2;3.2;3.2;3.23243967408041;3.66387555732074;25.5234303746606;205.083451583846;247.8;247.8;246.797858014948;76.0337460990856;3.72;3.72;72.8448006578911;247.8;122.015315136984;0.786178505404752;3.23343899607923;83.1523600713861;101.751843394828;116.343148775238;145.16;145.16;145.16;145.16;144.00915384527;23.1638736341948;1.2;2.23758138106362;1.2;11.3063514532997;3.40456126278346;1.2;1.23364674060462;1.31584023872679;1.32;1.32;1.32;1.32;1.32
270.902258366831;272.220175833539;275.48;275.48;275.48;243.393797750421;127.511652757441;1.14793977755281;3.2;3.2;3.2;3.2;3.2;3.2;3.46424979802372;175.912502017004;237.060824067306;247.8;247.8;247.8;90.6518284977108;117.009743468585;8.84501140631307;74.148036188037;244.078281034772;45.9220386049119;0;0.342246927096744;63.0659505751849;145.16;145.16;145.16;145.16;145.16;145.16;82.2181666981648;3.70037242749315;1.2;1.2;1.2;1.2;1.2;1.20897704544233;1.30541984683119;1.32;1.32;1.32;1.32;1.32;1.32
174.722955764401;35.3392544949969;156.654440497282;93.3510869211337;248.776800245536;45.3136799441629;0.2;46.0481641540181;31.2638876050371;28.9316761025498;3.2;3.2;3.2;3.21012522268153;3.6039615587868;35.3618008532662;225.561465319082;247.8;247.8;247.8;247.8;247.8;101.325333443866;242.181176029484;205.884850781257;2.34322008164618;0;0;8.43215210153786;128.418275250069;111.201246138075;108.431982700145;76.8192929023152;137.202473616589;115.316834730892;2.42359389306218;1.2;1.2;1.2;1.2;1.2;1.2;1.25471463067469;1.30164500715877;1.31985953024734;1.32;1.32;1.32;1.32;1.32
22.014476090972;3.2;3.2;3.2;37.8220209425608;32.4056043510449;51.2026180239901;253.101879779702;275.48;202.368337964718;93.8084390384995;81.9902165635337;34.4135378745454;44.6417413583527;117.083852263869;204.075060811524;247.8;247.8;247.8;247.8;247.8;218.95201173841;220.931615142921;247.8;129.388532159111;0;0;68.639647514137;112.826141865195;5.20161345437347;3.5710385525948;12.0816706230584;3.2;65.5109322573365;51.3975468226391;1.2;1.2;1.2;1.2;1.2;1.2;1.2;1.2;1.2;1.26270430844799;1.32;1.32;1.32;1.32;1.32
3.2;3.2;3.2;2.72046402460617;1.75485915808032;1.2780611659839;65.6194250173633;275.48;275.48;275.48;256.510332791829;43.8336361946466;219.624360031975;242.725230570965;275.48;275.48;262.202793745531;248.714237667521;247.8;215.206538038876;246.905691000964;247.8;247.8;225.800224215276;13.0871499047693;0.0287422626947061;0.458868457584583;39.1464144344508;23.9588448209675;3.2;3.2;3.2;3.2;3.2;2.38124457953547;2.14497577581787;2.42214696775327;1.4209481870608;1.2;1.2;1.2;1.2;1.2;1.2;1.23268391038394;1.32;1.32;1.32;1.32;1.32
3.2;3.2;3.2;2.40029499781602;1.49630393871805;4.42212483361802;157.82573414185;273.214223558947;275.48;275.48;205.592553857309;36.3198090984345;275.48;275.48;275.48;275.48;275.48;240.099052163478;129.64819937681;14.9608751721903;160.512228653795;247.8;247.8;158.144886908505;0.582089188867199;1.16075159323313;2.19756681672062;0;2.00956275166199;3.2;3.2;3.2;3.2;3.2;3.2;3.2;2.63351450831982;1.50004877393776;1.2;1.2;1.2;1.2;1.2;1.2;1.21632784178462;1.32;1.32;1.32;1.32;1.32
209.27118555645;134.947971198397;175.641119916665;215.590786799984;255.529495744834;61.7584153134705;225.261352815163;275.48;275.48;275.48;190.487202868501;127.437147835412;275.48;275.48;275.48;275.48;275.48;164.357908135591;3.56309181393868;52.7149843203645;233.349921800241;247.8;247.8;78.2438432070748;1.99460920657852;2.38888673215402;0.964798859742307;0.86053819337179;3.03124368822585;3.2;3.2;3.2;3.2;3.2;3.2;3.01773262428898;1.39959640645547;1.2;1.2;1.2;43.7049422509327;5.65483455443222;1.30099613455329;6.35096130142363;29.2683699478676;27.5280982723282;1.25625455084684;1.29870381878415;1.32;1.32
275.48;275.48;275.48;275.48;275.48;112.693167822835;203.991629953371;275.48;275.48;275.48;275.48;275.48;214.824885116968;159.034715617679;275.48;275.48;275.48;266.592238601851;3.36014650924663;144.574010742982;247.8;247.8;217.251519079626;23.611427176352;3.59237494053262;3.18605541850869;0.260029254189978;2.63467448365688;3.2;3.2;3.2;3.2;3.2;3.2;3.18657255688224;1.72197767356627;1.2;1.2;1.2;1.2;36.8100695489154;96.0891170818112;106.943975125835;96.8520858217204;107.608997683344;34.532844811184;1.2;1.2;1.22129135870015;1.29241521452892
275.48;275.48;275.48;275.48;275.48;275.48;275.48;275.48;275.48;275.48;275.48;275.48;210.185938756119;76.8678174501676;275.48;227.07373354607;245.99006542427;275.48;189.78316102299;193.695268384661;247.8;247.8;115.699322684223;2.98622898077815;3.72;1.44569572047747;0.113394281225286;1.76804102826906;3.2;3.2;3.2;3.2;3.19026846941004;3.2;2.95569567129469;1.25444863961462;1.2;1.2;1.2;1.2;28.3500654820393;99.2969086050274;111.32;111.32;111.32;62.3687930566309;1.2;1.2;1.2;1.2
