3.2;3.41403229082644;3.64370421570473;3.68;3.68;3.68;3.68;3.68;3.68;3.68;3.68;3.68;3.68;3.68;3.68;3.68;15.0561427589291;186.615079495094;211.254068029823;3.68;231.06995975338;222.041707155365;153.969126791155;232.211697134832;282.552481022447;317.461031805675;214.72;214.72;214.72;214.72;170.808062904408;41.8848122272937;24.2869388414218;56.8849836130244;1.2;1.2;1.2;67.4241702241499;115.2;114.204483415112;62.6384410328187;2.72690138814508;1.2;1.2;1.20361471304374;1.24599440435385;1.33704363115627;1.26323430471409;1.22576894867001;1.20270849049546
3.2;3.2;3.26749248054292;3.45262158532776;3.66706621554376;3.68;3.68;3.68;3.68;3.68;3.68;3.68;3.68;3.68;3.68;3.68;16.7909219497745;123.213423475552;185.923109940757;4.7751018058006;195.03958935424;176.716437833363;25.1916468558027;198.811377923137;208.348955712914;234.538444880143;214.72;214.72;214.72;198.059313768952;125.32356618189;1.38488569571606;1.23456972654745;16.1493246985159;1.2;1.2;31.8509474824097;81.7021057640395;115.2;115.2;115.2;30.5757046708348;1.2;1.2;1.2;1.2;1.2;1.2;1.2;1.2
3.2;3.2;3.2;3.2;3.4298103863752;3.68;3.68;3.68;3.68;3.68;3.68;3.68;3.06633963611172;2.63538421964815;3.61600457239976;3.68;3.68;3.68;3.68;3.68;17.7319831105793;34.489194126628;7.41519513587732;38.3263370949381;165.955120191921;214.72;214.72;214.72;214.72;182.346718208173;18.2269176277988;1.39999030438149;1.31147617172753;1.2;1.2;1.2;93.1137326513068;115.2;115.2;115.2;115.2;70.8466201186428;14.2947799694822;16.5810898742359;1.2;1.2;1.2;1.2;1.2;1.2
3.2;3.2;3.2;3.2;3.56900763859674;3.68;3.68;3.68;3.68;3.68;3.68;3.68;3.03268594877998;1.4;2.54654782995535;3.68;3.38912212599088;2.23820758556768;3.68;3.68;3.68;3.68;3.68;3.68;130.235908284967;214.72;214.72;214.72;214.72;163.268782781016;43.1824945239286;1.77957482049116;1.2;1.2;1.2;6.76171496256429;98.9580543124932;115.2;115.2;115.2;115.2;115.2;99.8440928087486;47.3530088688377;1.2;1.2;1.2;1.2;1.2;1.2
3.2;3.2;3.2;3.2;3.53522095356006;3.68;3.68;3.68;3.68;3.68;3.68;3.68;3.00702996750805;1.4;2.39043054277109;3.25668690627146;1.72519924025485;1.41371125638057;3.18360978637888;3.68;3.68;3.68;3.68;3.68;34.5067199092266;153.25944342306;129.890652995645;214.72;214.72;15.6841494227203;2.57384299728761;3.1199141570848;1.88132062548146;1.2;1.2;1.75661685431792;51.3983930103887;115.2;115.2;115.2;115.2;115.2;110.427996935324;15.8635121766713;1.2;1.2;1.2;1.2;1.2;1.2
3.2;3.2;3.2;3.2;3.49285407930836;3.68;3.4556585935533;3.16866844606678;2.89496105711357;1.95066280214004;3.03677515724138;3.68;2.22465862813678;1.4;1.4;1.80027040553224;1.4;1.4;2.51690628563394;3.68;3.68;3.68;3.68;3.68;3.68;3.68;3.68;214.083233827425;207.315484724167;27.2701701691252;3.12608743093349;1.81057463964638;3.28310993327684;1.2;1.2;1.2;32.2015699710031;53.367137845611;81.6905165654988;115.2;115.2;115.2;98.1720582693396;1.2;1.2;1.2;1.2;1.2;1.2;1.2
3.2;9.67929983067645;26.2026686662442;74.9832656427384;2.52501694426918;2.42081069487506;1.83716834927516;2.68986292914595;3.02798673497266;1.4;1.55327790305182;3.34079271647521;1.67279295063955;1.4;1.4;1.4;1.4;1.4;1.94156904031115;3.47862594442068;3.68;3.68;3.68;3.68;3.68;3.68;3.68;199.604495875037;121.738263107779;3.68;2.83378380584971;1.83535001260044;1.4;1.21042277628416;1.2;1.2;4.73051123435616;51.0003834913689;108.711335128244;115.2;115.2;112.438695315908;110.710144240873;21.5790299475194;1.2;1.2;1.2;1.2;1.2;1.2
46.0519073481132;95.002215051157;93.6233590291533;108.619290211242;5.03008672212301;1.399213477335;1.53552728864084;3.26727867391472;3.63233580236061;1.87772901074946;2.16631262024619;2.85696825253286;1.29010652792609;1.4;1.4;1.4;1.4;1.4;1.4;1.55165542651746;3.68;3.68;3.68;3.68;3.68;3.68;23.4344162347271;197.417784606547;47.0082448260643;3.68;1.74025708167576;1.4;1.4;1.27997987417666;1.2;1.2;1.2;7.5837872465832;82.6549007343664;77.9743034307245;115.2;56.7521586418604;65.0310057094539;1.2;1.2;1.2;1.2;1.2;1.2;1.2
120.098752787837;122.12;122.12;90.6324343448917;1.2;1.25608689920953;1.61102073004614;1.72928953868112;2.71373949624125;1.28014876677699;1.12639418775885;0.939305531080529;1.33175184694671;1.4;1.4;1.4;1.4;1.4;1.4;1.40083292338764;3.68;3.68;37.8664555650633;3.67776095991856;3.68;3.68;7.90189594436101;8.92867803391748;3.48935941463453;3.51729275462058;2.4116951739112;1.4;1.4;1.37481196100696;1.22786388079474;1.2;1.2;1.2;8.54493126123805;49.0850179680625;113.868360918595;43.4649742988214;1.2;1.2;1.2;1.2;1.2;1.36139201760094;1.48521102125687;1.34422858764372
122.12;122.12;122.12;85.592258188142;1.2;1.2;1.26074913131175;1.35188595490227;1.39446736988313;1.17775107401032;0.286548660565156;0.82;1.4;1.4;1.4;1.4;1.4;1.83526531699142;2.46050074096275;2.7250479188974;3.67847152885482;70.5020265541105;160.61223242636;5.75032197309693;3.59399677384431;3.68;3.68;2.43726465195451;1.39007778306166;1.74424943494806;1.55690322929272;1.4;1.4;1.4;1.37862969699439;1.23165990519173;1.2;1.2;1.2;24.7307012397656;87.7253050622642;1.2;1.2;1.2;1.2;1.2;1.20012388999197;1.50748202772272;1.56;1.56
122.12;122.12;122.12;60.3927291032703;1.2;1.2;1.2;1.25891919241456;1.39532303392671;1.39803428473122;1.0827442816955;0.831065591022836;1.4;1.4;1.4;1.4;1.4;2.45649361574068;3.68;6.145238467822;3.68;94.280556445042;214.72;23.0640565534157;1.87775731293618;2.3741505459684;2.52358541929405;0.338724312550202;0.838686875858113;1.4;1.4;1.4;1.4;1.4;1.4;1.38333582094909;1.2;1.2;1.2;1.2;30.5198044987779;1.2;1.2;1.2;1.2;1.2;1.2;1.531045324089;1.56;1.56
122.12;122.12;122.12;110.4447013481;72.8613828852255;16.6130314144777;1.21402111006175;1.37657453981929;1.4;1.4;1.1848519128134;1.13374934852403;1.4;1.4;1.4;1.4;1.4;114.536906158606;204.211683583546;81.6267389341215;3.68;45.5546745492947;135.171692230057;2.2081206914337;1.4;1.19968760379077;0.274660983296011;0.24;0.36861415705751;1.26534153201734;1.4;1.4;1.4;1.4;1.4;1.4;1.2;1.2;1.2;1.2;1.2;1.2;1.2;1.2;1.2;1.2;1.2;1.37227836837242;1.56;1.56
122.12;118.424719564565;122.12;122.12;116.565676853365;61.5882354118905;65.5037449564769;1.4;1.4;1.4;1.28695728220306;0.559536401109512;1.31322615035815;1.4;1.4;1.4;6.3213001482016;111.988287000731;83.4838896825543;48.5213725240929;68.075974692489;187.454976361965;96.7148118714324;1.4;1.4;1.34948609898981;0.767805953838112;0.295591414192931;0.24;0.789278225957003;1.4;1.4;1.4;1.4;1.4;1.34118984210045;1.20082245739206;1.2;1.2;1.2;1.2;1.2;1.2;1.2;1.2;1.2;1.2;1.3411425314914;1.56;1.56
92.4468184342838;40.2081786131129;72.0395566623081;51.2040474630926;117.380333675647;101.486019018051;103.382947734202;7.45155788225079;1.37510716609775;1.4;1.38424830910037;0.729119031110626;1.02095160708677;1.4;1.4;1.4;4.32453782664412;113.318049821475;5.4120793481978;10.1689246770309;197.553853660276;181.689146273913;20.5945646943442;1.4;1.4;1.4;1.4;1.3354780264478;0.832730535906654;0.506405657214591;1.29749684048842;1.4;1.4;1.4;1.4;1.27995852523547;1.2;1.2;1.2;1.2;1.2;1.2;1.2;1.2;1.2;1.2;1.2;1.3292442792201;1.56;1.56
33.4534262862319;3.25311435848863;6.95782606797512;85.7394130883694;98.2577158923358;95.36;93.1544003682333;14.5739048000457;1.21729288304685;1.29863784623744;1.4;1.4;1.4;1.4;1.4;1.4;1.4;79.8701608906173;59.5291197675238;1.4;105.913945601702;92.2497996327142;1.4;1.4;1.4;1.4;1.4;1.4;1.4;1.4;1.4;1.4;1.4;1.4;1.39880739434624;1.21745907630144;1.2;1.2;1.2;1.2;1.2;1.2;1.2;1.2;1.2;1.2;1.2;1.42805575368335;1.56;1.56
3.10606776393161;2.88905865177067;3.2;95.36;95.36;95.36;57.9188353382681;1.2;1.2;1.26825183733752;1.36901382924685;1.31164493953669;1.4;1.4;1.4;1.4;1.4;3.11356050504455;10.6263551025847;1.4;91.4994662514993;86.2980301568286;1.4;1.4;1.4;1.4;1.4;1.4;1.4;1.4;1.4;1.4;1.4;1.4;1.32834347571941;1.2;1.2;1.2;1.2;61.6362076177101;102.304333841117;49.9408078382761;8.25269031201471;11.3416584069316;1.2;1.2;1.2;1.49566628939975;1.56;1.56
2.32180840741548;2.13581261451699;50.0643314513355;95.1192010166096;95.36;95.36;48.2010016950925;1.2;1.2;1.2;1.20064247644232;0.59420687542889;0.619238655669165;1.4;1.4;1.4;1.4;1.4;1.4;1.4;1.44532320767315;1.41572406081194;1.4;1.43336771593074;1.40828293901942;1.4;1.4;1.4;1.4;1.4;1.4;1.9643560747417;2.41790472566448;2.51220865875741;1.33872315711004;1.2;1.2;1.2;1.2;36.2313660013106;121.04;120.885965609395;121.04;106.781853821119;91.1760237922939;1.2;1.2;1.4319122110573;1.56;1.56
1.2;13.0317898802055;95.36;95.36;78.2663707714429;55.0461210979462;23.7904730932752;1.2;1.2;1.2;1.2;0.529024888583407;0.387222912505832;1.4;1.4;1.4;1.4;1.4;1.4;1.4;1.45755709860586;1.540104961708;1.53352213794813;1.5529529000905;1.55582706654177;1.48433419228776;1.4;1.4;1.4;1.4;1.4;2.87681642825608;3.68;3.68;2.26699588891979;1.7355085370806;1.21573117015042;1.2;1.2;4.83665062581405;49.0502330425679;121.04;121.04;121.04;121.04;101.365333375865;18.1176133685272;1.2;1.44643348011581;1.56
1.2;28.0897802873742;95.36;95.36;37.5883878755237;3.2;3.2;1.25295166902943;1.2;1.2;1.2;0.712906645254808;0.769849908315199;1.39842595192064;1.4;1.39159452544339;1.2781658396487;1.38363152091333;1.4;1.4;1.41738612277205;1.54323029964272;1.56;1.56;1.56;1.5431502084153;1.41178454239935;1.4;1.4;1.4;1.4;2.35756312382132;3.68;3.68;3.5864067158395;3.3448705034303;1.37555079701124;1.5596839547012;3.16875236706448;1.2;22.6435063937984;121.04;121.04;121.04;109.807515036134;63.9195834465997;1.2;1.2893909876629;1.49989034471246;1.56
68.2822165336018;92.8829710411982;95.36;76.5210789001752;5.26821212166838;3.2;2.91352990471429;1.30159271525949;1.2;1.2;1.2;0.648363242567885;0.985351388126736;1.23407694673191;1.21484343793872;1.2;1.2;1.24501726556162;1.38220961220937;1.4;1.4;1.47717533540038;1.56;1.56;1.56;1.56;1.51975768287091;1.41237641851359;1.40016484259032;1.41360525762811;1.43130007970966;1.47845473909668;1.92823494591311;2.5524544035207;2.31787714062608;2.05631947825524;1.52435100921932;91.1963911547428;85.5804668043553;84.3579203964923;45.7276671774962;121.04;121.04;121.04;92.7412772368712;53.3122923706656;1.2;1.35740892609565;1.55175932872192;1.56
95.36;95.36;95.36;69.1955285826086;3.2;3.2;3.18212534116048;1.55924755191609;1.2;1.2;1.2;0.763414843303617;1.2;1.2;1.2;1.2;1.2;1.2;1.21760983574426;1.29230371196911;1.39407152425795;1.42137526987643;1.5482390158372;1.56;1.56;1.56;1.56;1.54480242095863;1.55510834385045;1.56;1.56;1.56;1.56;1.56;1.56;1.56;1.59095749077717;2.15382211310279;30.7785756616739;39.1197936974834;26.9012116276995;61.6343207038312;46.4425765585519;101.06635662361;14.4328934771792;15.3412288040143;1.51361854906279;1.2;1.48210416152696;1.56
80.8952174235327;77.5466637652861;95.36;24.3271885170433;3.2;3.2;2.5081129395795;1.2;1.2;1.2;1.2;0.767239992389923;1.2;1.2;1.2;1.2;1.2;1.2;1.2;1.2;1.42853535938394;1.48524343294955;1.56;1.56;1.56;1.56;1.56;1.56;1.56;1.56;1.56;1.56;1.56;1.56;1.56;1.83521301497209;1.57889086683327;1.64;1.64;1.60464145561717;1.35994621779409;1.20292989849947;1.2;1.2;1.2;1.2;1.2;1.2;1.42653907042916;1.56
11.8074673147395;14.3374065556666;45.4038716492244;68.0971831366173;3.2;2.53079784093198;1.22379809198203;1.2;1.2;1.2;1.2;1.2;1.2;1.2;37.6701854023421;56.6303872745916;10.7570933220143;1.2;1.2;1.28835683999267;1.55799078935787;1.56;1.56;1.56;1.56;1.56;1.56;1.56;1.56;1.56;1.56;1.56;1.56;1.56;1.56;3.36971853689782;2.76530172745281;1.64;1.64562353208135;1.77167275731704;1.64;1.58880824825493;1.38263708127299;1.2263303192646;1.72339570138192;1.61733518815322;1.2446618792962;1.2;1.27039413117059;1.56
1.2;1.2;14.3401470143514;41.3117829119165;1.65854460472008;1.38145385409304;1.2;1.2;1.2;1.2;1.2;1.2;1.2;5.28230946867484;97.2606598011262;116.88;109.560572470524;46.9607777478631;1.2;1.20203061297356;1.38820282874101;1.56;1.56;1.56;1.56;1.56;1.56;1.56;1.56;1.56;1.56;1.56;1.56;1.56;1.56;2.5744389637953;3.84111109094557;3.73176040926687;3.0324822983867;3.43879251434046;2.07819617952446;1.64;1.64;1.56639291564881;3.52429579404928;3.51164935451646;1.50851156139249;1.2;1.21543722858184;1.33987654616172
1.50923872148741;1.22351133725258;38.699293855004;20.6829681013879;1.2;1.2;1.2;1.23502734714047;1.2;1.2;1.2;1.2;1.2;22.9025897345505;116.88;116.88;116.287821606762;34.1356059648813;1.2;1.2;1.28331969567695;1.55169211658233;1.56;1.56;1.56;1.56;1.56;1.56;1.56;1.56;1.56;1.56;1.56;1.56;1.56;1.56;3.36049657567352;3.88;3.88;3.88;3.52776359248459;1.64;1.64;1.64;3.156680570826;3.30682361814921;1.6740566196944;1.2;1.28470192554975;2.28840987527592
1.8;1.52247327610745;41.2381227105299;1.2;1.2;1.2;1.2;1.6104043564966;1.58507334726377;1.33040436459813;1.2;1.2;23.2135672208698;100.744385130591;116.88;116.88;116.88;1.2;1.2;1.2;1.2;1.46776496321931;1.56;1.56;1.56;1.56;1.56;1.56;1.56;1.56;1.56;1.56;1.56;1.56;1.56;1.56;2.22532746102007;3.83842331333953;3.88;3.88;3.75158096289682;1.9042585889904;1.64;4.26183633339789;1.81696691148098;2.58563662395836;3.18592657415517;2.52730115406274;2.7782310733353;3.2
1.8;1.7858654600154;1.2504809312116;1.24927629211001;1.34142163010454;1.55132016992339;1.53732976297959;1.8;1.8;1.7774619904035;1.3179973875888;1.2;25.0782526879281;116.88;116.88;116.88;94.9211387152843;10.435967769356;1.2;1.2;1.21050755412899;1.51436135744897;1.56;1.56;1.56;1.49712356432745;0.493039916278076;0.527281676528467;46.5866714570025;3.99457397361802;1.56;16.4865787749719;1.56;1.56;1.56;1.56;1.61723134288816;3.2734194683773;3.88;3.88;3.88;28.9040132600982;60.23837142555;101.22761162256;33.5189773507338;10.5241808081255;3.16998391359382;3.17290399446152;44.5033884245879;66.4404479245137
1.8;1.8;1.67425909708562;1.68228174360666;1.8;1.8;1.8;1.8;1.8;1.8;1.38475490808045;1.2;45.7879941019997;116.88;116.88;116.88;113.934970451597;60.0381395271336;1.2;1.2;1.2912213282498;1.56;1.56;1.56;1.56;0.981914774855387;0;0;102.41989250354;130.704126738063;71.8654685078422;95.4789708931138;80.1628984524609;27.0183070516668;1.56;1.56;1.58400923257397;2.16243751850202;3.82495342077454;3.88;3.67239391693611;75.6570764835021;87.7333349071168;131.297118903139;87.4176168206282;23.2325305598829;2.2183549247286;1.23750249357889;55.7574783229719;35.5221759441675
1.8;1.8;1.8;1.8;1.8;1.8;1.8;1.8;1.8;1.79249485286459;1.23084451294499;1.2;23.3126325637226;116.88;64.5648857633633;62.5865601299615;41.0274081123216;17.7717960219025;1.2;1.2;1.3424152142697;1.70708997153204;2.19353655187503;1.9756097276007;1.11894728008509;0;0;0;27.8411446402912;95.3246414205089;134.188717429154;134.24;134.24;88.4516733678809;1.56;1.56;1.57012512450367;2.59724169432937;3.8729153602955;3.51137909435408;2.08759134628947;1.64;2.48183647426155;45.7235823555759;84.7122573194394;15.3268988257949;1.64;1.41537432936376;1.2;1.99882052361898
1.8;1.8;1.8;1.8;1.8;1.8;1.8;1.8;1.8;1.8;1.54948038709636;1.2;1.2;76.0720502505206;25.0973452433765;3.12468091886621;1.2;1.2;1.2;1.2;1.3092380513016;2.68518356732669;3.61438319330418;1.0400475277042;0.0269497551640823;0;0;0;0;0;124.797428885563;134.24;134.24;15.1065415328555;2.35601670516824;2.037704719457;1.56275288126633;1.78941451131242;2.58893851303977;1.65148974000551;1.64;2.65300420826515;3.14637214878654;3.01652366991333;21.8153717821701;1.67409646185074;2.21222677511276;1.24501253452539;1.20189752441474;1.2
1.8;1.8;1.8;1.8;1.8;1.8;1.8;1.8;1.8;1.8;1.67343334471525;1.2;1.2;56.0993364578672;1.2;1.2;1.2;1.2;1.2;1.2;1.41132432789005;3.03007547061087;3.87905548520356;2.30169247391948;0;0;0;0;0;0;113.078180062962;134.24;134.24;21.2823356645124;3.92;3.25536136147375;1.56;1.57111512156281;1.64;2.28252019178182;2.21622904223426;3.75186439969682;3.43326213391204;2.23814204944701;1.96013576650176;3.20354214695611;3.61661126962553;2.91416741437258;1.25564893629259;1.2
1.8;1.8;1.8;1.8;1.8;1.8;1.8;1.8;1.81668625113151;1.99256290441893;1.37533615854563;1.2;1.2;15.9501637193206;1.2;1.2;1.2;1.2;1.2;1.2;2.30880567320459;3.25564738336993;2.3474549910628;0.287913846053597;0;0;0;0;0;9.79121568717425;116.475250246836;123.372567066569;119.019307268551;55.8917500044203;3.9197921538445;3.22072350857635;1.56;1.45709330315057;1.78702239023323;3.62212692232262;3.88;3.88;2.45858705562789;1.62858251886894;2.79615393012587;3.74102280532309;3.56;2.59805179855488;1.24213465119136;1.2
1.8;1.8;1.8;1.8;1.8;2.2288880603445;2.37539217104185;1.81276730779099;1.81509107165281;2.73890789868901;1.56232171742783;1.4741222043985;1.2;1.2;1.2;1.2;1.2;1.2;1.2;1.2;2.60432473659941;3.2815735792817;1.06467687306822;0;0;0;0;0;0;11.3856489218708;117.789386518475;33.750860647138;14.4681592759033;44.4389973379051;48.5580237252449;1.56;1.53518394754524;1.44251594447675;2.10767233092006;3.71114549523497;3.88;3.88;3.59705281190024;3.53661623822716;3.61516873707291;3.56;3.56;3.51455645015322;2.88015101492054;1.71735213277716
1.8;1.8;1.8;1.8;1.8;2.43639031960964;3.44351655129976;3.25828869141718;2.67669807522637;2.05815597876603;1.8;1.8;1.23602544133733;1.2;1.2;1.2;1.2;1.2;1.2;1.70276523784533;3.22385294486592;2.85366092235488;0.138718689952814;0;0;0;0;0;0.171119990185349;1.48865019694431;45.3177975668655;57.0056997747507;1.56;3.66890382677269;3.1599775703162;1.56;1.50049775884443;1.44;1.53605392646344;3.57085971488679;3.51865561854144;49.5427681983726;38.882473077605;3.56;3.56;3.56;3.28061953076059;3.13296573241912;3.56;3.14189948426773
1.8;1.9727850793979;3.10795877470708;1.98941728635304;1.8;1.8;2.98810079927802;2.65144256698787;1.97207866377847;1.8;1.8;1.8;1.77049522958667;1.2;1.2;1.2;1.2;1.2;1.2;1.26314260554369;2.13856305214941;2.57473219424548;1.28133107946781;0.751344154468539;0.56401358620209;0.0100571649629654;0;0.198564925613999;1.10114180184299;1.56;1.56;1.56;1.56;1.56;1.56;1.56;1.45746053263968;1.44;1.44;1.94739946017265;1.65764471625544;13.3028468961599;118.959650431142;59.3617403435537;7.94972505641229;3.56;2.89488599138572;1.4961273103502;2.57462763141096;3.25114039364253
1.8;1.85492232126822;2.58930550116905;2.93076892944682;2.8318073772918;2.98615674425646;2.05769434673936;1.8;1.8;1.8;1.8;1.8;1.55088821802498;1.2;1.2;1.2;1.2;1.2;1.2;1.20369889472789;1.26957874220539;1.32;1.32;1.32;1.33486064020266;1.34484139948268;0.975566347850209;1.37907601556717;1.63791519369471;1.62080707528885;1.58418461155105;1.57177059747726;1.5735055847289;1.56;1.56017312306065;1.53517038323956;1.4418084292175;1.44;1.44;1.44;1.44;1.44;70.3098999059006;120.68;80.1947878098461;4.53856804006691;2.64004616780107;1.44;1.44;2.70472070133137
1.8;1.8;1.74053823489332;1.49769173291417;2.07844820288567;2.15957322074209;1.8;1.8;1.8;1.8;1.8;1.8;1.70803813617315;1.31383724280022;1.2;1.2;1.2;1.2;1.2;1.26522247095221;1.32;1.32;1.32;1.32;1.32;1.32;1.44412155973765;1.64;1.64;1.64;1.64;1.64;1.63529309886621;1.6290564235731;1.63344138205175;1.56870762874638;1.46017131785021;1.44;1.44;1.44;1.44;1.80464186125179;77.7643908633826;120.68;120.68;17.1763232726596;2.72624024475559;1.44;1.97382477828702;2.89435639078621
2.09912427227832;2.32739856964149;1.59400426803575;1.20448000042602;1.38557755608961;1.79650613339953;1.8;1.8;1.76995173711679;1.68969770394615;1.3761887432468;1.55305585571998;1.69169179063193;1.67307308225523;1.28952560628857;1.26207429340279;1.25563436146807;1.20970598613764;1.72432098765886;2.38113161985357;1.67002615272421;1.34111165744213;1.32;1.32;1.32;1.32;1.35889355486522;1.6000866523537;1.64;1.64;1.64;1.64;1.64;1.64;1.64;1.64;1.61899809167068;1.47381390626708;1.44;1.44;1.69975053011679;3.33381536099836;11.6789068490186;39.1498213990174;101.901778430915;11.1603406575458;2.24903829736111;1.44;2.28654396325041;3.56
2.02391389309234;1.5174390658452;1.21717270123826;1.23755362036248;1.6874116296008;1.8;1.8;1.60844220544787;1.34069954988824;1.2;1.2;1.2;1.42730144974683;1.53906957024226;1.32;1.32;1.32;1.32;2.52628380320995;3.16;3.09652321063895;2.96877959899784;2.47051002943302;2.67466363132196;2.67993905840111;1.50234127520203;1.32;1.34231841514136;1.55345046121239;1.64;1.64;1.64;1.64;1.64;1.64;1.64;1.64;1.62316929604094;1.47651753685688;1.44;2.73083528589153;3.56;3.56;3.63635793975995;3.86220240843675;3.67073746334714;2.85178815132203;2.40976291755862;3.52620108639086;3.56010313983818
1.74545590431606;1.2;1.2;1.2;1.39792385893597;1.55860973422234;1.29963311511674;1.21751968245416;1.2;1.2;1.2;1.3905771762131;2.38297136344504;1.71303306781538;1.32;1.32;1.32;1.38033030070224;3.14815334822255;3.16;3.16;3.16;3.16;3.16;3.16;1.86942240520455;1.3854584394461;1.62295069320835;1.76755819730276;1.64;1.64;1.64;1.64;1.64;1.64;1.64;1.64;1.64;2.05166091161362;1.89780457842856;1.73163798359411;3.29434679663875;3.56;3.56;3.78241792892977;3.85663097985911;3.67689201453439;3.77120092225221;3.75327150053345;3.79818143439572
1.42121590637564;1.2;1.2;1.2;1.2;1.2;1.2;1.2;1.2;1.2;1.2;1.57777056912547;2.44;1.48606249481051;1.32;1.32;1.32;1.92885031097597;3.16;3.16;3.16;3.16;3.16;3.16;3.16;2.9035881581278;2.6356866244794;3.16;2.57085484320085;1.58390517511348;1.64;1.64;1.64;1.64;1.64;1.64;1.64;1.64;2.19969452041446;3.18734000972047;1.97591757275666;1.6995645245958;3.56;3.56;3.66029769054973;3.83826832341586;3.77025572274808;3.95342100376239;3.96;3.96
1.2;1.2;1.2;1.2;1.2;1.2;1.2;1.2;1.2;1.2;1.2;1.9205398921924;2.43722041802901;1.29270110275653;1.32;1.32;1.32;2.14806657202371;3.16;3.16;3.16;3.16;3.16;3.16;3.16;3.16;3.16;3.02281155524067;1.96462330101341;1.54752979116589;1.64;1.64;1.64;1.64;1.64;1.64;1.64;1.64;1.64;3.20534000892807;3.57948331606187;2.52517529824357;3.60602713355962;3.84955179360187;3.95973533372302;3.86655448785897;3.91980292483908;3.96;3.96;3.96
1.2;1.2;1.2;1.2;1.2;1.2;1.2;1.2;1.2;1.2;1.2;1.61713150708861;2.23955275910176;1.38949789663323;1.32;1.32;1.32;2.33523801335101;17.2661895301417;5.65700202741263;3.16;3.16;3.16;37.2319381851846;10.3893076733931;3.16;3.16;2.00678889079776;1.32;1.47049227827586;1.64;1.64;1.64;1.64;1.64;1.64;1.64;1.64;1.64;2.06003023744215;3.75864489670792;3.74364132982608;3.88653252503513;3.96;3.96;3.96;3.96;3.96;3.96;3.96
1.2;1.2;1.2;1.2;1.2;1.2;1.2;1.2;1.2;1.22892339597647;1.70114326967229;2.33083531918959;1.96229653966121;1.32;1.32;1.32;1.32;8.4684976458828;106.84;52.4446420014974;3.16;44.7009845477388;3.16;88.0038629471396;26.9312144483985;3.16;3.16;1.88306611356838;1.32;1.32557570972256;1.55213766245095;1.64;1.81737309707413;1.64;102.114243032582;65.3690244536988;34.0573361391158;60.3788066868981;18.9437723085525;1.65262000779413;2.50869026936964;3.70719174488845;3.94959128066537;3.96;3.96;3.96;3.96;3.96;3.96;3.96
1.2;1.2;1.2;1.2;1.2;1.2;1.2;1.2;1.21353907314932;1.91884267859654;2.31456224110116;1.5274854582516;1.24972267746118;1.29698222410123;1.32;1.32;1.32;1.41562959542517;70.7099608919372;92.2720133751969;42.7650846674717;65.4738730183168;47.7382345773536;103.271762319496;14.4815061772294;3.16;3.16283420707981;10.7209550042687;6.41393730148256;1.32;1.51851245264858;2.53151130012202;3.33954497732774;16.3711114011017;93.9681551025802;124.460522532187;118.790498057806;121.345861135873;82.9772657629584;1.64;1.63875200513;2.08535937149888;3.760955127445;3.96;3.96;3.96;3.96;3.96;3.96;7.85110028022582
1.2;1.2;1.2;1.2;1.2;1.2;1.2;1.2;1.57243556259868;2.23906593501382;2.12937358935209;1.24206068432625;1.2;1.22807810494241;1.32;1.32;1.32;1.32;1.32;20.0267739032239;63.3638117262268;105.263002670606;106.84;106.84;96.0234991005247;95.2459266233698;83.0041164585379;75.917233004092;49.2332789927078;1.32;1.61211112382539;2.25459174761808;3.76;2.9273340044392;6.80150842551462;5.78255882971184;22.9149937287532;47.9037195503932;55.1947949112533;1.64;1.61780837972905;1.6;2.98982675144724;3.96;3.96;3.96;3.96;6.95436582988367;72.2547144158566;80.6036569908946
1.2;1.2;1.2;1.2;1.2;1.2;1.2;1.2;1.2;1.38415803111525;1.47678022956013;1.2;1.2;1.26407558525023;1.32;1.32;1.32;1.32;1.32;1.37415515161803;2.44235575903312;52.721455588306;106.253855668928;106.84;106.84;106.84;88.8594342639058;3.41046321193863;1.32;1.32;1.58491288269571;2.03887666063759;3.60863121623137;3.76286431230671;3.76;3.76;2.97520829848263;1.64;1.64;1.6310302706134;1.60626999811727;1.6;3.63211154788708;3.96;3.96;3.96;3.96;3.96;132.554464731371;133.510013621388
1.2;1.2;1.2;1.2;1.22688070654116;1.22486417802228;1.87490224100987;1.65959143224606;1.2;1.2;1.2;1.2;1.2;1.22717357476138;1.31450658150138;1.32;1.32;1.32;1.32;1.36045180883698;2.39484025881936;6.85044907824994;29.2566652148254;58.2764292731635;93.4023031489823;16.2849361850912;3.88684828418391;1.32;1.31786498597756;1.3564183459437;1.59645972867647;1.6;1.83986541613707;3.45975696719441;3.35797943697691;3.07263889975866;2.35471868875213;1.62125633627685;1.60777239223276;1.60223213643865;1.6;1.6;2.15648289467992;2.780255535759;3.96;3.96;3.96;3.96;132.058159518469;147.408077314117
1.2;1.2;1.2;1.2;1.63998843570235;1.90899331396723;2.08637386900422;2.40198362465812;1.21257935566725;1.2;1.2;1.2;1.2;1.2;1.26354610507968;1.32;1.32;1.32;1.32;1.32;1.37131700651916;1.67713162451504;3.04241299433213;2.39864650157491;21.1451092873446;2.46075574113296;1.32;1.32;1.26823845866129;1.21418498499854;1.39329129938402;1.57554985744595;1.6;1.81203741454791;1.80459495902555;1.6042955998552;1.6;1.6;1.6;1.6;1.6;1.6;1.6;1.80191555489185;3.96;3.96;3.96;32.0728276872887;143.442906121627;160.52
1.2;1.2;1.2;1.2;1.96401715067669;1.66776361417535;1.70994909573925;2.41275665862853;1.30703340265253;1.2;1.2;1.2;1.2;1.2;1.26;1.32;1.32;1.32;1.32;1.32;1.32;1.35106774091657;1.33133549522031;1.32;1.32;1.32;1.32;1.32;1.21906087892018;1.2;1.2;1.20226190933515;1.37167720184469;1.57397213866477;1.6;1.6;1.6;1.6;1.6;1.6;1.6;1.6;1.6;1.60655879341628;2.60391746682602;2.95972325707471;3.48037368583354;27.9085473187901;139.476215160954;147.321940435532
