1.24;1.24;1.24;1.24;1.23697841444249;0.889918658601848;0.163732144617895;0.08;0.712470845099221;1.08936324866313;1.04;1.04021020471724;1.04759733350387;1.04;1.04;1.1360104917346;1.24;1.24;1.24;1.24;1.23888931242279;1.2198131590439;1.1014263414404;1.05516414485966;1.04;1.04;1.04;1.04;1.04;1.04;1.04;1.03644224675378;1.04;1.04;1.04;1.04;1.04;1.04;1.04;1.04;1.04;1.04;1.04;0.909584751636765;0.84;0.84;0.84;0.84;0.84;0.84
1.24;1.24;1.24;1.24;1.24;1.24;1.05116396614764;0.577157041449511;1.2324020660701;1.22462165606683;1.20245343351061;1.23196230825759;1.20920364490122;1.19095537379291;1.22043956452562;1.24;1.24;1.24;1.24;1.24;1.24;1.24;1.24;1.20870122719284;1.04;1.04;1.04;1.04;1.04;1.04;1.04;1.04;1.04;1.04;1.04;1.04;1.04;1.04;1.04;1.04;1.04;1.04;1.02269567047523;0.861400112443949;0.84;0.84;0.84;0.84;0.84;0.84
1.24;1.24;1.24;1.24;1.24;1.24;1.24;1.24;1.24;1.24;1.24;1.24;1.24;1.24;1.24;1.24;1.24;1.24;1.24;1.24;1.24;1.24;1.24;1.24;0.977491057685323;1.03984771075333;1.04;1.04;1.04;1.04;1.04;1.04;1.04;1.04;1.04;1.04;1.04;1.04;1.04;1.04;1.04;1.00671201635576;0.843721207712234;0.84;0.84;0.84;0.84;0.84;0.84;0.84
1.24;1.24;1.24;1.24;1.24;1.24;1.24;1.24;1.24;1.24;1.24;1.24;1.24;1.24;1.24;1.24;1.24;1.24;1.24;1.24;1.24;1.24;1.24;1.10679856130611;0.599787637508893;0.663682574058453;1.01086848093832;1.04;1.04;1.04;1.04;1.04;1.04;1.04;1.04;1.04;1.04;1.04;1.04;1.04;1.04;0.973994042492937;0.84;0.84;0.84;0.84;0.84;0.84;0.84;0.84
1.24;1.24;1.24;1.24;1.24;1.24;1.24;1.24;1.24;1.24;1.24;1.24;1.24;1.24;1.24;1.24;1.24;1.24;1.24;1.24;1.24;1.24;1.24;1.07489678857948;0.56;0.56;0.938533991240151;1.04;1.04;1.04;1.04;1.04;1.04;1.04;1.04;1.04;1.04;1.04;1.04;1.04;1.04;0.921419402780627;0.84;0.84;0.84;0.84;0.84;0.84;0.84;0.84
1.24;1.24;1.15144679836962;1.01279082685319;1.00396068711541;1.20964645361536;1.03945296993353;0.868088308318146;1.0237621117087;1.24;1.24;1.24;1.24;1.24;1.24;1.24;1.24;1.24;1.24;1.24;1.24;1.24;1.24;0.857256504551862;0.56;0.56;0.874616359519586;1.04;1.04;1.04;1.04;1.04;1.04;1.04;1.04;1.04;1.04;1.04;1.04;1.04;1.03831423351473;0.858318597340155;0.84;0.84;0.84;0.84;0.84;0.84;0.84;0.84
0.709452121887915;0.493977023659404;0.215470585309015;0.405003550890346;0.177250972862745;0.353775804147013;0.08;0.39993236381261;1.19106363995956;1.24;1.24;1.24;1.24;1.24;1.24;1.24;1.24;1.24;1.24;1.19455472565965;1.24;1.24;1.22888860037996;0.647812293056456;0.56;0.56;0.813339467671514;1.04;1.04;1.04;1.04;1.04;1.04;1.04;1.04;1.04;1.04;1.04;1.04;1.04;1.02649088527252;0.852344457573616;0.84;0.84;0.84;0.84;0.84;0.84;0.84;1.12360181280151
0.56;0.342532139566727;0.318542571920902;0.51531505796517;0.223828444649746;0.173767675094402;0.13339835330099;0.554812319766362;0.72810165923626;0.832204743890231;0.895653277482758;1.23424795406287;1.24;1.24;1.12957318518157;1.23449476334909;1.15383617522605;1.05365502402238;0.631175780590251;0.570878738005178;0.749612446735008;0.982659647678721;0.825242035297469;0.56;0.56;0.56;0.760872268470936;1.04;1.04;1.04;1.04;1.04;1.04;1.04;1.01806203675345;0.956229160437826;1.02156934532601;1.02254200984339;1.04;1.04;0.991818584463326;0.84;0.84;0.84;0.84;0.84;0.84;1.87170550297992;18.6155779449011;40.4026714222939
0.607036246566429;0.691740286305617;0.274237824403508;0.298931807368133;0.48970737939143;0.558924462340399;0.537855276812596;0.521992215355894;0.56;0.56;0.56;0.881258205523266;1.24;1.24;0.782376240150973;0.581387895476166;0.56;0.56;0.56;0.56;0.56;0.594128581635313;0.56;0.56;0.56;0.56;0.616670743268488;0.881014518167961;0.857049624152481;0.785278913218155;0.713528718802892;0.777637200191655;0.813955583662912;0.742266174251772;0.716192032404447;0.84;0.84;0.863886877951327;0.871255180283655;0.940538179357654;0.901853425930692;0.84;0.84;0.84;0.84;0.84;1.05788048862729;2.50946629713234;29.3183518893365;23.4778470582142
0.850146283242107;1.03204788840329;0.881620662526203;0.449516349899994;0.259133032771369;0.199891638943842;0.371429048993836;0.426919993482903;0.369746068384446;0.56;0.56;0.679040006431605;1.16427793037874;1.24;0.615719752910826;0.56;0.56;0.56;0.56;0.56;0.56;0.56;0.56;0.56;0.56;0.56;0.56;0.56;0.56;0.56;0.56;0.56;0.56;0.56;0.594331566589279;0.84;0.84;0.84;0.84;0.84;0.84;0.84;0.84;0.84;0.973962365257757;1.49160847751092;1.70945106206369;1.72;1.72;1.72
1.19777352788989;1.2260207648552;0.898425643957499;0.748963686593461;0.543184391515544;0.545441789101064;0.409619072283056;0.450477905264683;0.521376894590072;0.56;0.56;0.56;0.78516465410964;0.792934626013273;0.588728065918026;0.56;0.56;0.56;0.56;0.56;0.56;0.56;0.56;0.56;0.56;0.56;0.56;0.56;0.56;0.56;0.56;0.56;0.56;0.56;0.563218436045712;0.838041499715019;0.84;0.84;0.84;0.84;0.84;0.84;0.84;0.84;1.32336009520544;1.72;1.72;1.68492554968611;1.46593919377429;8.06975758491837
1.28;0.841095853752146;0.560222151981729;0.56;0.56;0.56;0.56;0.56;0.56;0.56;0.56;16.9518650067496;1.00463378375629;10.9554329228987;0.56;0.56;0.56;0.56;0.56;0.56;0.56;0.56;0.56;0.56;0.56;0.56;0.56;0.56;0.56;0.56;0.56;0.56;0.56;0.56;0.56;0.761079198374226;0.84;0.84;0.84;0.84;0.84;0.84;0.84;0.84;0.951617860738381;0.989230967618946;1.29009202649985;1.11430958757583;1.08875808724323;19.489621623811
1.12912318085535;0.889782814705782;0.56;0.56;0.56;0.56;0.56;0.56;0.56;0.56;0.56;24.9460566702508;22.4453087033926;29.0481939138682;16.3086916774905;6.49984879333495;0.56;0.56;0.56;0.56;0.56;0.56;0.56;0.56;0.56;0.56;0.56;0.56;0.56;0.56;0.56;0.56;0.56;0.56;0.56;0.639258807157911;0.84;0.84;0.84;0.84;0.84;0.84;0.84;0.84;0.84;0.84;0.84;0.84;1.40251591291911;5.88273029164118
0.56;0.56;0.56;0.56;0.56;0.56;0.56;0.56;0.56;0.56;0.56;3.95584600539859;1.03842465103846;9.86865700717817;20.0870279990371;12.2568736357266;1.37110793480224;0.56;0.56;0.56;0.56;0.56;0.56;0.56;0.56;0.56;0.56;0.56;0.56;0.56;0.56;0.56;0.56;0.56;0.56;0.602078680007486;0.84;0.84;0.84;0.84;0.84;0.84;0.84;0.84;0.84;0.84;0.84;0.882141055432219;1.64958915946766;1.72
0.612092350952527;0.56;0.56;0.56;0.56;0.56;0.56;0.56;0.56;0.56732043692668;0.746070016920268;0.794846370675415;0.84;0.84;0.789946296183752;8.04700691254656;15.0972901372465;0.56;0.56;0.56;0.56;0.56;0.56;0.56;0.56;0.56;0.56;0.56;0.56;0.56;0.56;0.56;0.56;0.56;0.56;0.567097024954762;0.84;0.91160272037237;1.39786085439046;0.84;0.879336873997702;0.84;0.84;0.84;0.84;0.84;0.84;1.03904646485792;1.61733942747995;1.72
1.20874934461081;0.692000988215085;0.56;0.56;0.56;0.56;0.56;0.56;0.56;0.723530402162318;0.84;0.84;0.84;0.819077952297953;0.84;0.835672143114564;0.705599257357344;0.56;0.56;0.56;0.56;0.56;0.56;0.56;0.56;0.56;0.56;0.56;0.56;0.56;0.56;0.56;0.56;0.549468884104365;0.56;0.596389323992553;0.830742653155902;0.855847773248143;1.70414150353941;1.61831613328065;1.38363407482443;0.84;0.84;0.84;0.84;0.84;0.84;0.881204338266852;0.965900695572148;9.04731029201989
2.08;1.17454515936958;0.56;0.56;0.56;0.56;0.56;0.56;0.598620497671512;0.837293812148745;0.84;0.642392000255079;0.159590225075651;0.408991686756964;0.832816868129745;0.84;0.805303626393955;0.574642052654523;0.56;0.56;0.56;0.56;0.56;0.56;0.56;0.56;0.56;0.56;0.56;0.56;0.56;0.56;0.433860960404647;0.141576018035542;0.570108501935651;0.764017181346175;0.84;0.885098193016781;1.65819726073305;1.71053113359176;1.01667365573027;0.84;0.84;0.84;0.84;0.84;0.84;0.84;0.84;1.24367290906341
1.39296040968383;1.0770611895331;0.56;0.56;0.696470576130351;0.746468908716294;0.560647048196826;0.56;0.726417612482673;0.84;0.84;0.594246460008812;0.12;0.12;0.42750832695265;0.809898742657911;0.84;0.691637466675555;0.56;0.56;0.56;0.56;0.56;0.56;0.56;0.56;0.559294527816831;0.503480286056618;0.56;0.56;0.56;0.46833534377566;0.137857495061622;0.110631680121249;0.713902890507782;0.615641235302668;0.561759486200175;0.924127260725944;1.25912142709693;0.925306830066442;0.84;0.84;0.84;0.84;0.84;0.84;0.84;0.84;0.84;0.84
0.939556451500326;0.781936048380441;0.56;0.565670304193313;1.06907718786776;1.26687558503772;0.910594751397794;0.578120916396229;0.815253668122827;0.84;0.84;0.452106925821584;0.12;0.12;0.233075680710321;0.738111469917091;0.84;0.721720154706342;0.56;0.56;0.56;0.56;0.56;0.56;0.56;0.3961100471369;0.208215330197142;0.0933060368518987;0.43449898470281;0.56;0.374243767081037;0.117542095659388;0.0843840905184396;0.371194498499299;0.576184545698286;0.12165817442591;0.148489626647597;0.440982894841087;0.781445233015346;0.84;0.84;0.84;0.84;0.84;0.84;0.84;0.84;0.84;0.84;0.84
0.56;0.56;0.56;0.721865082397718;1.10719282805701;0.836382069267416;1.02709555779552;0.718522150946526;0.84;0.839760082421722;0.459845606645466;0.222464655133689;0.12;0.12;0.447334620690375;0.626516854064248;0.84;0.75908372405665;0.56;0.56;0.409435117333843;0.205324871085212;0.37615998960078;0.515497691030411;0.233461675739102;0.4358208986095;0.544234530281154;0.256533334271555;0.08;0.12075151863955;0.08;0.08;0.103301594260357;0.12;0.12;0.12;0.12;0.12;0.396299368807909;0.569075715002138;0.695435358117891;0.84;0.84;0.84;0.84;0.84;0.84;0.84;0.84;0.84
0.56;0.56;0.56;0.581985151701014;0.855615829326141;1.21771399720896;1.15631294798423;0.84;0.84;0.709073101668344;0.134837902103375;0.12;0.12;0.295345741567164;0.377425702653453;0.146864422852825;0.84;0.796446545212576;0.56;0.335363826221277;0.08;0.08;0.100449595283694;0.0834451524430886;0.08;0.367600430529565;0.362407188022668;0.08;0.08;0.08;0.08;0.0842952918167289;0.116365107504906;0.12;0.12;0.12;0.12;0.12;0.12;0.12;0.642959424189539;0.84;0.84;0.84;0.84;0.84;0.84;0.84;0.84;0.84
0.574636918947101;0.56;0.56;0.897014442204939;1.28;1.3277136463794;0.953678684985449;0.84;0.84;0.524528178916479;0.243262949236515;0.12;0.12;0.651807481660623;0.640570872104855;0.356158348777145;0.823607044076202;0.810385894500275;0.53130969822237;0.0994632885825585;0.08;0.08;0.08;0.08;0.08;0.117788163171895;0.0977893324496984;0.08;0.08;0.169961424274498;0.0890609568860843;0.216657186941521;0.152072328242298;0.12;0.12;0.12;0.12;0.12;0.12;0.245229040839318;0.773896775380977;0.84;0.84;0.84;0.571554809403247;0.37547131635966;0.760538382113607;0.84;0.84;0.84
0.791889129674422;0.609962150188618;0.717210757070726;1.26028401674042;1.15250573675837;0.870076097975805;0.849786725350987;0.84;0.84;0.342286765190134;0.12;0.12;0.12;0.246659361435105;0.84;0.84;0.84;0.731169942905754;0.390849453982074;0.08;0.08;0.08;0.08;0.08;0.08;0.08;0.08;0.08;0.0913055437365426;0.525560704603263;0.542826344673242;0.740159792943598;0.243816643247708;0.120470417385735;0.200149322235491;0.305735937511828;0.232850254058593;0.150864618420656;0.169802721215799;0.240190047134573;0.669768859803757;0.84;0.84;0.84;0.1489772955372;0.12;0.234167194540264;0.84;0.84;0.84
0.84;0.818983517183208;0.830261762296646;0.84;0.84;0.84;0.84;0.84;0.701256428478738;0.416020250032321;0.12;0.12;0.12;1.83739214889816;35.224274602396;38.9476823949161;8.75969658794377;0.768530519421492;0.52506863843499;0.146852855993807;0.08;0.08;0.08;0.08;0.08;0.08;0.08;0.08;0.126052213811508;0.433220439044001;0.435719583189945;0.434216794965555;0.565989496464507;0.810667192562576;0.824677485713923;0.743835840114942;0.173186138239276;0.166426132555227;0.715267755948448;0.732288744549216;0.84;0.84;0.84;0.84;0.430950841366537;0.12;0.120646531908906;0.50299639010997;0.84;0.84
0.84;0.84;0.84;0.84;0.84;0.84;0.84;0.84;0.537504644240165;0.12;0.12;0.12;0.12;10.1524782799284;49.1582738136503;52.6;49.4752767301624;13.3660856910797;0.482711192476344;0.16492111578792;0.08;0.08;0.08;0.08;0.08;0.08;0.08;0.08;0.371411951014782;0.503392908494673;0.211777446970013;0.618100013351518;0.647571774260793;0.205064091031317;0.23911801678991;0.162164320237515;0.030779689364326;0.136265168595023;0.801668955333416;0.84;0.84;0.84;0.84;0.84;0.690855541056669;0.53507900049287;0.602219249093186;0.790162160914671;0.84;0.84
0.84;0.84;0.84;0.84;0.84;0.84;0.84;0.84;0.84;0.756220596223704;0.328813041802391;6.76926293292365;18.0765548449755;14.1185691215958;48.7568274058058;52.6;52.6;27.8805477950376;0.371293297184659;0.08;0.08;0.08;0.08;0.08;0.08;0.08;0.08;0.0820534291713556;0.40623425886463;0.301285446684871;0.51152300498019;0.571861906820127;0.199663153022998;0.0432280383046386;0.0787446656497313;0.518224513320543;0.32476849542487;0.353746327129279;0.84;0.84;0.84;0.84;0.84;0.84;0.84;0.84;0.84;0.672101270583534;0.824573940214812;0.84
0.84;0.84;0.84;0.84;0.84;0.84;0.84;0.84;0.84;0.84;0.84;8.23442744207931;44.9295295003296;51.8634745698267;46.1671978420172;48.6589123661841;52.6;32.7690104474577;0.592298754081037;0.49888009380995;0.306656503872785;0.08;0.08;0.08;0.08;0.08;0.08;0.31444105693419;0.56;0.531827377842364;0.598314048559587;0.307595429252768;0.04;0.04;0.244310413051862;0.6;0.599020415459714;0.602242694127214;0.693133968422482;0.778157479128057;0.84;0.84;0.84;0.84;0.84;0.84;0.84;0.401813651438802;0.369923390631286;0.789976845783208
0.84;0.84;0.84;0.84;0.84;0.84;0.84;0.84;0.84;0.84;0.84;0.84;4.09290699670029;2.69834681833002;14.7721265335614;31.0180878435332;35.9560818951805;16.7893095343734;0.629651118896995;0.415491584317042;0.0875527784079313;0.08;0.08;0.08;0.08;0.08;0.08;0.269228520698772;0.519086676791748;0.545245156236735;0.19155722280948;0.04;0.04;0.04;0.0994633640838325;0.504148581192064;0.6;0.6;0.6;0.602522491999896;0.628238373848831;0.714694594462197;0.796035404917188;0.84;0.84;0.428878684116164;0.249385937248729;0.320741715041823;0.12;0.267020744787026
0.84;0.84;0.84;0.84;0.84;0.84;0.84;0.84;0.84;0.84;0.84;0.84;0.84;1.33413009805661;1.67306131415759;1.70222273774621;4.80845841038102;23.6852413458384;0.592903997761065;0.268518999988543;0.08;0.08;0.08;0.08;0.08;0.08;0.08;0.167692064616643;0.60530060977039;0.793124172576565;0.486762948687102;0.134399375416041;0.04;0.04;0.04;0.392261319151893;0.6;0.6;0.6;0.535510956397445;0.471035022238421;0.6;0.353172939225186;0.6809523734522;0.84;0.541578396481228;0.12;0.12;0.12;0.12
0.84;0.84;0.84;0.84;0.84;0.84;0.84;0.84;0.84;0.84;0.84;0.84;0.84;0.971826589189497;1.27776141597231;1.60495412342311;20.2784191459212;29.0636679012875;0.586581515576277;0.298919267782941;0.08;0.08;0.08;0.08;0.08;0.08;0.08;0.114281586299448;0.68006926118627;0.84;0.84;0.720017411505835;0.115947828062077;0.04;0.185928087457267;0.508182911771456;0.6;0.6;0.6;0.45192068897523;0.147790787376834;0.28225633145282;0.0496563429309613;0.283306571120871;0.839852964745582;0.805263508866222;0.316686899619028;0.12;0.12;0.12
0.841015332649136;0.863137351702098;0.863660106098289;0.849298155960002;0.840040720137904;0.84;0.84;0.84;0.84;0.84;0.84;0.84;0.84;0.860781523331697;1.56896954762544;1.21371209741716;10.0723210044924;17.7733108231802;0.806143971242245;0.528736238602483;0.194498488234448;0.0801396653527061;0.08;0.08;0.08;0.08;0.08;0.390793936513481;0.775651257801857;0.84;0.818762467941869;0.347899154057583;0.04;0.0960383569749533;0.551835868898317;0.6;0.6;0.6;0.6;0.581559582245133;0.318856021705636;0.04;0.04;0.04;0.707594336466884;0.84;0.742285042041152;0.12;0.12;0.12
0.879425463240128;0.88;0.88;0.879835622681313;0.844608901590062;0.84;0.84;0.84;0.84;0.84;0.84;0.84;0.84;1.05265767434255;1.19711516537725;0.861397792187421;0.952020823829249;1.03989730121616;0.816756771691407;0.651169266611726;0.559803832514908;0.286996538145212;0.138054352197804;0.08;0.0819319202096453;0.0944385892032528;0.301523049447481;0.699058195723027;0.84;0.84;0.517907554344223;0.104326347205983;0.04;0.352788461122706;0.6;0.6;0.6;0.6;0.6;0.331102139864112;0.0929633278802041;0.04;0.04;0.154356228849339;0.665709696974299;0.84;0.754618249161876;0.305362985832979;0.12;0.12
0.88;0.88;0.88;0.88;0.86090868080833;0.84;0.84;0.84;0.84;0.84;0.84;0.84;0.84;0.84;0.84;0.84;0.84;0.84;0.84;0.80455878584825;0.597791126464306;0.564269459916321;0.519756264296513;0.50865443300996;0.468486919670599;0.469368442016177;0.732339434865486;0.834632506523189;0.84;0.84;0.829259479271234;0.217924501027122;0.0464819908936508;0.401804661986926;0.588624356711563;0.572224599839429;0.517189744769052;0.6;0.6;0.190971219581482;0.04;0.04;0.04;0.322292520376241;0.639676709725242;0.84;0.688950945940147;0.313908374245065;0.12;0.12
0.88;0.88;0.88;0.88;0.877229645044922;0.84933944272477;0.84;0.84;0.84;0.84;0.84;0.84;0.84;0.84;0.84;0.84;0.84;0.84;0.84;0.84;0.834044954186633;0.766948197767638;0.669274459264313;0.66551812302703;0.816365136661831;0.84;0.84;0.84;0.84;0.84;0.759124925510069;0.23418181435442;0.365726413853822;0.587477676241343;0.241354397496601;0.132984164281384;0.131268730128936;0.6;0.59061742385032;0.406721959146504;0.04;0.04;0.367565628909285;0.538608414294012;0.607922538719606;0.84;0.84;0.38068278212502;0.12;0.12
0.88;0.88;0.88;0.88;0.88;0.862918921115054;0.84;0.84;0.84;0.84;0.84;0.84;0.84;0.84;0.84;0.84;0.84;0.84;0.84;0.84;0.84;0.84;0.84;0.84;0.84;0.84;0.84;0.84;0.84;0.84;0.84;0.47812239319526;0.715110769170054;0.714561183347337;0.708069337631545;0.161034112875281;0.04;0.0795268798604831;0.303009368194826;0.298468628396692;0.04;0.04;0.262178243859632;0.489484185392411;0.6;0.759709730438669;0.84;0.768010318052332;0.458086145739953;0.12
0.88;0.88;0.88;0.88;0.88;0.867332142485868;0.84;0.84;0.84;0.84;0.84;0.84;0.84;0.84;0.84;0.84;0.84;0.84;0.84;0.84;0.84;0.84;0.84;0.84;0.84;0.84;0.84;0.84;0.84;0.84;0.84;0.84;0.84;0.84;0.839172530764446;0.284037493621906;0.04;0.04;0.04;0.110598045232708;0.04;0.04;0.0516749703501123;0.287263805899071;0.6;0.632488118190465;0.789487912602593;0.84;0.82721856001684;0.340654730911745
0.88;0.88;0.88;0.88;0.88;0.876360870393507;0.84558854841919;0.84;0.84;0.84;0.84;0.84;0.84;0.84;0.84;0.84;0.84;0.84;0.84;0.84;0.84;0.84;0.84;0.84;0.84;0.84;0.84;0.84;0.84;0.84;0.84;0.84;0.84;0.84;0.813289804772381;0.183894714930528;0.047076482342911;0.04;0.04;0.04;0.04;0.04;0.260546624014762;0.6;0.6;0.6;0.616579460574155;0.754893709924768;0.84;0.738542909694612
0.88;0.88;9.02538589232689;7.2717590470525;0.88;0.878820050716346;0.848129971072477;0.84;0.84;0.84;0.84;0.84;0.84;0.84;0.84;0.84;0.84;0.84;0.84;0.84;0.84;0.84;0.84;0.84;0.84;0.84;0.84;0.84;0.84;0.84;0.84;0.84;0.84;0.366172339461978;0.754964156986321;0.774484758509974;0.0875042027918193;0.04;0.04;0.0610229758329201;0.177423911434022;0.0436320685110986;0.526650609615189;0.6;0.6;0.6;0.6;0.605388776437072;0.714050951267982;0.833133938719247
0.88;7.22998553210707;36.3751646182828;36.5102007817299;2.81901422189731;0.874471608241119;0.84;0.84;0.84;0.84;0.84;0.84;0.84;0.84;0.84;0.84;0.84;0.84;0.84;0.84;0.84;0.84;0.84;0.84;0.84;0.84;0.84;0.84;0.84;0.84;0.84;0.838486702056006;0.682782078584135;0.168967551014162;0.503826996161086;0.254631426822093;0.112354966615192;0.0591113490177135;0.04;0.302403863907751;0.58722774953998;0.581629971260205;0.6;0.6;0.6;0.6;0.6;0.6;0.6;0.736259063296948
0.88;15.5969896675522;37.96;32.2712157622677;4.85411508883577;0.851942714746247;0.84;0.84;0.84;0.84;0.84;0.84;0.84;0.84;0.84;0.84;0.84;0.84;0.84;0.84;0.84;0.84;0.84;0.84;0.84;0.84;0.84;0.84;0.84;0.84;0.84;0.84;0.170005289919385;0.12;0.123614586612774;0.12;0.12;0.117489613212266;0.0863362432845929;0.542157812973348;0.604209326740375;0.6;0.6;0.6;0.6;0.6;0.6;0.6;0.604327353746117;0.978068731099776
0.88;1.83620673308594;22.5522716690455;29.800730795718;6.71706422850362;0.843510059754495;0.84;0.84;0.84;0.84;0.84;1.07449372461324;1.07994143518291;1.04349571215051;0.84;0.84;0.84;0.84;0.84;0.84;0.84;0.84;0.84;0.84;0.84;0.84;0.84;0.84;0.84;0.84;0.84;0.84;0.739317715576162;0.422401006811316;0.12;0.12;0.12;0.12;0.12;0.391120892132455;0.840152543431804;0.763210627349707;0.422367524451181;0.40805044293556;0.6;0.6;0.6;0.378654583128975;0.840504843437851;1.2
1.11179471426412;0.88;0.88;4.32446973540464;0.86714632421287;0.84;0.84;0.84;0.868457192085815;1.4109692898119;1.61338992166324;1.7154431591318;1.72;1.20569585763179;0.84;0.84;0.84;0.84;0.84;0.84;0.84;0.84;0.84;0.84;0.84;0.84;0.84;0.84;0.84;0.84;0.84;0.84;0.728631475757115;0.239314584180513;0.12;0.12;0.12;0.12;0.152703324338013;0.757965897607025;1.08781056499006;1.19519250822578;0.556295034327945;0.328800798708138;0.6;0.6;0.438888815151895;0.223786443119509;0.681559103175642;0.935403255542845
1.21237497496872;0.88;0.88;0.88;0.870832596893822;0.841233678373881;0.84;0.84;1.24973785934922;1.72;1.72;1.72;1.72;1.30311516895723;0.84;0.84;0.84;0.84;0.84;0.84;0.84;0.84;0.84;0.84;0.84;0.84;0.84;0.84;0.84;0.84;0.84;0.84;0.762028837782407;0.178705063656877;0.12;0.12;0.12;0.12;0.125041503532883;0.963225702243609;1.2;0.659812458758666;0.472640421762784;0.209862252343058;0.143243448793888;0.531392991372922;0.829000288687041;0.52263138501887;0.12;0.149439272532544
1.28610539600011;0.88;0.88;0.88;0.88;0.846482632670552;0.84;1.60786517403173;1.72;1.72;1.72;1.72;1.72;1.09089317109547;0.84;0.84;0.84;0.84;0.84;0.84;0.84;0.84;0.84;0.84;0.84;0.84;0.84;0.84;0.858147611184418;1.07054372565128;0.621400326192375;0.770523783539189;0.606880293004633;0.214522258366919;0.12;0.12;0.12;0.12;0.12;1.00038985017011;0.798804949508607;0.18027880423062;0.12;0.12;0.12;0.12;0.12;0.236234655373326;0.12;0.164731506979838
1.37769018114805;0.88;0.88;0.88;0.88;0.863242033744802;0.94350932697083;1.36039703380755;1.72;1.72;1.72;1.71011885529477;1.70164398194914;1.04225464415223;0.84;0.909629464636091;0.955860853324004;0.84;0.84;0.84;0.84;0.84;0.84;0.84;0.84;0.84;0.84;0.879252957623487;1.70343666361477;1.15286060970202;0.71810937064547;0.344037763680546;0.165999037955989;0.12;0.12;0.12;0.12;0.12;0.12;0.579433128243083;0.783570767869702;0.12;0.12;0.12;0.12;0.12;0.12;0.12;0.12;0.647388127050199
1.49561483606612;0.88;0.88;0.88;0.88;0.900945419620515;1.52444717322437;1.68475119540996;1.70449295906926;1.69145602855241;1.41650079173614;0.870110995080974;1.68077332230894;1.06754878583276;0.957824243480094;1.72;1.49085049482789;0.84;0.84;0.84;0.84;0.84;0.84;0.84;0.84;0.84;0.84;1.16200379412051;1.7193459708525;1.34742920720431;0.801232736699963;0.145936057132063;0.12;0.12;0.12;0.12;0.12;0.12;0.12;0.12;0.244875461342835;0.12;0.12;0.12;0.12;0.133312184138596;0.12;0.801736214854259;2.0342634103125;2.2
1.6135371277093;0.88;0.88;0.88;0.873004951940082;0.840544183564233;0.963325693677694;1.57780893291954;1.36668069541957;0.969573220280462;0.957790536786605;1.52226258475975;1.72;1.51232913479743;1.62859299670279;1.72;1.40355895752355;0.84;0.84;0.84;0.84;0.84;0.84;0.84;0.84;0.84;0.84;1.43353339633118;1.72;1.72;1.18259372745973;0.780871381865814;0.13760134450261;0.12;0.12;0.214433569669938;0.472653137090664;0.644881597283242;0.341759479027082;0.294855572550133;0.811108563650534;0.2049920325896;1.04457798805829;0.73881438427068;1.83503520209268;2.13166471206211;0.322990994270146;0.130774628479971;1.71022039729946;2.2
1.57042687211425;0.88;0.88;0.877779756631671;0.847333469898071;0.84;0.705924130477451;0.853529899119374;0.830852860146096;0.428231636660053;0.678491692666287;1.69984919183633;1.57620792063828;0.983557762433472;1.42193656930259;1.72;0.825333028301933;0.599547900782761;0.84;0.84;0.84;0.84;0.84;0.84;0.84;0.84;0.84;1.18238392713326;0.978915781181306;0.950055293862533;1.45290907714898;1.72;1.04788380421998;0.140437089185245;0.623477397946902;0.457048425623443;0.665186420271426;0.636950137015424;0.133115728603436;1.79610326098689;1.02284837632789;1.41388303031548;2.2;2.2;2.2;2.2;1.55753374367466;1.68567193137929;2.17819230212992;2.2
1.28447492091456;0.88;0.88;0.857607303369912;0.84;0.738675149728042;0.175701005686804;0.198503470905564;0.296878240149345;0.12;0.249119635176242;0.198944157566875;0.264964192462525;0.84;1.05109044727124;1.68801070496608;0.365632557264143;0.222465067903205;0.657432009727551;0.782335562983914;0.84;0.84;0.84;0.84;0.84;0.84;0.84;0.623120593472734;0.459653265969099;0.478560367546009;0.200641423728469;0.889265905866887;0.975466328326837;0.679851648606757;0.766207140838657;0.826176603321629;0.236040778046685;0.527153570217021;1.12143587102107;2.06343091413174;2.2;2.2;2.2;2.2;2.2;2.2;2.2;2.14664026699807;1.81709025181131;1.66823795060161
1.1137304220248;0.88;0.87054131288343;0.840581172074711;0.691922432588318;0.270498602761792;0.12;0.12;0.12;0.12;0.334175066640863;0.630914584928112;0.836553836630291;0.84;0.907007086267115;0.990391173777464;0.568010802533874;0.151755737598034;0.55838197914218;0.504799774453798;0.547595962557847;0.84;0.84;0.84;0.84;0.84;0.684475622587315;0.138467246048727;0.403688082036801;0.44158446172903;0.289759381661738;0.204874577919344;0.51676275165089;0.84;0.660286917462523;0.779943578053662;0.585977441414089;0.742858903485909;1.30451999998065;1.99980210653692;2.2;2.2;2.2;2.2;2.2;2.2;2.13940864187512;1.94869829643533;1.28933283797549;1.30180195789856
