0.76;0.76;0.76;0.76;0.76;0.76;0.760690274221518;0.824205178853217;0.84;0.84;0.84;0.84;0.84;0.84;0.84;0.84;0.84;0.84;0.84;0.84;0.84;0.84;0.84;0.84;0.84;0.84;0.84;0.84;0.84;0.84;0.84;0.84;0.84;0.84;0.84;0.836733888781918;0.798174675357657;0.836279859069301;0.84;0.84;0.84;0.84;0.84;0.84;0.84;0.84;0.84;0.671108480086468;0.322039619075689;0.265829392832424
0.76;0.76;0.76;0.76;0.76;0.76;0.762979075089137;0.828885719809461;0.84;0.84;0.84;0.84;0.84;0.84;0.84;0.84;0.84;0.84;0.84;0.84;0.84;0.809386797195417;0.84;0.84;0.84;0.84;0.84;0.84;0.84;0.84;0.84;0.84;0.84;0.84;0.84;0.84;0.84;0.84;0.84;0.84;0.84;0.84;0.84;0.84;0.84;0.84;0.84;0.443062621899754;0.140404346950538;0.124594028525636
0.76;0.76;0.76;0.76;0.76;0.76;0.780039360365821;0.838982622537562;0.84;0.84;0.84;0.84;0.84;0.84;0.84;0.989164885446184;1.11826049040798;1.1972431553095;0.84;0.84;0.774531569433105;0.623233283945408;0.789284924342426;0.832598669400145;0.84;0.84;0.84;0.84;0.84;0.838158292987836;0.84;0.84;0.84;0.84;0.84;0.84;0.84;0.84;0.84;0.84;0.84;0.84;0.84;0.84;0.84;0.84;0.84;0.823251110573809;0.84;0.721128669191504
0.76;0.76;0.76;0.76;0.76;0.76;0.76;0.775415240123683;0.838121255264897;0.84;0.84;0.84;0.84;0.84;0.930740554689141;1.36449539819459;1.4;1.4;0.864293567278795;0.831714897536539;0.63143311780502;0.6;0.601839899930518;0.643899165902913;0.814501277165009;0.84;0.822776737420913;0.738365477729774;0.625105902006011;0.655478799281663;0.668940840561781;0.688352965280403;0.84;0.84;0.84;0.84;0.84;0.84;0.84;0.84;0.84;0.84;0.806508989699727;0.814051018484524;0.84;0.84;0.84;0.84;0.84;0.84
0.76;0.76;0.76;0.76;0.76;0.76;0.76;0.76;0.828003273065481;0.84;0.84;0.84;0.84;0.848756496895012;1.2682103163155;1.4;1.4;1.4;1.13599126458548;0.683803547255121;0.6;0.6;0.6;0.6;0.624687080719954;0.622361027275398;0.6;0.6;0.6;0.6;0.6;0.603979406798295;0.681083276295391;0.818624270641149;0.866156172351718;0.84;0.84;0.84;0.84;0.84;0.84;0.815736718614074;0.33119616429411;0.596805736424044;0.763167089332504;0.84;0.84;0.84;0.84;0.84
0.76;0.76;0.76;0.76;0.76;0.76;0.76;0.768119674181583;0.832878130307198;0.84;0.84;0.927727474431983;1.19058456132781;1.38472849149918;1.4;1.4;1.4;1.4;1.22639893502927;0.604422511721639;0.6;0.6;0.6;0.6;0.6;0.6;0.6;0.6;0.6;0.6;0.6;0.6;0.6;0.652538692713251;0.781824866462149;0.838251528122183;0.869562502990299;0.910604062914476;0.625629642943723;0.471962456771995;0.637383840652462;0.157563231704556;0.0985700903401657;0.451593679236629;0.716243994718767;0.903945267871725;0.84;0.84;0.84;0.84
0.76;0.76;0.76;0.76;0.76;0.76;0.85878217689418;0.96671039639945;0.901617865674331;0.898610767263517;0.926241879057238;1.37856337008465;1.4;1.4;1.4;1.4;1.4;1.4;1.32456476903893;0.6;0.6;0.6;0.6;0.6;0.6;0.548122971666861;0.319745066509862;0.566384827255062;0.6;0.6;0.6;0.6;0.6;0.6;0.60656665261605;0.608487963480502;0.834491227724498;1.12994883361578;0.998204023443396;0.08;0.110205455936907;0.294579746892536;0.122426377614005;0.216491576092555;0.634771084631986;0.84;0.84;0.84;0.84;0.84
0.76;0.76;0.76;0.76;0.76;0.844583713857111;1.3244976398313;1.4;1.3003886913784;1.35315249005794;1.26294336552017;1.4;1.4;1.4;1.4;1.4;1.4;1.4;1.30157392927864;0.602936310613751;0.6;0.6;0.6;0.6;0.6;0.528600570444437;0.08;0.487187590682693;0.6;0.6;0.6;0.6;0.6;0.6;0.6;0.6;0.6;0.6;0.644742099158907;0.390688799500898;0.483435589445453;0.6;0.242079299646039;0.463022150077017;0.60222997731585;0.977856089869311;0.84;0.84;0.84;0.84
0.76;0.76;0.76;0.76;0.76;0.797199709693342;1.4;1.4;1.4;1.4;1.4;1.4;1.4;1.4;1.4;1.4;1.4;1.4;1.14364985120762;0.6;0.6;0.6;0.6;0.6;0.6;0.495969350323945;0.111873555574724;0.539529279345957;0.6;0.6;0.6;0.6;0.6;0.6;0.6;0.6;0.6;0.6;0.6;0.6;0.6;0.6;0.6;0.6;0.6;0.824703372306048;0.846636644034955;0.84;0.84;0.84
0.76;0.76;0.76;0.76;0.76;0.76;1.29932500741215;1.4;1.4;1.4;1.4;1.4;1.4;1.4;1.4;1.4;1.4;0.666029336236417;0.772382091433467;0.6;0.6;0.6;0.6;0.6;0.6;0.41073740049405;0.198829511903662;0.593674017769285;0.6;0.6;0.6;0.6;0.6;0.6;0.6;0.6;0.6;0.6;0.6;0.6;0.6;0.6;0.6;0.6;0.6;0.6;0.736385992832177;0.84;0.84;0.84
0.76;0.76;0.76;0.76;0.76;0.729304227887762;1.05085881931992;1.4;1.4;1.4;1.4;1.4;1.4;1.4;1.4;1.4;1.22273347194584;0.159813873509953;0.113869241080881;0.209967635897917;0.6;0.6;0.6;0.6;0.6;0.322506617740639;0.44853774820483;0.581285731725365;0.6;0.6;0.6;0.6;0.6;0.6;0.6;0.6;0.6;0.6;0.6;0.6;0.6;0.6;0.6;0.6;0.6;0.6;0.723273245513477;0.84;0.84;0.84
0.76;0.76;0.76;0.76;0.759909236891268;0.464666573434346;0.490891584923955;1.27924896646652;1.4;1.4;1.4;1.4;1.4;1.4;1.4;1.37171380961906;0.446245048109932;0.12;0.10028822455278;0.189252173249491;0.6;0.6;0.6;0.6;0.597108236799989;0.258245696486078;0.6;0.684125806463007;1.01173239481425;0.633805508665268;0.807771886623656;0.6;0.6;0.626797216187778;0.6;0.6;0.6;0.6;0.6;0.6;0.6;0.6;0.6;0.6;0.6;0.6;0.825047896698181;0.84;0.84;0.84
0.76;0.76;0.76;0.76;0.631664251304164;0.585245631503941;1.28811744594439;1.4;1.4;1.4;1.4;1.4;1.4;1.4;1.4;1.39029181719571;0.123008962139487;0.11960265904336;0.0891755155139661;0.467726495373647;0.6;0.6;0.6;0.6;0.477563023204433;0.603670783784338;0.971922150333412;1.27914568991497;1.29644204874911;0.807622647136554;1.021603686477;0.806625463726307;1.09920962339772;0.9703026489744;0.6;0.6;0.6;0.6;0.6;0.6;0.6;0.6;0.6;0.6;0.6;0.6;0.715885525234602;0.84;0.84;0.84
0.76;0.76;0.76;0.728558584335605;0.366261012660305;1.3213583467506;1.4;1.4;1.4;1.4;1.4;1.4;1.4;1.4;1.4;0.971127955677025;0.136366351248099;0.118588547300435;0.27676063336682;0.319994044368755;0.6;0.302055027132375;0.520301584228098;0.6;0.899465474165911;1.33678549184189;1.4;1.4;1.4;1.37759829249499;1.15656220708415;0.929779287278442;1.15707372805993;1.14435874782947;0.6;0.6;0.6;0.6;0.6;0.6;0.6;0.6;0.6;0.6;0.6;0.6;0.862130807076454;1.34756108660377;1.25669245562442;1.41408903070539
0.76;0.76;0.76;0.245441678118818;1.07029173899014;1.4;1.4;1.4;1.4;1.4;1.4;1.4;1.4;1.4;1.4;1.01179755696466;0.229498946172731;0.11174755405909;0.565738600498911;0.436779517667782;0.593939873026824;0.198358503268499;0.113508141275534;0.568414974272855;1.20447694159971;1.4;1.4;1.4;1.4;1.4;1.33832831807844;1.33967868492658;1.4;1.4;0.610058144237846;0.436013806478981;0.263719948587584;0.54403868029037;0.6;0.585708492238179;0.488555490650654;0.6;0.89624009333932;0.704813609171286;0.6;0.6;1.08879417039006;1.68718879550293;1.76373542919232;1.8
0.76;0.619280960313578;0.641954012411388;0.730041344195059;1.39778718990934;1.4;1.4;1.4;1.4;1.4;1.4;1.4;1.4;1.4;1.4;1.4;1.16501764117898;0.360440562218706;0.56982299684892;0.6;0.102994451698428;0.281410617511682;0.201074441042641;0.212250494697815;0.669468477068516;1.19801167866895;0.838740239595436;1.7810353893416;7.40269345662147;16.8388318840403;7.93330342701089;1.4;1.4;1.4;1.06613947728044;0.142232674023727;0.166593187141627;0.511565385126462;0.419898911884399;0.0921498400450218;0.432199771230754;0.84497740958607;1.38197236448788;1.16059209464025;0.6;1.38345995767786;1.73594925245715;1.60905886450106;1.66307298481033;1.79888220873401
0.66675545750166;0.115429607351589;0.696871387058357;1.4;1.4;1.4;1.4;1.4;1.4;1.4;1.4;1.4;1.4;1.4;1.4;1.4;1.4;0.70468410741456;0.454380263356015;0.344931875815511;0.0836663737431453;0.475584668542873;0.339356382332431;0.950091529770538;0.439861550218665;0.279924668676565;0.08;1.73618194480821;10.2635771674955;23.5720352565857;11.6295063678065;3.71926430971331;1.4;1.4;1.28552624833672;0.636268226501759;1.00833690564837;0.0825825865951863;0.119003269438867;0.08;0.147614141444691;0.564730289523266;1.03928803049947;1.10863288831004;0.775932065630274;1.57163349796459;1.76346813117003;1.69694675203628;1.64327785320469;1.77459812078657
0.422314713493938;0.565652860357324;1.4;1.4;1.4;1.4;1.4;1.4;1.4;1.4;1.4;1.4;1.4;1.4;1.4;1.4;1.4;1.38370563735954;0.314791420832946;0.58096753799961;0.429465537249958;0.519560674627165;0.541308004574991;1.3988917050586;0.552370455223035;0.08;0.171567574055962;0.344266288201666;0.6;16.2206807431733;25.1558791229653;22.7189451769268;12.6479405154796;1.18703039021674;1.28299065443807;1.29677557671684;0.229331259642326;0.08;0.08;0.08;0.08;0.371316936026715;0.6;0.640653362222618;1.12688884679007;1.61230287724227;1.77391773427319;1.8;1.70671767009166;1.7522430489621
0.840099486133532;1.36336582665958;1.4;1.4;1.4;1.4;1.4;1.4;1.4;1.4;1.4;1.4;1.4;1.4;1.4;1.4;1.4;1.4;0.677942806445062;0.726078869778663;0.736053192619911;0.6;0.660520658843647;1.31953240823403;0.433405151847504;0.307098293970752;0.569581132685455;0.6;0.6;1.78063957550081;0.72622718241252;8.69778581792184;16.0140818738173;0.613582033250481;0.611011255083393;1.00967419311824;0.589959423396289;0.08;0.08;0.08;0.107311598292079;0.555783692408727;0.82719807207299;1.27371355143034;1.46912529599406;1.69126686769148;1.8;1.8;1.72403860537917;1.69435893316916
1.4;1.4;1.4;1.4;1.4;1.4;1.4;1.4;1.4;1.4;1.4;1.38188635131121;1.3510741866563;1.4;1.4;1.4;1.4;1.32919747160948;0.682578183607133;0.929585554683581;1.18558284740148;0.848130202506518;0.6;0.868992358870694;0.722323900917057;0.145877242499514;0.514599031064281;0.6;0.6;0.6;0.803458874993026;2.19459149830203;15.7171267502421;0.6;0.6;0.662116490077477;1.16060296078301;0.728920691616411;0.37639137779663;0.125261453057614;0.244263664149095;0.81648919536117;1.29679800005489;1.21258375767042;1.3558396766602;1.78037971653091;1.8;1.8;1.76803635339365;1.69148275842858
1.39609838000155;1.4;1.4;1.4;1.4;1.4;1.4;1.4;1.4;1.4;1.4;0.785386392152309;0.476938750981091;1.08893191629569;1.4;1.4;1.4;1.39802779047636;1.11678807853762;0.820100572953932;1.4;1.39860881702516;1.18748691077624;0.894949714231712;0.112309571120773;0.216483882527305;0.555579124545133;0.6;0.6;0.6;0.817221148354664;1.71141736298457;4.0154227432382;0.784122146634979;0.625841773057766;0.6;0.601326032637768;0.664469839182931;0.312417418565126;0.396925447753583;0.555904457111853;0.773500894779179;1.0571847727932;0.6;1.18973200250687;1.65157082915908;1.78142795291456;1.8;1.8;1.75682949094808
1.37424448447476;1.39737424439064;1.4;1.4;1.4;1.4;1.4;1.4;1.4;1.4;1.30060019233164;0.556562679027103;1.07292267611514;0.511046702577551;1.15541564975079;1.3086265744727;1.4;1.4;1.36594365565354;0.700480480534731;0.853414529188151;1.39657693726228;1.4;1.00499003593733;0.75342232068836;0.831036079402142;0.294431953451861;0.573922128155382;0.547436023977191;0.6;0.959487564532892;1.73511945196396;1.96;1.39644145670193;1.1346432914277;0.6;0.6;0.855948430755861;0.253871533440154;0.504521611986576;0.569159568186813;0.570719595184118;0.6;0.6;1.21043971879895;1.66253719714456;1.62758052554738;1.70755555019087;1.7585542538407;1.8
1.36105578912787;1.39208855074225;1.4;1.4;1.4;1.4;1.4;1.4;1.4;1.4;1.24290749424845;0.389810773764924;0.819184700123197;1.4;0.56145477482592;0.302051091560114;0.672697583618285;0.661924399733679;0.599967870571315;0.957620917325774;0.607307746693515;0.916775746091742;1.4;1.4;1.39043218880764;0.477650447001598;0.56677060163544;0.6;0.368113118923778;0.621907240441476;1.63881136955901;1.25113332115817;1.82007581474315;1.61169164347287;1.26641776708265;0.818250888214836;1.0189414639681;1.4;0.752476719181053;0.472636212489714;0.19382443572884;0.163837127411987;0.259370479698848;0.580720796082076;1.48212666003962;1.6685369753347;1.6;1.6;1.66732354014809;1.79821163286014
1.3650956956029;1.4;1.4;1.4;1.4;1.4;1.4;1.4;1.4;1.4;1.39557386982476;0.994649358128182;0.832808729548711;1.03674467370603;0.340784713594729;1.37617792105621;1.190154976862;0.626469976970553;0.838158467803895;0.794927191362812;0.6;0.863104048284184;1.4;1.4;1.48991766652305;0.383401366820476;0.595252709061255;0.562552758550664;0.230872898604559;1.03367593553103;1.89406399617913;1.61128381183786;1.96;1.95766213055898;1.67048141404331;1.4;1.4;1.35700462189646;0.726094406323215;0.588053390343288;0.368383675126305;0.0916660832915705;0.0869127310659192;0.252422286824571;1.47466395816039;1.62835798917059;1.6;1.6;1.61840923073956;1.71742963589534
1.36462074144054;1.39176502825005;1.4;1.4;1.4;1.4;1.4;1.4;1.4;1.4;1.4;1.38340775837414;0.741326282700896;0.292288305312493;1.11352189725746;1.4;1.4;1.4;1.39368022592881;0.810831732593048;0.6;0.938573816329241;1.25925278023153;0.86226461537013;0.341070417821925;0.259173249622868;0.19500586345135;0.114806242834801;0.396418415852379;1.01677660256393;1.82926905829594;1.905386732776;1.68184235055394;1.12056375906692;1.86224329849439;1.43318196905564;1.4;1.36363813534412;0.909808362015937;1.05102271682091;0.788606754768591;0.919939827005845;1.10432046150914;0.15666895853852;1.65036648646474;1.6555410058999;1.6016191305357;1.60238972644561;1.69033876701128;1.76740345167276
1.36;1.36200289068787;1.38724310450324;1.4;1.4;1.4;1.4;1.4;1.4;1.4;1.4;1.4;1.18566574285794;0.197752069165598;0.829038957960877;0.820436179463769;1.4;1.4;1.09068663755928;0.668267141735181;0.725570504003484;1.03160117165827;1.02197133321031;0.127910930008211;0.119148524359979;0.12;0.306480571116097;0.195036443071232;0.902273750921559;0.978011828113167;1.11584517478488;1.28170693381716;1.34150866425216;1.40061445642892;1.96;1.82850049668145;1.46451938539326;0.925464220868788;0.669647281181258;1.2852603598347;1.28;1.28;1.28;1.00280604838625;1.45556049100487;1.51088090753384;1.6905912435293;1.74212551399894;1.77428809568851;1.70912366371407
1.36;1.36;1.37169168004356;1.4;1.4;1.4;1.4;1.4;1.4;1.4;1.4;1.4;1.4;1.11014160956691;1.02699113706067;0.259050008773048;1.14453878007382;1.01571790353901;0.997018124848618;0.96;0.924932862380869;0.138198426171112;0.11048591541396;0.106013314556767;0.12;0.205173087755141;0.883315656289757;0.942434529116841;0.96;0.96;0.96;1.31113734710935;1.90513025923283;1.6639675401493;1.96;1.96;1.88967378714503;1.01126454766655;1.0526306280933;1.28;1.28;1.28;1.28;1.28;1.28;1.43075364920768;1.75055699444838;1.8;1.8;1.74595424682743
1.36;1.36;1.37485123065224;1.29869022885251;1.4;1.4;1.4;1.4;1.4;1.4;1.4;1.4;1.4;0.774172750485337;0.280387096399069;0.936555839896301;0.561313046848512;0.547222143512416;0.96;0.96;0.66032518772913;0.120076587632546;0.12;0.12;0.12;0.243251010773798;0.705749126874705;0.798688290500358;0.96;0.96;0.96;1.25795427296;1.84560033454952;1.38185236511212;1.91922269831835;0.811877909860636;1.56826696510014;1.92590797482051;1.51499803935382;1.28;1.28;1.28;1.28;1.28;1.28;1.28;1.43138342815763;1.67230745682367;1.41920757949334;1.8
1.36;1.36;1.05065180960133;0.202186756112903;1.17996391654371;1.23737517353933;0.960983024314408;1.4;1.4;1.4;1.4;1.4;1.4;0.988555135700098;0.12;0.1496479320113;0.579962942824424;1.00385386867914;0.96;0.96;0.41880265957762;0.12;0.12;0.12;0.12;0.12;0.12;0.299859888197972;0.6976506750489;0.96;0.96;1.33896357878097;1.96;0.732119661974645;1.63138194163822;0.212020627554372;1.59055654295458;1.96;1.9454232490514;1.61604953235206;1.28;1.28;1.28;1.28;1.28;1.31198484184556;1.60055840276512;1.17547633540599;0.18873905404212;0.899797462088412
1.36;1.36;0.874118089666867;0.407497296843568;1.38852050756235;0.928989335702964;0.556439671609288;1.14466152920409;1.31105323611822;1.37951198993965;1.36926460257886;1.4;1.21563894267613;0.92695743175568;0.413756056845598;0.796031095730646;1.00098101436559;0.96;0.96;0.869539906880932;0.533645918178736;0.968919150391873;1.26848222234361;0.913134383450989;0.12;0.12;0.12;0.394785818689596;0.39702553304298;0.554479115458414;0.64824911319994;1.22433566041427;1.75537974247395;0.366383894272987;0.128711337954764;0.192588436370261;0.612698955067108;1.72654096287056;1.96;1.41492116267887;1.72123480905947;1.28;1.28;1.28;1.28;1.4436202465837;1.8;1.77895377747768;1.104935357138;0.286234309857543
1.36;1.36;1.04961976240128;0.374435002887581;1.19685127737404;0.75311886228074;0.12;0.365191859011665;0.335873512115313;0.922657801402117;1.02516907872395;1.35682625850595;1.19886511298408;0.96;1.46282704674382;1.72992871977442;1.49453200508231;1.60638264267468;1.18690321918522;0.389112034471128;1.22275992031715;1.96;1.96;0.779290782807707;0.12;0.12;0.12;0.467274492254887;0.333820340100521;0.12;0.519231049842713;0.518292933273828;1.33384806442804;0.441646493146638;0.12;0.12;0.146397514431284;1.6039960667887;1.75302510846041;0.349436490324304;1.07926276869325;1.28;1.28;1.28;1.28;1.28;0.741312619219008;0.66765546554343;0.900348443850411;0.320001437944005
1.36;1.36;0.971919416833869;0.86470959687381;1.08939057851494;0.486096156879636;0.12;0.447744253645946;0.761028831997252;0.96;1.53134129914462;1.89799315246761;1.86156137281563;0.96;1.69104318094207;1.95707836576895;1.64892048026002;1.60534235772985;0.601437241660407;0.273504963952249;1.72005305104194;1.96;1.90748635683101;0.302477490968502;0.12;0.12;0.12;0.124864117485013;0.12;0.12;0.148660542957839;0.526964742483077;1.66806793670343;0.12;0.12;0.12;0.12;0.644164586244728;0.401061889601336;1.12972189480923;1.80607009469882;1.33741037834929;1.28;1.28;1.28;1.28;0.980628458427012;0.429015193787567;0.689331601166687;0.900983385377695
1.15227312844261;1.09466967005217;0.273074000101072;0.153813908451677;0.357885439794045;0.233014778195035;0.212263681589572;0.12;0.557016669400642;1.02395709284572;1.57032300090149;1.64904624185244;1.95755152605516;0.979115278193494;1.06248613363449;1.45001500516216;1.54556470806744;0.96;0.140236286708526;0.637772364666699;1.51632470481785;1.96;1.96;0.341100447965358;0.12;0.12;0.12;0.12;0.12;0.12;0.12;0.565287203630294;0.865090853140009;0.12;0.12;0.12;0.542637613103702;1.77546941734439;0.203057385626906;0.68611465284884;1.63478982530095;1.66109851443241;1.30832586851497;1.28;1.28;1.28;1.28;0.53660973747416;0.236185299866176;0.915843295856108
1.10696865870809;1.45370552406594;0.603684679797343;0.145932208700251;0.384558002749774;0.411336293965466;0.40986242348262;0.172229108267175;0.512408605552442;0.96;0.96;0.993884579071975;1.29453717662058;1.30707723260382;0.96;1.18969032039285;0.96;0.890122086442565;0.185692560114206;0.17098521141106;0.559062750535689;1.30458828683253;1.96;1.41973440170292;0.832417050122004;0.12;0.12;0.20372964702465;0.210984841440854;0.12;0.12;0.816640153086325;0.602033333528071;0.385976845534332;0.347740872182628;0.294857667232526;1.80439019707814;1.09800812720511;0.12;0.505521530035604;1.25528327867115;1.91565297022891;1.43544102739921;1.28;1.28;1.28;0.853886752943858;0.0800100180997068;0.228004478280212;1.12591846709483
1.6303763026409;1.74398835811941;1.57309906415502;0.377717459199732;0.448508719202369;0.620430798987415;0.68125194151025;0.531753556907089;0.89336753027707;0.96;0.96;0.96;0.96;0.96;0.96;0.96;0.956330248554834;0.449282589176449;0.207733906963384;0.735676601411724;0.96;1.01565379395848;1.95268502711006;1.96;1.71897444174143;0.182807994339031;0.122380039370354;0.46430480014691;0.420969804594361;0.12;0.741530665026141;0.523257408490483;0.219588136381159;0.544059923342166;0.258584523558229;0.930560136833598;1.17373418279807;0.914472690934742;0.604803318054846;0.489165398895124;1.78161153983009;1.45718518065473;1.28;1.28;1.28;1.28;1.2531895446647;0.435092538162388;1.09650444757998;1.02334920898357
1.10181584253496;1;1.06347417227681;0.62527638175499;0.837956768898213;0.96;0.595713050096;0.797643889195047;0.96;0.96;0.96;0.96;0.960766929354256;1.57697164216195;1.73644272880745;1.35180505365684;0.967640598866848;0.476348386863563;0.706707904998219;0.96;0.96;1.28861920855638;1.71651483919099;1.96;1.91835621961844;0.552561378075843;0.12;0.907764143436821;0.136038124055788;0.336154778934429;0.921191555146206;0.96;0.761596171488758;0.307793352868701;0.462496169776738;0.96;0.771572079837051;0.929800130828843;0.87251980269069;0.344736719943321;1.21481862663058;1.32242784946543;1.28;1.28;1.28;1.28;1.28;1.26663315288429;1.04306757008982;0.814775719612011
1.23419908466117;1.02213958476218;1.00098318707447;0.736513853273505;0.96;0.96;0.96;0.96;0.96;0.96;0.986877575227367;1.02772274262265;1.1345580030095;1.88817065870045;1.85347846435399;1.95168666959032;1.20695233749357;0.581226674492843;0.96;0.96;1.42080214729344;1.9226487485903;1.96;1.96;1.92940237881239;0.455519546716479;0.12;0.690949365905422;0.931009688722404;0.843373132699654;0.96;0.96;0.849063834006574;0.374151561358669;0.558542159680836;0.838254617215635;0.180497630685786;0.170750504865713;0.275898425333851;0.262141238967333;1.21721327424766;1.39680003469215;1.28;1.28;1.28;1.28;1.28;1.07893846811455;0.107319080072691;0.11615609701916
1.91031105393549;1.43145911958144;1.28914688947611;1.05201166471765;0.96;0.96;0.96;0.96;0.96;0.96;1.32506296971463;1.82694707100482;1.90093298369802;1.81506869275374;1.23611923076332;1.04869154119515;0.96;0.856934310927797;0.96;0.959696704747928;1.3553891619714;1.8193938201076;1.96;1.96;1.96;1.04404029763767;0.616222482602313;0.151419700841272;0.145025253796019;0.12;0.307967535419375;0.96;0.96;0.903829841376932;1.09721306607426;0.654555978092049;0.29399063333743;0.12;0.12;0.12;1.24267733553864;1.78503956694091;1.65659843910659;1.28;1.28;1.28;0.887903907463886;0.933667807014548;0.271274114343867;0.121417368623433
1.92920359037468;1.93865528773997;1.17578911990502;1.12510901090585;0.96;0.96;0.96;0.96;0.96;0.96;1.125911751275;1.68891760406839;1.96;1.61210761248886;1.60750015640493;1.07637991630864;0.96;0.96;0.650756923119447;0.560921730851777;0.938266894385847;1.02963584031056;1.95653597823907;1.82845217158778;1.96;1.94326542097694;0.54208782958684;1.04668929439102;0.27375714696598;1.27322488625553;0.836899975923111;0.958125752020284;0.967639831764602;1.31423285571095;1.45755878239103;1.52852363237615;1.544379578144;0.121326626661327;0.12;0.12;0.490755751606596;1.86321367679447;1.84056720455364;1.28;1.28;1.20119922705371;0.139942225980307;0.162244282612397;0.492652841178304;0.153803718260489
1.95469957442136;1.96;1.38177302849054;1.40533222733298;0.96;0.96;0.96;0.96;0.96;0.96;0.96;1.36273580018696;1.95641144258436;1.87418031458626;1.01083074530209;0.995609431230905;0.96;0.867969026449629;0.241167222751887;0.876623031580221;0.472900017525843;0.834870353332695;1.43199918797097;0.990768791168998;1.2319061969841;0.935042807702629;0.12;1.17083128109053;1.87924529252809;1.88076402291453;1.6288047256963;1.10958529411479;1.55083004365326;1.95063309415332;1.62750126476972;1.34526439192976;1.14546813793948;0.139931423257947;0.12;0.12;0.12;1.23548984649478;0.87594962055324;0.291132955887204;0.737303361152693;0.990174119651256;0.764670395840961;0.0719633343543929;0.130706784064669;0.699262263334055
1.78212355831035;1.96;1.89491000344465;1.70262187353478;0.96943290181458;0.96;0.96;0.96;0.96;0.96;0.986425256575298;1.72616284758508;1.96;1.70664565363526;0.96;0.96;0.96;0.417011343880157;0.446941083634709;0.955162781563802;0.375644227622366;0.7794552801626;0.96;0.96;0.96;0.562099806254459;4.73593728516999;1.67981045935664;1.77411797139073;1.40545394075034;1.27780333452709;1.89011792778086;1.74479129678078;1.43474636172585;0.55152870821261;0.939627314988617;0.813201244065659;1.00592351672901;0.732851999341873;0.140197656347826;0.12;0.131875905325662;0.0961567229026124;0.488125701271499;1.21911636580305;1.35091474935506;2.45950111168792;0.960421670421561;0.436955470540315;0.893240610676771
1.21792693998896;1.61786092900649;1.8754194030778;1.96;1.11736636764281;0.96;0.96;0.96;0.96;1.12854264842605;1.78147453400466;1.93914004412681;1.58246621830738;1.27391692845705;0.96;0.96;0.96;0.66925249235591;0.374895816339087;0.96;0.96;0.96;0.96;0.96;0.86064555377802;13.4335359329792;37.9485632721276;1.55737935087113;1.25663886928893;0.96;1.43502487951657;1.73937338237651;1.11812417519627;0.96;0.82637272089703;0.164675680711217;0.171997164733828;1.06892421323337;1.28323648333731;0.216844074999141;0.12;0.12;0.0953361190033145;0.133979263130636;0.21764161384115;0.871083026881581;2.40463474593192;1.42573834370891;0.0942020417452583;0.04
0.963050865661764;0.96;1.12552187204133;1.53258458602359;1.24765454959743;0.96;0.96;0.96;0.96;1.46414553554219;1.91398364717839;1.59171201590827;0.96;0.96;0.96;0.96;0.96;0.637356912575409;0.490101017594612;0.96;0.96;0.96;0.96;0.881192947912774;4.44151589301997;42.2173792527156;2.94412047823454;0.977316462020513;1.00398024952707;0.994681557775682;1.67627144391302;1.34918638968016;0.96;0.96;0.746519002096893;0.196685973221442;0.12;0.134831775953787;0.143663928498616;0.12;0.12;0.12;0.0888401363931952;0.08;0.161328549081553;0.575401038422808;1.45424661021213;0.2;0.399155034046596;0.244116412115819
0.407533159445962;0.783393072865197;0.933653567173764;0.96;0.96;0.96;0.96;0.96;0.96;0.974264792586214;0.960025577528868;1.10350836195866;0.96;0.96;0.96;0.96;0.945249455802888;0.82508268705796;0.96;1.0060251874342;9.72433639382879;37.3704215765833;40.5112323350534;2.7365284688564;34.7586735645173;42.3367610573011;6.83389303015437;0.96;1.19313166287988;1.77434241436333;1.96;1.42209512297868;0.96;0.96;0.850727736746556;0.29209297839113;0.215779597032154;0.12;0.12;0.12;0.12;0.12;0.0988814368645663;0.142974318448711;0.430152006816059;2.16494406288704;1.91115496591396;0.2;2.6658631433382;1.06336139147018
1.59495864608341;0.96613489436068;0.4265402553532;0.516718784499473;0.870834556585212;0.96;0.96;0.96;0.96;0.96;0.96;0.96;0.96;0.587259343369964;0.557143946196558;0.640070028611645;0.73932141932752;0.667966623867345;0.628715898983041;0.739582547912735;3.65316690588253;20.0601323192391;52.6449895251711;26.301923602112;58.8469183948729;56.3662436697004;9.99985688640638;0.96;0.987090661899928;1.61701216382254;1.95860322068574;1.88864658815941;1.23478823928623;0.96;0.96;0.941567247097843;0.393669199243413;0.12;0.12;0.12;0.12;0.12;0.176694756513648;0.2;0.717045384667244;2.83658927318184;2.43724317793464;0.939613022111086;2.63219022031499;2.56045266705899
1.63863191700239;1.48006547164246;1.40875695727747;1.32692092150189;0.921634777285625;0.472774869816087;0.603273413130376;0.733435052182567;0.777911779046059;0.624572772372141;0.504584175975248;0.56183403856731;0.64482853339836;1.26367051491898;1.48;1.48;1.48;1.48;1.48;1.48;0.776692618484873;1.46436383998219;11.6510885472113;59.36;24.6944348062426;6.48427670665272;0.96;0.96;0.96;0.96;1.2339754690502;1.10120195318013;0.968398697378834;0.96;0.96;0.96;0.300222599836153;0.12;0.12;0.12;0.12;0.12;0.160192550783211;0.193753183116482;0.727741938366937;1.87104679343775;2.68523123033727;1.1065902871298;2.84;2.63491615816923
1.64;1.49662568065487;1.48;1.48;1.48;1.33857695712804;1.27861327645835;0.772482934990306;1.01160326394015;1.24800406754212;1.45263271209453;1.48;1.48;1.48;1.48;1.48;1.48;1.48;1.48;1.48;1.06650525754221;1.17912257256108;2.8597598367129;59.36;20.7367796354508;0.96;0.96;0.96;0.96;0.96;0.96;0.96;0.96;0.949372486733516;0.74273136986555;0.663613965873689;0.16071089797064;0.247912180410794;0.12;0.12;0.12;0.12;0.120209142783827;0.352689543110504;2.87581417495734;2.82514183897928;1.94174250740553;2.64638278067727;2.8314161133447;2.38606224409378
1.6280789519914;1.49616752024596;1.48;1.48;1.48;1.48;1.48;1.48;1.48;1.48;1.48;1.48;1.48;1.48;1.48;1.48;1.48;1.48;1.48;1.48;1.48;0.712497133060979;1.44253595509694;38.5709664125197;50.4359072878941;11.7415342845993;0.96;0.96;0.96;0.96;0.96;0.96;0.96;0.96;0.445365905555776;0.14109359355653;0.12;0.709440475217418;0.542377141910559;0.121420139090744;0.12;0.12;0.12;0.191962666450534;3.14645752434968;3.2;1.58872102187708;0.544778014516551;1.35502950591683;0.528426469648257
1.51019970222773;1.48;1.48;1.48;1.48;1.48;1.48;1.48;1.48;1.48;1.48;1.48;1.48;1.48;1.48;1.48;1.48;1.48;1.48;1.48;1.48;0.933046140237601;0.930225224963278;25.8544792879357;57.8614511600664;38.1959988707607;24.9028676986371;0.96;0.96;0.96;0.96;0.96;0.962790085383265;1.18199558018031;0.300996054248229;0.12;0.147062002195467;0.576396187826172;0.951753180155593;0.588127705836875;0.136594337357699;0.12;0.13207476243142;0.194898028294114;2.30248374633802;3.2;2.34538519884435;0.2;0.2;2.28853828476056
1.44;1.47898750190372;1.48;1.48;1.48;1.48;1.48;1.48;1.48;1.48;1.48;1.48;1.48;1.48;1.48;1.48;1.48;1.48;1.48;1.48;1.45299873100546;0.942136396578318;0.896494540005443;39.0859701540284;50.6922821327193;38.9029375879997;16.4486907229777;0.96;0.96;0.96;0.96;0.96;1.27745453354759;1.96;1.24571334813742;0.819613109814236;0.873866501911404;0.779711398314245;0.96;0.374025157063789;0.12;0.12;0.400431244544319;2.06829612153143;0.583253309883795;1.40569937239976;0.244302055842398;0.2;0.47213947828895;2.92153304134973
