0.04;0.04;0.04;0.04;0.04;0.04;0.04;0.04;0.04;0.04;0.04;0.104604737522476;0.490820381142243;0.761795889670961;0.808140289934607;0.84;0.84;0.637501086244942;0.456612472433661;0.84;0.84;0.84;0.84;0.84;0.84;0.84;0.84;0.84;0.623781352639105;0.4;0.4;0.4;0.4;0.4;0.4;0.4;0.385846388681419;0.32;0.32;0.32;0.32;0.32;0.32;0.32;0.32;0.32;0.32;0.32;0.267389128980879;0.04
0.04;0.04;0.04;0.04;0.04;0.04;0.04;0.04;0.04;0.04;0.04;0.04;0.04;0.04;0.215065401291613;0.422479541550288;0.84;0.098989138248149;0.103510504257865;0.84;0.84;0.84;0.84;0.84;0.84;0.84;0.84;0.84;0.559913346578326;0.4;0.4;0.4;0.4;0.4;0.362175666861429;0.369269352462957;0.376117114295714;0.32;0.32;0.32;0.32;0.32;0.32;0.32;0.32;0.32;0.32;0.32;0.226092978732319;0.04
0.04;0.04;0.04;0.04;0.04;0.04;0.04;0.04;0.04;0.04;0.04;0.170603652840329;0.228986008384189;0.04;0.04;0.18295920218163;0.22919954307868;0.0454893503011248;0.0471053360123187;0.84;0.84;0.84;0.84;0.84;0.84;0.84;0.84;0.79790933317995;0.444612372579626;0.4;0.4;0.4;0.4;0.379911475938061;0.32;0.32;0.32;0.32;0.32;0.32;0.32;0.32;0.32;0.32;0.32;0.32;0.32;0.32;0.312780046368623;0.04
0.04;0.04;0.04;0.04;0.04;0.04;0.04;0.04;0.04;0.0649280090680332;0.561221568992368;0.778672581097553;0.495966257334826;0.027811572811748;0.04;0.04;0.04;0.04;0.04;0.620354344458867;0.793508136083605;0.433636225614197;0.400759614298995;0.357909239723956;0.593960114014316;0.84;0.748295664050542;0.444254399361083;0.390633163844217;0.367985349743639;0.393390389665479;0.4;0.4;0.369412763775926;0.32;0.32;0.32;0.32;0.32;0.32;0.32;0.32;0.32;0.32;0.32;0.32;0.32;0.32;0.32;0.152854946756507
0.04;0.04;0.04;0.04;0.04;0.04;0.04;0.04;0.04;0.054889118849969;0.17189679268375;0.470083246840176;0.565169723372441;0.0164581847464666;0.04;0.04;0.04;0.04;0.04;0.514458450483682;0.831191354935989;0.04;0.04;0.04;0.658008896044561;0.743335457194131;0.459551818439706;0.4;0.368509239732582;0.32;0.32950254083797;0.357804939378886;0.387400993133705;0.371843226208822;0.32;0.32;0.32;0.32;0.32;0.32;0.32;0.32;0.32;0.32;0.32;0.32;0.32;0.32;0.32;0.155896553194436
0.04;0.04;0.04;0.04;0.04;0.04;0.04;0.04;0.04;0.0113253058774256;0;0.477551242964305;0.451040030722327;0.0131643310704734;0.04;0.04;0.04;0.04;0.04;0.308056947876699;0.595173067049479;0.0430257843547931;0.04;0.04;0.319009499907355;0.310311385616113;0.390669138938095;0.383870978945492;0.322149101931858;0.32;0.32;0.32;0.325320383474691;0.344872669698189;0.32;0.32;0.32;0.32;0.32;0.32;0.32;0.32;0.32;0.32;0.32;0.32;0.32;0.32;0.32;0.138046682230328
0.04;0.04;0.04;0.04;0.04;0.04;0.04;0.04;0.04;0.0350518601564425;0.0157168492166325;0.0495278823007457;0.0164817550574283;0.00987054468402639;0.04;0.04;0.04;0.04;0.04;0.216390059134525;0.595510041397197;0.0714593747533416;0.04;0.04;0.04;0.218204668620278;0.348847170569961;0.331261449028625;0.32;0.32;0.32;0.32;0.32;0.32;0.32;0.32;0.32;0.32;0.32;0.32;0.32;0.32;0.32;0.32;0.32;0.32;0.32;0.32;0.32;0.312246726260582
0.04;0.04;0.04;0.04;0.04;0.04;0.0240345667457674;0.020233435247466;0.0311952031663484;0.04;0.0365280841141944;0.00170144612602107;0;0.00657682558782399;0.04;0.04;0.04;0.04;0.04;0.04;0.534817241832143;0.202037480417639;0.04;0.04;0.04;0.104145778818103;0.300134457916864;0.32;0.32;0.32;0.32;0.32;0.32;0.32;0.32;0.32;0.32;0.32;0.32;0.32;0.32;0.32;0.32;0.32;0.32;0.32;0.32;0.32;0.32;0.32
0.0254151600037875;0.04;0.0391603105161339;0.0355140549497213;0.0317733632970136;0.0280343473962042;0.000981737049699524;0;0.006400034303125;0.04;0.04;0.0115082870743023;0;0.00450555512883385;0.04;0.04;0.04;0.04;0.04;0.04;0.0829643408943848;0.088780285456569;0.04;0.0315591544249156;0.04;0.163025589993042;0.082807841905297;0.121123904270185;0.239863711992756;0.32;0.32;0.32;0.32;0.32;0.32;0.32;0.32;0.32;0.32;0.32;0.32;0.32;0.32;0.32;0.32;0.32;0.32;0.32;0.32;0.32
0;0.00298946703456666;0.00016183907110244;0;0;0;0;0;0.00309903967212886;0.04;0.04;0.0267671245122794;0;0.0199077911019165;0.04;0.04;0.04;0.04;0.04;0.04;0.04;0.04;0.0306998471447955;0.0141508368785948;0.0397993316543365;0.0904781321754311;0.04;0.04;0.114801105264341;0.32;0.32;0.32;0.32;0.32;0.32;0.32;0.32;0.32;0.32;0.32;0.32;0.32;0.32;0.32;0.32;0.32;0.32;0.32;0.32;0.32
0;0;0;0;0;0;0;0;0.000253813622856969;0.0278645055209122;0.04;0.0300636057283264;0.0137426930970549;0.0379662844341463;0.04;0.04;0.04;0.04;0.04;0.04;0.04;0.0391260500004408;0.0114584625049532;0.000136639441053001;0.0302953505183465;0.039351704567607;0.04;0.04;0.211650442082862;0.32;0.32;0.32;0.32;0.32;0.32;0.32;0.32;0.32;0.32;0.32;0.32;0.32;0.32;0.32;0.32;0.32;0.32;0.32;0.32;0.32
0;0;0;0;0;0;0;0;0;0.0161678333752282;0.04;0.0390001318396398;0.0390525026756919;0.04;0.04;0.04;0.04;0.04;0.04;0.04;0.04;0.0194745623638137;0;0;0;0.0116455737472804;0.0275497165939215;0.04;0.197159894978395;0.32;0.32;0.32;0.32;0.32;0.32;0.32;0.32;0.32;0.32;0.32;0.32;0.32;0.32;0.32;0.32;0.32;0.32;0.32;0.32;0.32
0;0;0;0;0;0;0;0;0;0;0.0102370529153755;0.0340641782267543;0.04;0.04;0.04;0.04;0.04;0.04;0.04;0.04;0.0306399314918347;0.000949119151687177;0;0;0;0.00155348261822726;0.0341184454489809;0.118906537332549;0.303539086353096;0.32;0.32;0.32;0.32;0.32;0.32;0.32;0.32;0.32;0.32;0.32;0.32;0.32;0.32;0.32;0.32;0.32;0.32;0.32;0.32;0.32
0.0677579562873733;0;0;0;0;0;0;0;0;0;0;0.00294117787033319;0.0154262537412833;0.04;0.04;0.04;0.04;0.04;0.04;0.0394075731688219;0.0282901386295272;0.0462039702196252;0;0;0;0.00996685643524731;0.04;0.164472200396179;0.32;0.32;0.32;0.32;0.263100885316646;0.254712205414501;0.32;0.319762034379441;0.32;0.32;0.32;0.32;0.32;0.32;0.32;0.32;0.32;0.32;0.32;0.32;0.32;0.32
0.239621607504807;0.197860624297333;0;0;0;0;0;0;0;0;0;0;0.0100797866801296;0.0303189107207818;0.04;0.04;0.04;0.04;0.04;0.0265659721999468;0.0649219434048987;0.205692323257588;0;0;0;0.01991368477804;0.04;0.116592584702605;0.32;0.32;0.312151553474484;0.210802534627687;0.062890144653528;0.0495800521084465;0.0523196149909403;0.218636717184906;0.31914722913611;0.32;0.32;0.32;0.32;0.32;0.32;0.32;0.32;0.32;0.32;0.32;0.32;0.32
0.24;0.239762150960997;0.161535892395347;0;0;0;0;0;0;0;0;0;0;0.133221076727098;0.116662815904322;0.04;0.04;0.04;0.0320224385306654;0.0211204178126634;0.237615205603672;0.228661604187917;0;0.0962270335332241;0.0874193658488193;0.0136424211421516;0.04;0.0503481502208773;0.174162840409158;0.183898879997944;0.162380952834565;0.158302549372148;0.04;0.04;0.04;0.04;0.295414484495716;0.32;0.32;0.32;0.32;0.32;0.32;0.32;0.32;0.32;0.32;0.32;0.32;0.316409920150623
0.24;0.24;0.238512442373671;0.0724725138455821;0.157534146152996;0.0530694030119742;0.0315247723691315;0.0169771296660672;0.0075149781011045;0.0336469931607135;0.0597672752130777;0.0858758242317941;0.111972640195023;0.265048158296076;0.277331885247233;0.138227542438406;0.105350776855089;0.127669191412628;0.193971857838327;0.28;0.28;0.27192603545889;0.233209186396562;0.273142900139896;0.28;0.232791432640918;0.0445247362426482;0.04;0.04;0.0400713670521325;0.04;0.04;0.04;0.04;0.04;0.0441302668001673;0.277968364586992;0.32;0.32;0.32;0.32;0.32;0.32;0.32;0.32;0.32;0.32;0.32;0.32;0.32
0.24;0.24;0.195006513501254;0.119899832604245;0.196138750909221;0.0240999614501475;0.0694031392504927;0.265385413703005;0.28;0.28;0.28;0.28;0.28;0.28;0.28;0.28;0.28;0.28;0.28;0.28;0.28;0.28;0.28;0.28;0.28;0.28;0.0637847782315686;0.154252008914665;0.28701437851442;0.220611937980305;0.0904891019026375;0.04;0.04;0.0417019003347385;0.161315140044643;0.216558869972746;0.32;0.32;0.32;0.32;0.32;0.32;0.32;0.32;0.32;0.32;0.32;0.32;0.32;0.32
0.24;0.24;0.161700696051121;0.102399992961966;0.0983644115113987;0.00430494381533864;0.187578113727986;0.28;0.28;0.28;0.28;0.28;0.28;0.28;0.28;0.28;0.28;0.28;0.28;0.28;0.28;0.28;0.28;0.28;0.28;0.28;0.161814079763042;0.183751005574658;0.208306084503506;0.129617983371156;0.141295718765558;0.12134396525347;0.248714322434599;0.274565818818193;0.32;0.32;0.32;0.32;0.32;0.32;0.32;0.32;0.32;0.32;0.32;0.32;0.32;0.32;0.32;0.32
0.24;0.24;0.206672969397914;0.217706696341109;0.24;0.192815111104974;0.28;0.28;0.28;0.28;0.28;0.28;0.28;0.28;0.28;0.28;0.28;0.28;0.28;0.28;0.28;0.28;0.28;0.28;0.28;0.28;0.28;0.142006887020011;0.04;0.04;0.149516945844246;0.32;0.32;0.32;0.32;0.32;0.32;0.32;0.32;0.32;0.32;0.32;0.32;0.32;0.32;0.32;0.32;0.32;0.32;0.32
0.24;0.24;0.24;0.24;0.24;0.256611297559924;0.28;0.28;0.28;0.28;0.28;0.28;0.28;0.28;0.28;0.28;0.28;0.28;0.28;0.28;0.28;0.28;0.28;0.28;0.28;0.28;0.28;0.224644477040556;0.0523840180942737;0.04;0.31362169644826;0.32;0.32;0.32;0.32;0.32;0.32;0.32;0.32;0.32;0.32;0.32;0.32;0.32;0.32;0.32;0.32;0.32;0.32;0.32
0.24;0.24;0.24;0.24;0.241304736948122;0.268031087414875;0.28;0.28;0.28;0.28;0.28;0.28;0.28;0.28;0.28;0.28;0.28;0.28;0.28;0.28;0.28;0.28;0.28;0.28;0.28;0.28;0.28;0.28;0.101587117174827;0.04;0.0981109277249871;0.249459851434725;0.32;0.32;0.32;0.32;0.32;0.32;0.32;0.32;0.32;0.32;0.32;0.32;0.32;0.32;0.32;0.32;0.32;0.32
0.24;0.24;0.24;0.240103620058032;0.259493538964196;0.28;0.28;0.28;0.28;0.28;0.28;0.28;0.28;0.28;0.28;0.28;0.28;0.28;0.28;0.28;0.28;0.28;0.28;0.28;0.28;0.28;0.28;0.28;0.224155100884441;0.04;0.04;0.282971720299739;0.32;0.32;0.32;0.31935650234092;0.313180667422432;0.313006721703238;0.32;0.32;0.32;0.32;0.32;0.32;0.32;0.32;0.32;0.32;0.32;0.32
0.24;0.24;0.24;0.250710865313063;0.28;0.28;0.28;0.28;0.28;0.28;0.28;0.28;0.28;0.28;0.28;0.28;0.28;0.28;0.28;0.28;0.28;0.28;0.28;0.28;0.28;0.28;0.28;0.28;0.140975090975075;0.04;0.04;0.145698964396631;0.3117680787923;0.275136816387063;0.248198081796803;0.241331157216895;0.24;0.249889545638994;0.258696343058534;0.25132929109754;0.250450602876567;0.30345630245431;0.317840807040726;0.32;0.32;0.32;0.32;0.32;0.32;0.32
0.24;0.24;0.245401746540781;0.27755633948577;0.28;0.28;0.28;0.28;0.28;0.28;0.28;0.28;0.28;0.28;0.28;0.28;0.28;0.28;0.28;0.28;0.28;0.28;0.28;0.28;0.28;0.28;0.28;0.28;0.139034396353317;0.04;0.039684608629736;0.0619380307307572;0.226750964602389;0.24;0.24;0.24;0.24;0.24;0.24;0.24;0.24;0.24;0.27211598860279;0.32;0.32;0.32;0.32;0.32;0.32;0.32
0.248776508194441;0.265067271143983;0.277114618963677;0.28;0.28;0.28;0.28;0.28;0.28;0.28;0.28;0.28;0.28;0.28;0.28;0.28;0.28;0.28;0.28;0.28;0.28;0.28;0.28;0.28;0.28;0.266273908241931;0.200623614286133;0.244592297685713;0.151526874410408;0.039619145621499;0.0251830956479471;0;0.105326892444068;0.24;0.24;0.24;0.24;0.24;0.24;0.24;0.24;0.24;0.252069868023694;0.32;0.32;0.32;0.32;0.32;0.32;0.32
0.28;0.28;0.28;0.28;0.28;0.28;0.28;0.28;0.28;0.28;0.28;0.28;0.28;0.28;0.28;0.28;0.28;0.28;0.28;0.28;0.28;0.28;0.28;0.28;0.270160838237065;0;0;0.097655000203798;0.213169977943797;0.0219377180755608;0.000276692551794115;0.0124922469131775;0.0739442261125781;0.24;0.24;0.24;0.24;0.24;0.24;0.24;0.24;0.24;0.245039379268027;0.314102328413242;0.32;0.32;0.32;0.32;0.32;0.32
0.28;0.28;0.28;0.28;0.28;0.28;0.28;0.28;0.28;0.28;0.28;0.28;0.28;0.28;0.28;0.28;0.28;0.28;0.28;0.28;0.28;0.28;0.28;0.28;0.28;0.00326085063568316;0;0;0.0240092429045953;0;0.00233883925455315;0.183717666876418;0.208844693602128;0.24;0.24;0.24;0.24;0.24;0.24;0.24;0.24;0.24;0.24;0.274466870279751;0.32;0.32;0.32;0.32;0.32;0.32
0.28;0.28;0.28;0.28;0.28;0.245525242855031;0.232277791501369;0.28;0.28;0.28;0.28;0.28;0.28;0.28;0.28;0.28;0.28;0.28;0.28;0.28;0.28;0.28;0.28;0.28;0.28;0.0317747869364292;0.000552553395592134;0;0;0;0.145103737129719;0.24;0.24;0.24;0.24;0.24;0.24;0.24;0.24;0.24;0.24;0.24;0.24;0.240288859451148;0.281523397051858;0.33124366257885;0.32;0.322610492024919;0.32;0.32
0.28;0.28;0.28;0.28;0.28;0.103819383521937;0.0719528390036896;0.28;0.28;0.28;0.28;0.28;0.28;0.28;0.28;0.28;0.28;0.28;0.28;0.28;0.28;0.28;0.28;0.28;0.28;0.28;0.0353726392611135;0;0;0;0.182333654543292;0.24;0.24;0.211496673791711;0.24;0.24;0.24;0.24;0.24;0.24;0.24;0.24;0.24;0.24;0.30282142920293;0.395042503379193;0.39703908143742;0.390781556317373;0.371718633996788;0.335404597235089
0.28;0.28;0.2451973983329;0.203836400477653;0.267974865123723;0.0442945858645716;0.0123059888205991;0.213884389577957;0.28;0.28;0.28;0.28;0.28;0.28;0.28;0.28;0.28;0.28;0.28;0.28;0.28;0.28;0.28;0.28;0.28;0.28;0.0970054347237872;0;0;0;0.162727288261335;0.24;0.223339187867644;0.0675256525806153;0.23995444208399;0.24;0.24;0.24;0.24;0.24;0.24;0.24;0.24;0.24;0.306469209142402;0.4;0.4;0.4;0.4;0.392882595624804
0.28;0.28;0.234930908325713;0.121937714180767;0.155513592393194;0;0.00527982008715779;0.211337160570516;0.28;0.28;0.28;0.28;0.28;0.28;0.28;0.28;0.28;0.28;0.28;0.28;0.28;0.28;0.28;0.28;0.28;0.250774654792245;0.0262432376472498;0.0221562156724484;0.0415720378799584;0.0112191273914914;0.235662834616884;0.202252047269616;0.0563625476138615;0.175885711990955;0.24;0.24;0.24;0.24;0.24;0.24;0.24;0.24;0.24;0.24;0.293484488935769;0.4;0.4;0.4;0.4;0.4
0.28;0.27494084953033;0.179026189783821;0.045055414131522;0;0;0.134252914339859;0.28;0.28;0.28;0.28;0.28;0.28;0.28;0.28;0.28;0.28;0.28;0.28;0.28;0.28;0.28;0.28;0.28;0.28;0.260126716973597;0.0749411871150792;0.184408442885328;0.258068854442482;0.0177461354449701;0.071481669902419;0.0681074586012584;0.0754235442472867;0.198192305508731;0.24;0.24;0.24;0.24;0.24;0.24;0.24;0.240309491647752;0.33216560382992;0.346876567945443;0.334558996383673;0.4;0.4;0.4;0.4;0.4
0.28;0.140827411441618;0;0;0.00153504944236743;0.0612734323791253;0.272214601300314;0.28;0.28;0.28;0.28;0.28;0.28;0.28;0.28;0.28;0.28;0.28;0.28;0.28;0.28;0.28;0.28;0.28;0.28;0.28;0.28;0.28;0.28;0.0426879032787867;0;0.184516624355487;0.24;0.24;0.24;0.24;0.24;0.24;0.24;0.24;0.24;0.306489010179974;0.4;0.4;0.4;0.4;0.4;0.4;0.4;0.4
0.153531648552819;0.0077977548624487;0;0.0537301587169263;0.15175654588584;0.162159465341568;0.28;0.28;0.28;0.28;0.28;0.28;0.28;0.28;0.28;0.28;0.28;0.28;0.28;0.28;0.28;0.28;0.28;0.28;0.28;0.28;0.28;0.254652752151204;0.0640155473250896;0.00952930235843411;0;0.172770060537736;0.24;0.24;0.24;0.24;0.24;0.24;0.24;0.24;0.24;0.363917562007214;0.4;0.4;0.4;0.4;0.4;0.4;0.4;0.4
0.0159975760025582;0;0;0.0787823288185522;0.225776606695168;0.28;0.28;0.28;0.28;0.28;0.28;0.28;0.28;0.28;0.28;0.28;0.28;0.28;0.28;0.28;0.28;0.28;0.28;0.28;0.28;0.28;0.28;0.26626286965702;0.0281630014380316;0;0;0.205220451934263;0.210518950213323;0.216181661242259;0.24;0.24;0.24;0.24;0.24;0.24;0.291591530593064;0.397481262528891;0.4;0.4;0.4;0.4;0.4;0.4;0.4;0.4
0;0;0;0.0979716135193069;0.187277504621964;0.28;0.28;0.28;0.28;0.28;0.28;0.28;0.28;0.28;0.28;0.28;0.28;0.28;0.28;0.28;0.28;0.28;0.28;0.28;0.28;0.28;0.28;0.28;0.134779111414868;0;0;0.123599623934358;0.0298989884836596;0.0890859373592396;0.24;0.24;0.24;0.24;0.24;0.24;0.352873752337198;0.4;0.4;0.4;0.4;0.4;0.4;0.4;0.4;0.4
0.0089653387946482;0;0;0.127582275699638;0.124056368159288;0.252556258990124;0.100657020268971;0.226337649991275;0.249719576276045;0.28;0.28;0.28;0.28;0.28;0.28;0.28;0.28;0.28;0.28;0.28;0.28;0.28;0.28;0.28;0.28;0.28;0.28;0.28;0.14619423974636;0;0;0;0;0.070497970127223;0.238383484722276;0.24;0.24;0.24;0.24;0.25833585863523;0.39704164944331;0.4;0.4;0.4;0.4;0.4;0.4;0.4;0.4;0.4
0.0309185999747366;0;0;0.00865883844956405;0.000944994002021849;0.0528824142637122;0.00269317311957618;0.0273665466533126;0.179824579346739;0.28;0.28;0.28;0.28;0.28;0.28;0.28;0.28;0.28;0.28;0.28;0.28;0.28;0.28;0.28;0.28;0.28;0.28;0.28;0.0755562426336159;0;0;0;0.0277053885905399;0.181695361204868;0.24;0.24;0.24;0.24;0.24;0.29407594257202;0.4;0.4;0.4;0.4;0.4;0.4;0.4;0.4;0.4;0.4
0;0;0;0;0;0;0;0.00325114593248213;0.217568449098063;0.28;0.28;0.28;0.28;0.28;0.28;0.284797547547147;0.290258491088243;0.281459726690959;0.28;0.28;0.277985781335272;0.276439049584872;0.28;0.28;0.28;0.28;0.269117759533664;0.23999510435937;0.0491603559154269;0;0;0;0.00421285061507947;0.181396309268715;0.24;0.24;0.24;0.24;0.24;0.336207919581236;0.4;0.4;0.4;0.4;0.4;0.4;0.4;0.4;0.4;0.4
0;0;0;0;0;0.0169651480203524;0.0274187471215148;0.0223278146506661;0.0197033484413678;0.223713426032288;0.276614247326878;0.28;0.28;0.28;0.280236843596645;0.311947991797226;0.32;0.293899641050493;0.29231115771065;0.315894172382588;0.0461800428278279;0.190558728718563;0.293596277980085;0.282510201244039;0.28;0.28;0.141914785855122;0;0;0;0;0;0.0728597834201146;0.24;0.24;0.24;0.24;0.24;0.24;0.341194443375804;0.4;0.4;0.4;0.4;0.4;0.4;0.4;0.4;0.4;0.4
0;0;0;0;3.54335160046928e-05;0.038377999045951;0.04;0.04;0.0261291229800106;0.0299355284148048;0.0949238252617143;0.267682980732235;0.28;0.28;0.304514120797604;0.32;0.32;0.317509988740375;0.2996552422218;0.223310844738888;0.0406295762496265;0.0480197066058767;0.151144756077575;0.291114583647731;0.314201409204444;0.317910263924487;0.247245050202463;0;0;0;0;0.00214510715896215;0.0814081693444424;0.24;0.24;0.24;0.24;0.24;0.24;0.309300637717121;0.4;0.4;0.4;0.4;0.4;0.4;0.4;0.4;0.4;0.4
0;0;0;0;0.0106614249808418;0.106167380245774;0.139104105482218;0.0596850689527295;0.0755205771051778;0.165806766683934;0.123191842168903;0.259356484539579;0.283011846175888;0.28;0.31305278303735;0.32;0.32;0.286425528036478;0.171732715453137;0.09746468465271;0.04;0.04;0.04;0.0797995714935866;0.136910721687561;0.32;0.156155217320938;0;0.00279851218970974;0.128782334827803;0.127022763494403;0.182753081582404;0.24;0.24;0.24;0.24;0.24;0.24;0.24;0.242640740291402;0.37763449523339;0.4;0.4;0.4;0.4;0.4;0.4;0.4;0.4;0.4
0;0;0;0.0193128681947178;0.0391043032794259;0.0440984408484759;0.256503833648433;0.139655925882747;0.0900391800043326;0.29591256281504;0.32;0.32;0.311556159459866;0.28669041815985;0.314029328599617;0.32;0.32;0.272275429332474;0.0713408295189161;0.04;0.04;0.04;0.04;0.04;0.0804286322241649;0.312374016120137;0.211904053990384;0.0222014032778908;0.0270104529386452;0.24;0.24;0.24;0.24;0.24;0.24;0.24;0.24;0.24;0.24;0.24;0.319749569511227;0.4;0.4;0.4;0.4;0.4;0.4;0.4;0.4;1.02034680714621
0.0054858699610351;0;0.0108891604098886;0.0384881183364016;0.04;0.115153125869035;0.319640315356895;0.203524492524434;0.164125914171104;0.314212068956598;0.32;0.32;0.32;0.316819674048918;0.32;0.32;0.32;0.32;0.283150352766649;0.0814782525349106;0.04;0.04;0.04;0.04;0.043285645745814;0.207607319367853;0.24;0.167144312656077;0.197154400508549;0.24;0.24;0.24;0.24;0.24;0.24;0.24;0.24;0.24;0.24;0.24;0.367915226901924;0.4;0.4;0.4;0.4;0.4;0.4;0.4;0.4;4.1934022304259
0;0.000233290600510742;0.035790471761108;0.04;0.0731679619780235;0.297655646740714;0.32;0.32;0.32;0.32;0.32;0.32;0.32;0.32;0.32;0.32;0.32;0.32;0.32;0.229761249151779;0.215448801376217;0.04;0.04;0.04;0.040109464286499;0.285578996099991;0.24;0.24;0.24;0.24;0.24;0.24;0.24;0.24;0.24;0.24;0.24;0.24;0.24;0.270900182892427;0.394207732453907;0.4;0.4;0.4;0.4;0.4;0.4;0.4;0.4;7.29153776880262
0;0;0.148564812048012;0.282257400261052;0.245602832478482;0.317871411116511;0.32;0.32;0.32;0.32;0.32;0.32;0.32;0.32;0.32;0.32;0.32;0.32;0.32;0.32;0.309105247739268;0.0992693810473799;0.04;0.04;0.04;0.265111675082706;0.24;0.24;0.24;0.24;0.24;0.24;0.24;0.24;0.24;0.24;0.24;0.24;0.24;0.275254700641321;0.432041108822497;0.419098468584357;0.402166433404032;0.4;0.4;0.4;0.4;0.4;0.4;0.4
0;0.00245912658624205;0.156459789364225;0.267730829669067;0.113828689998972;0.122108546397515;0.189341737992618;0.32;0.32;0.32;0.32;0.32;0.32;0.32;0.32;0.32;0.32;0.32;0.32;0.32;0.261131498558533;0.04;0.04;0.04;0.04;0.278448064928675;0.244278076739725;0.24;0.24;0.24;0.24;0.24;0.24;0.24;0.24;0.24;0.24;0.24;0.24;0.26121942691924;0.44;0.44;0.407157930399757;0.4;0.4;0.4;0.4;0.4;0.4;0.4
0;0.0103685964731965;0.0623496846875823;0.234465139501701;0.111896161951052;0.190975842677057;0.237308403078618;0.32;0.32;0.32;0.32;0.32;0.32;0.32;0.32;0.32;0.32;0.32;0.32;0.32;0.210447213249607;0.04;0.04;0.04;0.04;0.143332317761074;0.250882323037833;0.24;0.24;0.24;0.24;0.24;0.24;0.24;0.24;0.24;0.24;0.24;0.24;0.244957145807799;0.44;0.44;0.41899358651023;0.402433761433838;0.406111512833927;0.409787586472137;0.411927325050173;0.583275384242142;0.734073247451335;0.672578768271728
0;0.00705993464235216;0.04;0.053553103399294;0.281424144694527;0.32;0.32;0.32;0.32;0.32;0.32;0.32;0.32;0.32;0.32;0.32;0.32;0.32;0.32;0.32;0.233410897253174;0.04;0.04;0.04;0.04;0.157828980026961;0.257427086213697;0.24;0.24;0.24;0.24;0.24;0.24;0.24;0.24;0.24;0.24;0.24;0.24;0.24;0.43661792989797;0.44;0.43989887134653;0.44;0.44;0.44;0.439619422002789;0.505095831006385;0.791542430024434;0.998626851276888
