0.511679004920851;0.968878098341402;0.827368032941375;1.04559248159566;0.436160655767654;0.283321202346227;0.151851690972275;0.229636989881141;0.599224878974902;0.6;0.6;0.6;0.6;0.6;0.6;10.6110344824111;41.9050469224088;42;33.2912559091114;0.6;0.6;0.6;0.6;0.6;0.6;0.6;0.6;0.564856242568327;0.627334569714041;0.460970449593215;0.820995230285637;0.145759270009459;0.820859139120709;1.66373681597469;1.03659456399274;0.84;1.26402131489237;1.68;1.64320868843038;1.0902901287972;1.22605128602869;0.84;0.84;0.84;0.84;0.84;0.85103778032535;1.21027458122766;1.32;1.03883888771689
0.877575544655336;1.05569750895467;1.12;1.12;1.08143865607559;1.01407825886132;0.831059835552992;0.304314487147359;0.378222785255256;0.6;0.6;0.6;0.6;0.6;0.6;0.6;10.0390913128091;5.39162651842134;0.952087420036783;0.6;0.6;0.6;0.6;0.6;0.6;0.6;0.540749901578993;0.225873763986483;0.289773453048774;0.65855969315634;0.721946795633935;0.406346784290419;1.37900864021476;1.005105521606;1.20382726227592;1.04386708776788;1.32437425417369;1.68;1.68;0.854257589121815;0.84;0.84;0.84;0.84;0.84;0.84;1.04922668726205;1.32;1.32;1.20344550626483
0.187548094957921;0.714734297825704;1.12;1.12;1.12;1.12;1.11363934207716;0.500539421914997;0.21711915164832;0.6;0.6;0.6;0.6;0.6;0.6;0.6;0.6;0.6;0.6;0.6;0.6;0.6;0.6;0.6;0.6;0.298013943703583;0.15257822028047;0.61639978066273;0.78567671445751;0.682351290050894;0.12;0.247804075866006;0.428146805922324;0.871571982641458;1.4785705904736;0.997057652929092;1.22021548091293;1.68;1.63812817106347;0.913913098503226;0.84;0.84;0.84;0.84;0.84;1.04520198896917;1.30173545780078;1.32;1.32;1.11561759818181
0.350799671094213;1.12;1.12;1.12;1.12;1.12;1.12;0.917134306090579;0.459259950109504;0.6;0.6;0.6;0.6;0.6;0.6;0.6;0.6;0.6;0.6;0.6;0.6;0.6;0.6;0.6;0.42764279943046;0.126092019415995;0.414781585178661;0.84;0.84;0.791403528200093;0.271449686753067;0.292933312886674;0.392438482504333;0.120228194330326;0.12;0.12;0.221117539289284;1.39202600631599;1.49000384756075;0.84;0.84;0.84;0.84;0.84;0.903507049201306;1.32;1.32;1.32;1.32;0.823025891824299
1.12;1.12;1.12;1.12;1.12;1.12;1.12;0.640030511210254;0.6;0.6;0.6;0.6;0.6;0.6;0.6;0.6;0.6;0.6;0.6;0.6;0.6;0.6;0.6;0.6;0.540353612777769;0.493502709647849;0.84;0.84;0.84;0.84;0.664466534855747;0.208333493590448;0.817570835871062;0.46975697506206;0.12;0.72407009253808;1.44669183244254;1.64263202892534;1.5361629086366;0.84;0.84;0.84;0.84;0.84;0.853253145696223;1.32;1.32;1.32;1.32;0.891760214196441
1.12;1.12;1.12;1.12;1.12;1.12;1.12;0.701602737516537;0.6;0.6;0.6;0.6;0.6;0.6;0.6;0.6;0.6;0.6;0.6;0.6;0.6;0.6;0.6;0.655252697157351;0.845083812757313;0.84;1.11529594255767;1.30222534069757;1.20395622752454;0.84;0.803635958157945;0.318650526603188;0.741355334865538;0.401218588669505;0.306254899370896;1.56820597786908;1.68;1.68;1.2757919004715;0.84;0.84;0.84;0.84;0.84;0.915624521901993;1.31270295382134;1.32;1.32;1.32;1.18645554750608
1.12;1.12;1.12;1.12;1.12;1.12;1.12;0.763173720615636;0.6;0.6;0.6;0.6;0.6;0.6;0.6;0.6;0.6;0.6;0.6;0.6;0.6;0.6;0.6;1.09378553182764;1.36394749938352;0.867659976989788;1.27463539915066;1.55666297347333;0.989669730568004;0.531837853622703;0.12;0.12;0.511903923819042;0.462446736754712;0.197838438177872;1.28017470755999;1.68;1.68;1.14096114043666;0.84;0.84;0.84;0.84;0.84;1.06358378026501;1.32;1.32;1.32;1.32;1.24720499088238
1.12;1.12;1.12;1.12;1.12;1.12;0.878294612898785;0.6049380777898;0.6;0.6;0.6;0.6;0.6;0.6;0.6;0.6;0.528043969122404;0.431719958084356;0.448795839232243;0.6;0.6;0.6;0.836393982644406;1.30320401824427;1.47936417616806;0.992709999864036;1.19847138410809;1.34221151671698;0.840520902392749;0.750727312824278;0.266797242131145;0.12;0.246797883953756;13.4287931419729;3.74318682491083;2.93463469075354;1.48146322390892;1.68;1.07314711245107;0.84;0.84;0.839788706272211;0.84;0.93380467781013;1.293943280261;1.32;1.32;1.32;1.32;1.30638315333128
1.12;1.12;1.12;1.12;1.12;1.12;1.09712471100935;0.626623660940173;0.6;0.6;0.6;0.6;0.6;0.6;0.6;0.56834082848936;0.151144382130586;0.106984199670171;0.506644557943801;0.6;0.669328623943365;1.06300806591015;1.37652211447079;1.32437572605798;1.44639404617921;1.60840096479115;1.66722018011631;1.63309838005559;0.89332508200078;0.84;0.804059617808126;0.524594769389979;0.12;16.1384626709994;33.04;28.723167757277;2.54444983355762;1.68;1.39352382162689;0.453237522217311;0.237616822533589;0.394754509495106;0.863557105787384;1.23417400977912;1.32;1.32;1.32;1.32;1.32;1.32
1.12;1.12;0.707509672087975;0.252872796040256;0.904189513099206;1.12;1.12;0.925201938637112;0.605711181509064;0.6;0.6;0.587762425136333;0.524080807452463;0.564149537549492;0.6;0.138709782765061;0.08;0.111695553936949;0.6;0.6;1.07622351834777;1.30974464047647;0.668419944860441;0.603121275288984;1.39861337746391;1.58174431923026;1.60292345010046;1.07311587838667;0.84;0.84;1.04595845233482;0.935147372897606;0.12;21.1781301517151;20.5382341377945;18.4787021646643;2.0020492228524;1.68;1.63936907689702;0.12;0.183455174267198;0.485061262686967;0.992780019133287;1.32;1.32;1.32;1.20479398946947;1.32;1.32;1.32
1.12;1.12;0.380111010175909;0.16;0.656167067768425;1.12;1.12;1.12;0.858969620687994;0.6;0.6;0.33601384781817;0.108335646140601;0.553993310443822;0.553880303163884;0.132084833160592;0.08;0.08;0.490562826524328;0.6;0.74833654319654;0.710462391640337;0.6;0.6;0.978138797164289;1.25044446382636;1.04803912645456;0.84;0.84;0.965821705445267;1.58563401827644;1.68;1.12163928163344;30.9982375821014;13.5537856449098;0.12;1.26083441183777;1.68;1.37564145659318;0.15712291796483;0.12;0.183562107237896;0.982397744578746;1.32;1.32;1.32;0.242892504501389;1.19592833160959;1.32;1.32
1.12;1.12;0.844739980184761;0.24314703444814;0.52457275433258;1.02943554998252;1.12;1.12;1.07694165199586;0.702054861548002;0.6;0.386399532175223;0.0811224875509833;0.414921010552002;0.539629435039684;0.08;0.08;0.08;0.0898054573011333;0.544633684553311;0.248933608756391;0.218420804221372;0.6;0.6;0.616300301897515;0.741517862188784;0.84;0.834921475348935;0.3431867665335;0.578190028245002;0.753048873721312;1.44279062474548;4.77537842903966;31.4428246646151;10.2416657409411;1.9934582363849;1.07782165045235;1.68;1.68;1.25947755935453;1.3818848809856;1.57630259565917;0.902061528791108;1.32;1.32;1.32;0.422239312237956;0.286270441173181;1.09355825188038;1.32
1.20214039705447;1.04851717881501;0.835059562121332;0.324141155751514;0.16;0.442201055827726;1.0853274913237;1.12;1.02830287837243;0.328307785507694;0.273515290815989;0.0909965219452977;0.223405876218126;0.522943660026303;0.592846759056253;0.08;0.08;0.08;0.136737775940514;0.391623804591534;0.0907205896670865;0.288500060858365;0.6;0.62897684122166;0.782831460009179;0.84;0.966285375212366;1.34106036216714;0.889943505661585;0.664361453169548;0.137578179346149;0.649837492217252;16.3250351705715;33.04;26.6908900617603;6.95358200018551;0.27931832119089;0.410551809252964;1.68;1.68;1.68;1.8216853539909;1.39859138488072;1.32;1.32;0.995018843537835;0.553901008067703;0.326900563270205;10.5423287248232;5.62168744414802
1.82666607760871;0.359630644114962;0.16;0.16;0.16;0.29164338350593;0.98205981956107;1.12;0.939916660070365;0.174552820935961;0.273426187989164;0.421462804874188;0.589446641658917;0.6;0.6;0.359109768200586;0.08;0.08;0.133468191713839;0.512600388373726;0.208252158682453;0.134154582845086;0.758183764644606;0.84;0.84;0.84;1.396494467311;1.68;1.68;1.68;1.64031162429953;1.09990502312429;4.88534462704645;33.04;28.8913311455295;2.97976820637012;0.12;0.649349568108614;1.47357367730881;1.69559739069981;2.02108161802116;1.66348416917774;1.32;1.32;1.32;0.988611084608824;0.361427053488725;0.991749258990835;20.3010411588154;18.044052323126
0.230710709146615;0.388748887150881;0.698877971842025;0.16;0.16;0.735719347915799;1.12;1.12;1.12261900469571;0.663026720516475;1.02751121446484;1.1816962121129;1.25643470970028;1.28237798871588;0.980899834378517;0.194290048463473;0.08;0.08;0.08;0.344010400499474;0.178543914204767;0.12;0.685068294895627;0.84;0.84;0.84;1.10242663967972;1.27143676815819;1.68;1.68;1.07432722063722;0.158720838196899;12.9864415635687;33.04;22.9339807008346;4.27581839867608;0.499416769940844;0.782284355695382;1.37789306165648;2.15931900860955;2.56;1.80193314870917;1.32;1.32;1.32;1.30258859016033;1.31717632871852;0.332159908560811;10.976878154435;50.9261657709333
2.12232813386882;1.44814414962159;3.41320207550225;2.61157467984293;1.28528283068851;0.720987173532758;1.12;1.12;1.15916765403347;1.2;1.2;1.2;1.82375509905517;2.38539701701701;1.18870014361848;0.680684942593849;0.08;0.890810696189659;0.211941961425453;0.0804398075036239;0.119958575829025;0.12;0.699117288429242;0.552648269113005;0.84;0.84;0.84;1.33928030561583;1.22657888084198;0.892751962589286;0.684059667647715;0.12;14.2949082687621;5.11016236057131;0.827032650770697;0.564384849776013;1.12305608085907;1.7189211934001;2.38253002990969;2.4;2.54789072600603;2.19246261051501;1.32;1.32;1.32;1.32;1.32;0.978846228102218;2.37038097222127;31.2063011583816
0.896363154958191;0.55946260084755;2.90793235913738;3.64;3.64;2.3890169793552;1.18242884089917;1.12027434496356;1.18483492618161;1.2;1.2;1.2;1.69406025348306;2.48;2.28665504321754;2.29805065430749;1.46688321430136;1.55572205032936;0.705915209973002;0.0877792319540509;0.119039093292979;0.12;0.158141177137635;0.282777674273747;0.943344452873684;0.912088227359537;1.35999007410815;1.70544259917219;1.81387068628957;1.90836046798686;3.95098086455267;11.8570047019204;17.4868547139213;1.08140537788407;1.43600646318303;1.78782553266222;2.24392594595711;2.4;2.4;2.42737043235547;2.55293360799195;2.08948472766782;1.32025212395353;1.32;1.32;1.32;1.51973812027987;2.15939495231486;2.53097917934601;2.60109586400632
0.319243353913892;0.2;0.440532690574042;3.64;3.64;3.64;2.73936362544183;1.27260575147261;1.19935072313337;1.2;1.2;1.2;1.51103520073855;2.43061715129734;2.48;1.9468645859087;2.30713381505989;1.93658284586621;1.26727618680241;0.119307385840686;0.65309060201402;0.237637787796111;0.501728607595523;0.691125679327749;1.18482085837795;1.76553577294864;2.07749607115561;2.07626479631803;2.34139964746563;2.4;3.44663271763679;29.0851575072527;0.425714632842427;0.61544066672401;1.41717377575126;2.17680373267312;2.12953314083722;1.39827523884462;2.4;2.41157248164561;2.10828171655595;1.43022392632292;1.3287361923839;1.32;1.32;1.81856020286027;2.22041127044564;1.86281305350064;1.72574689750254;1.93210288997698
0.215117400673497;0.571821273579076;1.82115082603286;3.61609278851271;3.64;3.38935622847415;3.17508259726597;2.09399158321817;1.2;1.2;1.2;1.2;1.2;2.07624344867617;1.9000557222152;1.04815624972382;0.82729229538725;0.12;0.916351723288252;0.681770208088177;0.917296147088721;0.847199584053093;1.07932486071297;1.19210229988978;1.20382265645322;2.25953137808323;1.67413167894468;0.12;0.672477059619433;1.4950440067724;0.893832151409543;27.8267317086856;2.04927740684952;2.21073187838473;1.85035534271631;1.23233401735435;1.4593451463338;1.6164388196147;2.37094225276314;2.47955768000148;1.32;1.39425513335984;2.20913965231411;2.10895079976423;2.13973574151711;2.29110946782551;1.92694313855217;1.32;1.32;1.32
3.53314377351012;3.64;3.36449746201382;2.89873672403923;3.59033861011081;1.01437765872609;2.23141195521378;1.2;1.2;1.2;1.2;1.2;1.2;1.77877451529712;1.0219263439382;0.1291499705264;0.12;0.776178454945795;2.45618955446998;2.41904457905174;1.76854616831988;1.2;1.2;1.2;1.2;2.15067387123682;1.27586790719926;0.732844705245694;0.480326151109999;0.639235172619964;11.3226168860657;26.8043161264339;2.4;2.4;2.0384174666221;1.4452164811251;2.4;2.4;2.42607075610747;2.23517171724512;1.32554036530593;1.33135606554164;1.80191351069392;2.32966231458596;1.54245737802133;1.35634435749093;1.32860401292383;1.32;1.32;1.32
2.14405303739679;3.41406320527336;1.50820445973785;0.316839640560872;0.27240553262597;0.2;1.96581829327213;1.2;1.2;1.2;1.2;1.2;1.2;1.2;0.886253997538696;0.12;0.83104183414112;0.7768865740803;2.24684118239801;2.48;1.8761893327564;1.2;1.2;1.2;1.2;1.38910337506052;2.24783247761776;2.39895530580029;2.4;1.31322111351753;7.11510002073948;31.2866578230668;2.4;2.4;2.4;2.4;2.38232066007746;2.00579806500301;2.30276350879848;2.22543310650625;1.59405140544488;2.32994714219653;2.21923285878506;1.53704690961427;1.32;1.32;1.32;1.32;1.32;1.32
0.90476067316401;1.00636982129952;0.2;0.2;0.2;0.2;1.73760844656195;1.2;1.2;1.2;1.15891289424702;0.766093434385769;1.03622280742958;1.12166085307268;0.730115513006039;0.158101844142939;2.48;2.48;2.48;2.48;2.02553175401688;1.2;1.2;1.2;3.72362043820197;1.95899315222617;2.4;2.38446897487335;2.31245380470272;1.58167010640801;2.36836364601091;38.0210041397658;10.7922446265106;1.88359595809817;2.05723101110843;2.33118162726006;1.72743166203553;1.38348006797132;2.2689567946026;2.53786303605863;2.29742505409834;2.13528686673809;1.4265401720686;1.32;1.32;1.32;1.32;1.32;1.32;1.32
3.47357492825723;0.619007425559421;0.2;0.2;0.2;0.2;1.14145281202616;2.33681620270026;1.20497025739817;1.2;1.16241748836624;0.297614433321034;0.218410940429787;0.315252554776277;0.278540601814284;0.12;1.75133269719595;2.48;2.48;2.48;2.17639999867976;1.2;1.2;1.2;32.5777946836479;6.0994876477944;2.4;2.12677929651132;1.33049852145731;1.24410743734976;0.66122938415583;39.4210174599088;22.5807679981795;1.2;1.21354152557667;1.2;1.63048932353826;2.37348485581335;2.55920119179386;2.41439849520203;1.32;1.32;1.32;1.32;1.32;1.32;1.32;1.32;1.32;1.32
2.21262459012113;0.266368213127831;0.289832554177942;0.2;0.2;0.2;0.2;1.8852852248768;1.9498312069453;1.42278990175664;1.2;1.70215609503844;0.689024267399193;0.162170169601152;0.332149477713839;0.12;1.96233431598836;1.70980866151668;2.48;2.48;2.3390145498322;1.28063509038887;1.2;1.2;38.6547515545762;36.4681850846529;16.231895273033;19.4251077241431;2.53116527482754;1.2;0.984700087801361;24.7912268068159;40.0869906901986;21.7570537350291;1.2;1.2;1.29516282852802;1.44243308601533;1.33102821235677;1.5865186364777;1.32;1.32;1.32;1.32;1.32;1.32;1.32;1.32;1.32;1.01527801110133
0.352156217352111;1.39862075878038;1.87269831200726;0.2;0.2;0.405342124215387;0.96168322888776;2.32425640842252;2.45754907054964;2.22170426976683;1.50932277788073;2.27049227873657;1.42662637164928;1.66657051744555;1.19197130221934;0.244418261457209;1.03304117800431;1.53345131232853;2.16453626792588;2.48;2.48;1.79324651462287;1.2;1.2;6.67236570391258;31.560633674584;43.0926186753279;40.7993479115466;18.2156531861133;1.2;1.2;6.49181764261797;35.8971699882026;30.0332335368711;28.6637828633573;1.40555489368513;1.2;1.2;1.20142245691921;1.29653598327111;1.32;1.32;1.32;1.32;1.32;1.32;1.32;1.32;0.730643995530156;0.104241574978856
2.00342844989358;2.87447212163343;2.54930633359692;1.3635582279672;0.920484664864605;2.08193420067202;1.86105924355598;1.28142563041829;2.1989187344306;2.36579441053195;2.48;2.48;2.48;2.48;0.583752755026466;0.130365620784506;0.124283967394558;0.629499238276041;0.681790590014762;2.25123366800708;2.48;2.01599014010586;1.21459449110299;1.2;1.2;1.2;14.2217795820213;32.4014687388248;18.2696634491204;20.2700007077109;35.4186920215398;27.7658135953676;12.3243683639408;1.2;2.34299996130643;1.22139081232703;1.2;1.2;1.2408588239919;1.32;1.32;1.32;1.32;1.32;1.32;1.32;1.32;0.720721611898997;0.0632875709115182;0
2.41934658603167;1.87876839838692;1.84;1.82673951889333;1.44446731135505;1.31846074242545;1.11965702241164;0.989240579661587;1.2020466193774;1.21116168342988;1.54866772783697;1.82429443717184;2.26016087311426;1.00846175045897;0.22538848385932;0.12;0.723864791698254;1.58899237366014;1.22458699421121;2.39318158765072;2.48;2.39928063677139;1.02767699460984;0.955476848500869;1.12904350967409;2.14535354513442;16.6164677670693;29.4984233894901;42.6953938632212;16.0523529342624;16.8630225396863;2.01160997261375;1.2;1.2;1.2;1.2;1.2;1.2;1.31085614816447;1.32;1.32;1.32;1.32;1.32;1.32;0.890489245985218;0.0605684151072521;0;0.624722359298632;1.96170713056
1.31828369599598;1.7271054202658;1.84;1.17322754613722;0.92;0.92;0.951127518071891;0.63296224072205;0.600304034758478;1.01237367872308;1.17683149679608;1.20680681236787;1.80024704156013;0.853327333786627;13.9868932925874;10.2122131986649;2.28364915048448;2.48;2.17468303107972;2.48;2.48;2.38527105690077;0.637475400166379;7.35934329855158;26.9975381876129;25.8268571928609;31.4352011141481;4.4339752737775;2.44843247879393;2.40565129384138;1.79047980394415;0.970719288088861;1.2;1.19055286908176;1.04208481749464;1.2;1.2;1.2;1.25656850390939;1.32;1.32;1.32;1.32;1.09251913164401;0.417519134718133;0.0289171336780858;0.490175183970896;1.33494262777707;1.97991679462223;1.36741134246451
0.92;1.29608171313427;1.70525556341251;1.05128773739795;0.92;0.92;0.635905527672462;0.547198566053708;0.12;0.12;0.975892560353922;1.56558790694322;2.11633244149748;2.35182997451276;28.3956077897028;17.5622290713645;2.48;2.48;2.48;1.07388160245398;2.37373941154988;2.63826459984038;13.9599225178332;38.0280047691465;29.6746718164598;4.34679516695992;2.4397556549717;2.48;2.43541939555947;2.36184551000036;1.22549632073843;0.943064447981406;0.896509261648917;0.655434566526285;0.195058080744283;0.961857019019166;1.2;1.2;1.23550898870314;1.32;1.32;1.32;0.714271098184732;0;0.283842897050602;1.58188891150054;2.19926597537984;2.32;1.48803354007919;0.286118961467191
1.16312091294361;0.906337008476084;0.92;0.92;0.92;0.92;0.811547209147313;0.710731558509184;0.565378990191572;0.12;0.848194141527778;1.95701535365983;2.0338349943253;1.2;27.6165936697137;3.95739311398568;2.02730202825172;2.41874161360357;1.89025891677202;6.57767847205914;24.7585280921108;31.3229174434495;33.3676818908418;7.80403016741883;17.8307073884438;1.98468040489628;1.39745589179746;2.07600352915208;2.36244785681362;1.62127120423446;0.754971063947035;0.135562286495257;0.348881888301477;0.903718726115674;1.04527967348364;1.17571118675158;1.2;1.2;1.21411830531087;1.30205705853806;1.17219342426666;0.397153209012265;0.00774130801057626;0.0836374510619151;1.97503479621672;2.32;2.32;1.87142479315171;1.14463588481754;0.753769477198832
0.495182632619416;0.1320242505075;0.905711905475706;0.92;0.92;0.92;0.92;1.08893000354967;1.18759542697561;0.148631366942876;1.04652654628684;1.23541209179917;1.25439685859918;1.2;40.280937267648;12.1104771904634;2.69945944278666;8.40668374446254;35.7116478623894;43.0931573596224;41.3787337519332;18.284181487016;1.00140888630884;0.12;0.481811697682164;1.2;1.2;1.21543757484632;1.2;0.415252318706784;0.731186720465202;1.15042447532751;1.2;1.2;1.2;1.2;1.2;1.46507545601184;1.20119213461021;1.15290773151716;0.160097380306364;0;0;1.49725090794378;2.32;2.32;2.0311689244283;1.71246516115123;1.28;1.21259520032453
0.489210874649356;0.251241024835164;0.888833637106851;0.92;0.92;0.92;0.92;0.92;0.944790330323071;0.41344541955778;1.18757467178157;1.2;1.2;1.12218926633885;19.0306683874962;45.8456199122981;46.5041257842134;47.88;36.467759986849;11.705293679373;47.2384702035449;12.9878816294202;0.943441362727527;1.08550335644362;1.19601092027156;5.51322146264822;1.2;13.5227826701965;26.9233188758051;22.4885755460837;1.2;1.2;1.3024820214139;2.06628620386415;1.7695311058697;1.2;1.76686079903628;2.1249882292061;1.80881091124809;0.0291412075992841;0;0.0830207602264034;1.70599633180674;2.28597079582673;2.13741448732163;2.32;0.914611794984593;0.995536266424003;1.28;1.14575782444703
0.562654407919934;0.401300327873911;0.903469911854632;0.92;14.6596529050195;11.101443016122;0.92;0.92;0.410181970668601;0.6576486299718;0.580556572204603;0.332318591107009;0.189759560347628;3.11377335935282;25.7782574900081;37.5461981285853;26.4859426119433;20.1156296158017;2.45712090216974;1.28998028089265;2.20373415358672;1.2;1.2;1.2;2.23558611225835;34.6894770122476;37.856011590357;45.2850753559046;47.2472431129167;35.0936655308563;4.36592459558931;1.2;2.52264537406623;3.2;2.86614539810896;2.11012567288151;2.4;1.703730710334;0.255308302540271;0;0.771677261206573;1.76422141781193;2.24878346502447;1.00977778630306;0.882729001183148;2.32;0.825376707698799;0.369741518826598;1.26159220430143;1.28
1.74410369229003;24.1704901116217;0.466889268177571;7.2642880652791;32.5822802055887;29.2195380465649;6.14482310874834;26.8126494344383;14.9040659270109;1.36558791381458;1.40859119070036;0.688417802927865;17.6298404126184;46.1950846921523;27.51150714166;5.31147931372256;1.2;1.2;1.2;1.2;1.2;1.2;20.6730941271362;42.0605377046109;47.2723824060079;47.88;47.88;47.88;44.3104172364351;40.56;32.7938230798792;7.80717841751043;4.9631393541263;25.3554853682374;5.87815544956154;2.4;1.00401867962256;0.281572562137275;0;1.08573944172792;2.4799195374841;1.87327310649616;0.84766098194668;1.30476698662928;2.32;2.32;1.94108240912821;0.352777186769493;0.804341650336217;1.28
2.46292565005656;16.6144181664808;4.68663076683276;20.1334332929456;23.8814542150333;19.2818977248422;20.2944248695176;20.315860781352;4.58899972620115;2.12572433843315;1.64464930064976;1.4246822612688;8.52881980406391;15.2549655019222;1.2;1.2;1.2;1.2;1.2;1.2;1.2;1.67887392370704;8.30415908673543;40.3108014946576;47.88;47.88;47.88;47.88;45.0461270011685;40.56;40.56;30.3039484081758;62.0681420568794;28.6640669965134;2.11436116037534;1.30099249308007;1.04522674479954;0;1.91534151335894;3.04780217947822;1.77246797114554;0.806250016205458;2.10433510731352;2.32;2.32;2.32;2.20446985754412;0.444954525722332;0.467028592984472;1.28
31.2671754561529;35.4134208068272;18.1121742501785;1.84;1.82337411044472;1.39839016708937;1.2745503918374;1.15290996621787;1.10658811639749;1.1960857712193;1.2;1.2;1.2;1.2;1.2;1.2;1.2;1.2;1.2;1.2;1.2;1.75137011643266;3.2;5.4017509525471;25.6401627200706;47.7279084665014;47.88;47.88;61.0541557895848;76.1673729881125;90.7771093978744;99.3058742704721;58.3291056946419;0.73889635747752;2.6430319986634;2.94149733215903;1.07246567868654;1.94379080565963;2.21061525919706;0.527912031393737;0.281353467685815;1.07824455680671;1.42326903453708;2.20806741478526;2.00765476466196;2.2632488499159;2.09763968563582;1.14158820704874;0.93545934782942;1.28
13.8832802108044;11.5241478259085;1.84;1.50057518306316;1.06659320562785;0.92;0.92;0.92;0.92;1.13731903010048;1.2;1.2;1.2;1.2;1.2;1.2;1.2;1.2;1.2;1.2;1.2556364169907;2.51185144871524;3.2;3.2;3.2;19.370784584323;42.3812268100383;38.6625731013655;74.6471473323006;105.24;97.0384809845499;19.103039594739;0.978862772117925;3.36188922761516;2.70193268354289;0.400803926270098;2.04588608210472;3.12;1.68726514414781;1.22907235078799;0.496434898369026;1.28;1.28;1.2934658839426;1.28;1.5117446208314;1.37400833886642;1.28;1.28;1.28
1.33044647282669;1.60388218415634;1.31880318205752;0.992446045660598;0.92;0.92;0.92;0.92;0.92;1.10225469279148;1.2;1.2;1.2;1.2;1.2;1.2;1.2;1.2;1.2;1.2;1.2;3.16178794700743;3.05470863843672;3.1170533545287;3.2;3.2;7.63177172676177;7.00631917407307;29.1719391237988;92.7894859661743;40.22859682638;0.926534976317262;3.00392002773542;2.90120121645066;0.981342019514938;2.84631200018531;34.8510184907806;37.0276404564767;2.2510751988823;1.28;1.03631506705906;1.28;1.28;1.28;1.28;1.28;1.28;1.28;1.28;1.28
0.995462548812047;0.969400931490983;0.92;0.92;0.92;0.92;0.92;0.92;0.92;0.941945889202405;1.2;1.2;1.2;1.2;1.2;1.2;1.2;1.2;1.2;1.2;1.2;2.47104897560861;2.48312465543659;2.56606453291921;2.87200237842156;2.7739778589122;2.82420665100535;3.2;3.17748255871609;1.38817493077489;0.576287718991278;3.20383326768867;1.90267925361871;0.33269949153779;2.32886414318752;25.457234484097;101.067130217303;102.650037937947;34.6735923116812;1.28;1.28;1.7781543352033;3.01954718233552;1.39674401132576;1.99660034562022;2.81926187705221;1.89600676634152;1.23265980909197;1.03826889070962;0.98607456036238
0.92;0.92;0.92;0.92;0.92;0.92;0.92;0.92;0.92;0.92;1.19474145115516;1.2;1.2;1.2;1.2;1.2;1.2;1.2;1.2;9.86606618134293;8.01329634472455;4.81871544418996;3.77299641844778;2.48;2.48;2.28727157409042;1.48071201766461;1.71713361776955;0.0900035558827221;0.612921737092256;2.08040900573851;0.470704260640362;1.76403270886502;23.1380455605896;39.9654994572238;14.586456644859;95.9392306950265;66.897759751624;13.9813746622625;1.28;1.36461854093899;2.03396801567526;3.4;3.31277881915132;3.41709130637599;3.41186508350465;2.079401150397;0.893981608720624;0.88;0.88
0.92;0.92;0.92;0.92;0.92;0.92;0.92;0.92;0.92;0.92;1.15480187596002;1.2;1.2;1.2;1.2;1.2;1.2;1.2;7.58476976871163;31.1988024262979;46.1135089327273;43.5268700027633;6.47816052453761;1.88257896368575;1.39649297058284;0.0413721901871011;0;0;0;9.886208511347;65.2169399852252;15.1380279755573;4.02526820895923;104.019016206537;96.5812754769787;77.4421206608125;78.1212860527385;1.28;1.28;1.68028933008489;2.89733982297751;3.1237665346577;2.65057411164311;2.44164320818396;2.18191976178917;1.9172371135296;1.38229432731275;0.886203169955543;0.818262542372849;0.479033531292949
0.92;0.92;0.92;0.92;0.92;0.92;0.92;0.92;0.92;0.92;1.00145680320277;1.2;1.2;1.2;1.2;1.2;1.2;7.8274034542315;45.1599419665302;47.88;38.1376020283722;20.2270286817578;0.820574828816764;0.170140298089846;0;0;9.24891007918715;34.7506482288389;100.812479977291;105.24;105.24;94.3433900493073;79.3388610940393;105.24;105.24;105.24;43.6419751768468;1.22649277720135;1.17411060424661;1.17471330424778;1.8837535213275;1.31004546973966;0.88;0.894043314791665;0.88;0.973037878392604;0.95380171028804;0.252794707848265;0.525861001221914;0.459509779193421
0.92;0.92;0.92;0.92;0.92;0.92;0.92;0.92;0.92;0.92;0.968363703711424;1.2;1.2;1.2;1.2;1.2;1.2;5.4941725277504;18.1906167683839;11.3310622079409;3.57057124933804;0;0;0;0;4.64800123946283;69.2461775015811;105.24;105.24;105.24;105.24;105.24;105.200576463619;94.7031964112157;80.919315180314;18.4936087439579;28.2173905820005;0.88;0.88;0.88;0.88;0.88;0.88;0.88;0.88;0.88;0.720618637418109;0.314879303366256;0.829999505519838;0.88
0.92;0.92;0.92;0.92;0.92;0.92;0.92;0.92;0.92;0.92;0.929388669799962;1.12063103608633;1.2;1.2;1.2;1.2;0.990383836612143;0.612515830887482;0.451559297155123;0.104627260718759;0;0;0;0;1.99840106800215;84.6045812963108;90.9966628806146;45.32616856192;85.8851704578595;105.24;105.24;105.24;93.4089763793476;0.12;6.15921744370968;37.2437972646726;8.10106393812433;0.796175002499143;0.88;0.88;0.88;0.88;0.88;0.88;0.88;0.88;0.753253156267165;0.700089586282393;0.88;0.88
0.968332256175149;1.0007554562925;0.92;0.92;0.92;0.92;0.92;0.92;0.92;0.92;0.92;0.961076195788191;1.1611052302065;1.2;1.10131747411983;0.49044272533369;0.124589856996244;0;0;0;0.71822101620622;1.58230393737936;2.00027336757733;2.41082617641147;3.08879014177101;96.8096364172567;6.16604290441501;38.3094977258054;102.150752596002;105.24;105.24;105.24;103.930323577526;61.7509964737225;79.9151001600853;93.3891791451613;14.8581608477802;0.742762365959356;0.891715959168626;0.954181480791466;1.07270057237422;0.896675529177747;0.88;0.953208494158018;0.88;0.88;0.88;0.88;0.628328408033997;0.708398095492224
0.876416169496481;1.76219540858472;1.38594278984169;0.939163127340543;0.92;1.07384211349229;0.920236914219482;1.05637046618056;1.1780089593966;0.941639062016506;0.414512297753664;0.292990105945477;0.192528778936187;0.0652960418877192;0.0236523540410183;0;0.24665025117369;1.46907456397796;1.88758593008397;2.29866848806785;2.87419217912717;3.12;3.12;3.12;3.12;3.36722045664788;40.3346789612338;93.2360670519958;105.24;105.24;105.24;105.24;105.24;105.24;105.24;105.24;87.3577285724138;8.58470803176929;8.63707712495294;48.4160642087749;2.43112382288645;38.2345110549532;1.09005713132427;1.21755504165434;0.94419516819832;0.88;0.88;0.88;0.541746178455651;0.285418684913512
0.208646137718252;1.19998925948069;1.84;1.60142526895508;1.2657028065331;1.70390237157564;1.39466107113813;1.13907903009659;0.412621954303514;0.119458989465942;0;0;0.240029955977696;0.818332265012024;1.0247487119019;1.38587388879484;2.66108379664695;3.12;3.12;3.12;3.12;3.12;3.12;3.12;3.12;3.12;72.666572932336;88.9711472289466;105.24;105.24;105.24;105.24;105.24;102.279115032288;85.4094865185137;88.2782856703678;105.191728169251;91.7147781942881;81.933754247126;101.8533497829;102.748906682145;105.24;67.1532054014623;1.22145119898495;0.902361072857642;1.13544633902563;1.04272966065143;1.10824221832667;1.27955545408744;0.197329527474893
0.181201479181263;0.98864724198519;1.79893255519397;1.16461516084328;1.05490773426472;1.16864495451273;0.225475525086308;0;0;0;0.083959573242912;0.662772322515957;0.93276941498883;1.15760039166666;1.24604130304546;0.810590582937312;2.63221055511011;3.12;3.12;3.12;3.12;3.12;3.12;3.12;3.12;3.12;3.12;37.3372563260281;79.1542401763823;105.24;105.24;47.7533053753353;19.1919183454342;38.0352777555713;3.12;51.4270930928747;36.1545476835079;4.22341909948554;35.923943479886;79.6766614703406;73.8079559639614;105.24;32.8037574866805;0.12;0.133984375025029;0.995529695693156;1.28;1.28;1.1004213127699;0.799500552498907
0.0383871258559595;0;0.0539458336464648;0;0.00413111354584853;0.682488862502575;1.37169998080102;6.15961582621699;11.8771080380122;11.3284513464122;1.9087299060367;1.6011199377866;1.15743228155564;0.667832757241667;0.508460247303275;0.301791045958233;1.84536066064597;3.12;3.12;3.12;3.12;3.12;3.12;3.12;3.12;3.12;3.12;13.9858946799662;27.8157124125904;105.24;105.24;37.3453906967089;4.62581243027109;3.12;3.12;3.12;3.12;3.12;3.12;33.731743814481;13.4637880362916;97.5469857660957;31.7989158832582;0.12;0.336716760731712;1.25338443566146;1.28;1.28;0.642877305340513;1.15735733067414
0;0;0;0.0299255228444984;0.259461708731264;1.00617150806686;13.2626400706908;43.24;41.2570020286899;26.6469090947113;5.32973461753669;1.92;1.30876195808443;0.494379145171554;0.121879612932293;1.66543584516279;3.12;3.12;3.12;3.12;3.12;3.12;3.12;3.12;3.12;3.12;3.12;29.9415605798203;55.9699605505406;62.4800767907424;105.24;95.6204415721947;10.1498386670565;3.12;3.12;3.12;3.12;3.12;3.12;3.12;3.12758951639892;6.15704432932943;15.1397029778414;0.12;0.947794975576581;1.28;1.28;1.28;0.470665470482969;1.28
