0;0.0358660665705498;0.0339335157274971;0;0;0.04804849130027;0.0494597258562256;0.0190087233555614;0.00844020131947473;0.00666238069865645;0;0;0;0;0;0;0;0;0;0.0121616174111213;0.0274646548323333;0.0138604478660971;0.0438904407065915;0.0209105818018191;0;0;0;0.0098091400730386;0.022836298681004;0;0;0.00267904622878349;0;0;0;0;0;0;0.555071922026668;2.68;2.68;2.35882833355366;0.80675560611418;0.664416676637936;0.209011910535107;0.056485415864829;0.0651720378411804;0.0198588126286278;0;0.0442662602923462
0;0.047923184585329;0.00781994642079594;0.00365533650962558;0.0480151760382306;0.08;0.08;0.0791836951287901;0.08;0.0657225906739356;0.0512990588844024;0.0320945428119688;0.0139373105189763;0.0121620188321098;0;0;0;0;0;0;0;0;0.000339791203316535;0;0;0;0;0;0;0;0;0;0;0;0;0;0;0;0.480006387639422;2.68;2.68;1.98734696245582;1.80457548175063;1.92;1.62045572772406;1.04404383970546;0.0360290014576167;0.0189773073170828;0;0
0.0224343279649305;0.0726798677956859;0.0771563813005459;0.0529339995974848;0.0596180565889639;0.0698593489538647;0.08;0.08;0.08;0.08;0.08;0.08;0.0708048371204527;0.0382887189310636;0.014313572064499;0;0;0;0;0;0;0;0;0;0;0;0.00647632080429664;0;0.00024600324743591;0.0038180197314045;0;0;0;0;0.308997917199005;0.779187598356975;1.00685201794847;0.0559004481443696;1.40579326463737;2.68;2.68;1.7094860226788;1.17072095274276;1.92;1.02226081320986;1.19119950684327;0;0;0;0.00487501566681198
0.0269960523329073;0.08;0.0583405733595602;0.00883713722853591;0.00578692450987827;0.0333154788887864;0.08;0.08;0.08;0.08;0.08;0.08;0.08;0.08;0.0259537064926608;0;0.0137659195536793;0;0;0;0;0;0;0;0;0;0.0127089156810213;0.040563363365006;0.0281004832684111;0.0131898964497306;0;0;0;0;0.19745071755721;1.08777463647596;1.85035545248761;2.16040396246094;2.58525532373092;2.54814524442716;2.63235241773485;0.920905146582514;1.57076272882988;1.02148646431772;1.66783646790567;0.381656931877881;0.00225914360579877;0.0530895581752834;0.100825083978907;0.322028570048247
0.0521834652640667;0.08;0.074259062260868;0.0278285428949437;0.00437976720935449;0.00427017527658421;0.0539437987336785;0.08;0.08;0.08;0.08;0.08;0.08;0.08;0.079658177911318;0.05991613117503;0.0379836397960173;0;0.0185108762013708;0.0278162641326903;0.000852312389354038;0;0;0.00379623608048003;0.00178554768440402;0.0308971885718002;0;0;0;0;0;0;0;0;0.848764668756225;1.04981073350322;1.41105449358381;1.19365409160611;1.56475387688159;1.34804264786377;1.4317057109483;1.25696478244431;1.92;0.271502530378103;0.634694428020716;0.117388146705637;0.0155205428359567;0.111753749260036;1.09425318979209;1.18309983879235
0.0594684149534044;0.08;0.0433086508027379;0.0655482064876705;0.0308900172752029;0;0.00897679136954248;0.08;0.08;0.08;0.08;0.08;0.08;0.08;0.08;0.08;0.0367531809438886;0;0;0.0476843841737335;0.0560712361235996;0.0176736426092096;0;0.00747689124610457;0.0526651250889813;0.0268993230768862;0;0;0;0;0;0;0;0;0.0569810341308971;0.706111702445894;0.426509155763263;1.27763593832908;1.34568431964937;0;0.383405716426293;0.209358016532897;1.68711544264442;0.0260847645962074;0;0;0.0005212675077574;0.140919262864813;1.19006119916096;1.2
0.0144551576902116;0.08;0.0345922245578025;0.00526594892739159;0;0;0.0270325267332901;0.08;0.08;0.08;0.08;0.08;0.08;0.08;0.08;0.08;0.0108386629416599;0.0039126640632257;0.0042251523523292;3.48474023645124e-05;0.0238430850078565;0.062979137107365;0.00509149842701107;0.00469889663913943;0.049338745335497;0.00141864891844084;0;0;0;0;0;0;0;0;0;0;0.135817960613464;0.788629952773532;0.273561902298701;0.317532425969839;1.13434126710035;1.22660077198944;1.29366890055382;0;0;0;0.331766719899322;0.757087879612275;0.852776000737585;1.189456003005
0;0.0784166768264025;0.08;0.0701594427781018;0.0128852643547134;0;0.00854108029990266;0.0741097419419177;0.08;0.08;0.08;0.08;0.08;0.08;0.08;0.08;0.0723363417175469;0.0568411922267589;0.00933864653555905;0;0.000822791220827058;0.0277951190262689;0.0525848611334102;0.0599707841239803;0.0107382134098301;0;0;0;0;0;0;0;0;0;0;0;0;0;0;0.56479461504102;1.75705214438865;1.18350323347391;0.677852049461842;0.803391700530215;0.029374396221914;0.810317200457496;0.919224386913065;0.299597851242467;0.979342384804972;1.19298831226135
0;0.0686444197537377;0.08;0.08;0.075133522016224;0.0375135850102111;0;0.0517862422040248;0.0799361311047026;0.08;0.08;0.0464333192088021;0.0660941322320141;0.040357098159362;0.0339427150448129;0.0654809759500987;0.08;0.0476748911947584;0;0.0132060277462726;0;0;0.0178740008080521;0;0;0;0;0;0;0;0;0;0;0;0;0;0;0;0;0;0.951875441913979;0.293086973783898;0.123746109562942;1.32553583372325;0.770128334187501;1.2;1.2;1.2;1.2;1.2
0;0.0480220130976873;0.08;0.08;0.08;0.0320609251776127;0.00373282896075398;0.00292561665134803;0.0177827433010413;0.0729593660880684;0.08;0.0789123330272098;0.0549377272784273;0.0572048511547406;0.0126730975228603;0.028995494089688;0.0339409287601105;0.0126648134629062;0;0.039889392524796;0;0;0;0;0;0;0;0;0;0;0;0;0;0;0;0;0;0;0;0;0;0.102013079392366;1.03804006663294;1.3318748578984;1.09703651066981;0.907720829628222;1.03147863899148;1.13093467894367;0.900070508392714;0.558165116323873
0.0374504519282349;0.00978401002195648;0.0706522366399907;0.08;0.08;0.0617398562340012;0.0507572733474218;0.000527770934995635;0.000231959899421781;0.0123846390496298;0.0354338925093752;0.0653127539086868;0.08;0.0783439456920139;0.0622383933271071;0.0494444466945827;0;0;0;0;0;0;0;0;0;0;0;0;0;0;0;0;0;0;0;0;0;0;0;0;0.462130872403717;1.34221036224401;1.57388724067748;0.421588497761729;0.0761357971253217;0.08;0.116854311030038;0.934998648425081;0.227793837976473;0.134185647123092
0;0;0.0161549420887995;0.08;0.08;0.08;0.08;0.0647737959528487;0.0582226875251976;0.0234934342431329;0;0.00394985076923684;0.0617721388219362;0.0707104585500661;0.0419548986102454;0.0114421530001645;0;0;0;0;0;0;0;0;0;0;0;0;0;0;0;0;0;0;0;0;0;0;0;0.704837238180975;1.3699696795998;0.821939727334141;0.379508876781538;0.0714572531460225;0.01493424904675;0.0538578156067653;0.296948729190084;1.17150596217594;0.335635681281545;0.0371624965720573
0.00543931494383141;0.0191182666723616;0.00543165111164504;0.0787371496090059;0.0580651436776474;0.00708350099255604;0.0619448614890526;0.08;0.08;0.0446691169951478;0.00629378515806399;0.0153960316558425;0.0395661512219628;0.0341545193253278;0;0;0;0;0;0;0;0;0;0;0;0;0;0;0;0;0;0;0;0;0;0;0;0;0.0684401722587031;1.62941609969018;0.375499973321503;0.08;0.08;0.0778158143432161;0.0408648563571176;0.0267452320740977;0;0.273433640688225;0.0698925025550649;0.039140257780312
0.08;0.0672413049418563;0.00786146870994466;0.0169532185597579;0.0162110396073;0.0280949580016763;0.08;0.08;0.08;0.08;0.0619691171501039;0.0417853916828576;0.0550764518078813;0.00956287544596295;0;0;0;0;0;0;0;0;0;0;0;0;0;0;0;0;0;0;0;0;0;0;0;0;0.474402994242018;0.983885853249494;0.0544942129529081;0.08;0.0704156660987996;0.0241569347053838;0;0;0.0268963386565211;0.0491507534188075;0.0751036381729061;0.0283589021183588
0.08;0.0685045880825484;0.0710812776910141;0.028167594881545;0.00326398418714546;0.0486709595327642;0.08;0.08;0.08;0.08;0.0794250512477882;0.018752508720211;0;0;0;0;0;0;0;0;0;0;0;0;0;0;0;0;0;0;0;0;0;0;0;0;0;0.266062734499495;1.45788900911352;0.171223612412886;0.0306732934627894;0.0511815036375909;0.014823958647226;0;0.001497736155085;0.0285824191397029;0.0725722781518493;0.0220642776916491;0.0547779786513208;0.00300424803163865
0.08;0.0712114754393871;0.0100604421140626;0;0;0.05799335440345;0.0759610286033712;0.0623022828405723;0.0494560988481283;0.08;0.0726913815815244;0.0019680949551679;0;0;0;0;0;0;0;0;0;0;0;0;0;0;0;0;0;0;0;0;0;0;0;0;0;0.0145625483388597;0.0301509376144932;0;0.000874761931132525;0.0176301856547283;0;0.0422768129606972;0.0739655924076906;0.0511393708465087;0.0460337568613217;9.60841059407766e-05;0;0
0.08;0.071901578675951;0.0488203148151068;0.0370328812624569;0.00371760156115148;0.00334288712136582;0.000499190561405131;0.0394535543335076;0.0535859872086543;0.0797009365865188;0.03154133135122;0;0;0;0;0;0;0;0;0;0;0;0;0;0;0;0;0;0;0;0;0;0;0;0;0;0;0;0.0210942802033387;0.0445905238633979;0.0402532072802794;0.0409152102149929;0.046677148729771;0.0412796819728842;0.0767602248538889;0.0315522500877904;0;0;0.0085053846781526;0.0681503327019323
0.08;0.08;0.08;0.0777600537322088;0.010630658667662;0;0.0346849595553014;0.0392393007673434;0.0520443026099387;0.0437549794547433;0;0;0;0;0;0;0;0;0;0;0;0;0;0;0;0;0;0;0;0;0;0;0;0;0;0;0.00669597985623404;0.0406759693446749;0.0769568973889816;0.0770363616082556;0.0463893202950595;0.0794403452208266;0.0486298864862344;0.0168524956082542;0.041386374568101;0.00167153685736705;0;0;0;0.120232496864942
0.08;0.08;0.08;0.0492506292389222;0;0;0.000663129423867005;0.00538793686743859;0.0393620400246349;0.000301929563148404;0;0;0;0;0;0;0;0;0;0;0;0;0;0;0;0;0;0;0;0;0;0;0;0;0;0;0.0567336267698918;0.0275819344496296;0.0425395695956835;0.0641382863984691;0.0020840854647819;0.0031070547953248;0;0;0;0;0.0442443977842258;0.0118899756548554;0.103695072018169;0.141853260598352
0.08;0.08;0.08;0.0276654852197086;0;0.0146145046626218;0.0146681102727572;0.0118310283775522;0;0;0;0;0;0;0;0;0;0;0;0;0;0;0;0;0;0;0;0;0;0;0;0;0;0;0;0;0.0275296197396797;0.0323340069108905;0.0449665789643187;0.0565190174507909;0.0189109771451957;0.0328163631174947;0.00901272535845637;0.00383258353350062;0;0;0.127498491740786;0.154011948075492;0.16;0.16
0.0435556403062306;0.029448301486671;0.0157704110761173;0.0024108993581194;0;0.00508154022902124;0.00214162605315756;0;0;0;0;0;0;0;0;0;0;0;0;0;0;0;0;0;0;0;0;0;0;0;0;0;0;0;0;0;0.0140115557610528;0.0598353848148137;0.0462845196400769;0.0446969462571137;0.0432364314379439;0.0591930717334871;0.0731060055417673;0.0394740722716875;0.0641938135104479;0.0980733719082549;0.147329131130311;0.16;0.16;0.130569266016785
0;0;0;0;0;0;0;0;0;0;0;0;0;0;0;0;0;0;0;0;0;0;0;0;0;0;0;0;0;0;0;0;0;0;0;0;0;0;0;0.000240682748547133;0;0.0140748350598976;0.0272964987425164;0.0394355469095521;0.110060435188539;0.16;0.16;0.16;0.111801214538229;0.0282362869777535
0;0;0;0;0;0;0;0;0;0;0;0;0;0;0.200615898077205;0.675625379669388;0.495256771688911;0.545153049743724;0.0152918324010106;0;0;0;0;0;0;0;0;0;0;0;0;0;0;0;0;0;0;0;0.0480668904295006;0.0510768879935507;0.0572301290590072;0.0443432615304315;0.0458856289121274;0.0502687621369398;0.156121340725663;0.114182683224188;0.0821238498506295;0.0123542733583599;0;0
0;0;0;0;0;0;0;0;0;0;0;0.131850443101723;0.463901839166647;0.312983938553247;0.779796616209881;1;1;1;0.699282005637208;0;0;0;0;0;0;0;0;0;0;0;0;0;0;0;0;0;0;0;0.00355220297880229;0.0242560550806526;0.022018214045465;0.0377877998813888;0;0.117187028793228;0.0612050487369593;0;0;0;0.045595047471999;0.119448604286462
0;0;0;0;0;0;0;0;0;0;0.348654075475393;0.840071631178479;1;1;1;1;0.728404901555346;0.683398527497002;0.0334903120063245;0;0;0;0;0;0;0;0;0;0;0;0;0;0;0;0;0;0;0;0;0;0;0.0532220001848391;0.0405474306439101;0.0767749922843154;0.0037849192296497;0.0479087728527399;0.0429713662639251;0.0478332819581605;0.0543721306238325;0.16
0;0;0;0;0;0;0;0;0;0;0.18512266234983;0.738696235688403;0.700452564663696;0.688824251505431;1;0.882441681106304;0.725433732839168;0.364953635081939;0;0;0;0;0;0;0;0;0;0;0;0;0;0;0;0;0;0;0;0;0;0;0.011145942095642;0.00239581156098392;0.000291332481335849;0.0147341111400634;0.018411928602564;0.060991122142047;0.0955891467091238;0.0107371168654374;0.0941381809745602;0.16
0;0;0;0;0;0;0;0;0;0;0;0;0.00687949672589492;0;0.462279503548442;0.677907827388193;0.680242280782544;0.0914822136335296;0;0;0;0;0;0;0;0;0;0;0;0;0;0;0;0;0;0;0;0;0;0;0.0264336804488578;0.014264806519086;0.0560761973657323;0.0709015093474161;0.125555136876176;0.0855531995732544;0.0959548894269368;0.100963311977976;0.159449868602306;0.16
0;0;0;0;0;0;0;0;0;0;0;0;0;0.269488861026034;0.0527659879099628;0.250986572704504;0.618234077385328;0;0;0;0;0;0;0;0;0;0;0;0;0;0;0;0;0;0;0;0;0;0;0;0;0;0.0602723878501902;0.143539736494407;0.0820940738787799;0.121908015295102;0.46965077425596;1.44074702999281;0.172802651938287;0.16
0;0;0;0;0;0;0;0;0;0;0;0;0;0.508010506258579;0.629272468092755;0.707590707020092;0.55156954883651;0;0;0;0;0;0;0;0;0;0;0;0;0;0;0;0;0;0;0;0;0;0;0;0;0;0.0193447035415517;0.0541041213512421;0.122515105410949;0.131700025013362;2.67058953565442;1.58852421330543;0.17116126109638;0.16
0;0;0;0;0;0;0;0;0;0;0;0;0;0.6424747579397;1;1;0.943280249633826;0.0230386325874678;0;0;0;0;0;0;0;0;0;0;0;0;0;0;0;0;0;0;0;0;0;0;0.589100821883288;0.809286192063009;0.968112273025326;0.517025694321612;1.11602968399639;4.35549600978657;3.82888490755713;0.502273659596382;0.16;0.16
0;0;0;0;0;0;0;0;0;0;0;0;0.0398279017543241;0.850096030400678;1;0.57250161238968;0;0;0;0;0;0;0;0;0;0;0;0;0;0;0;0;0;0;0;0;0;0;0;0;0.164633087881389;0.878595479764724;0.680089509521803;0.369920732832265;0.541117136722303;3.35223756633382;3.10655824391674;0.790638017593988;0.16;0.16
0;0;0;0;0;0;0;0;0;0;0;0;0.00319447888624639;0.089598786114845;0.305473397917813;0.185510698782765;0.4499648492111;0;0;0;0;0;0;0;0;0;0;0;0;0;0;0;0;0;0;0;0;0;0;0;0;0.0934725631868067;0.712031725712325;0.661718250966626;0.21134966741316;0.0700816367695283;1.17554482573849;0.722984083810585;0.16;0.16
0;0;0;0;0;0;0;0;0;0;0;0;0;0;0.0293415410353317;0.55595483407341;0.326554242256155;0;0;0.24633433945271;0.424895252173305;0;0;0;0;0;0;0;0;0;0;0;0;0;0;0;0;0;0;0;0;0;0.263393766031982;0.169032223845658;0;0;0;0.111800717071071;0.16;0.154650017132549
0;0;0;0;0;0;0;0;0;0;0;0;0;0;0.374144889425209;1;0.614827206932103;0.0627550139404644;0.290555201865129;0.987650620304048;1;0.547925119131637;0;0;0;0;0;0;0;0;0;0;0;0;0;0;0;0;0;0;0;0;0;0;0;0;0;0.0649483135821085;0.0912634113645181;0.0337876551332009
0;0;0;0;0;0;0;0;0;0;0;0;0;0;0.132036302081752;0.21207636931448;0.811930145537777;0.731814918928411;0.314181783702313;1;1;0.998301294980028;0.209127105169191;0;0;0;0;0;0;0;0;0;0;0;0;0;0;0;0;0;0;0;0;0;0;0;0;0;0;0
0;0;0;0;0;0;0;0;0;0;0;0;0;0;0;0.250671814327683;0.744632125648927;0.461765744931334;0.850768970674752;0.987612680935367;1;0.886226689199142;0.0436952141068136;0.0549852092102905;0;0;0;0;0;0;0;0;0;0;0;0;0;0;0;0;0;0;0;0;0;0;0;0;0;0
0;0;0;0;0;0;0;0;0;0;0;0;0;0;0;0.703627312028548;0.608146434677832;0.624947411616906;0.631357465075165;0.303654634738377;1;0.71201934161837;0.663149077700231;0.782725027186305;0.198056814535818;0.126025696370949;0;0;0;0;0;0;0;0;0;0;0;0;0;0;0;0;0;0;0;0;0;0;0;0
0;0;0;0;0;0;0;0;0;0;0;0;0;0;0;0.115685163016157;0.193376073096186;0.445224904699631;0.0860536278881422;0.959198257045355;0.935792233289452;0.299469490165915;0.404293641137898;0.193837673273744;0.63221588336507;0.596318439811507;0;0;0;0;0;0;0;0;0.276226245141588;0.679636195286876;0.429779372076273;0.0276104579698378;0;0;0.0335985097336382;0.401334883275095;0.358431605658261;0.264796710217306;0;0;0;0;0;0
0;0;0;0;0;0;0;0;0;0;0;0;0;0;0;0;0.0613086255166624;0.713573747949526;0.556608677625281;1;0.683423114454638;0.76225358804061;0.248065973791948;0.720547739899275;0.789762886149991;0.510356931131057;0;0;0;0;0;0.0110981361777522;0.149483980677323;0.47775427371249;0.976740442663431;1;0.915368534250975;0.0719167175335538;0;0.556154609080753;0.778666295564689;1;1;0.629441573429306;0.227949774165882;0;0;0;0;0
0;0;0;0;0;0;0;0;0;0;0;0;0;0;0;0;0.00223421367149415;0.837567744054231;0.909493371809331;0.789379781400944;1;0.374766125962027;0.838872330892947;1;1;0.964183885354921;0.623374956669286;0.793322227855679;0.544119772872891;0.633084217825672;0.488186800102673;0.862812364219682;1;0.857534131579041;0.991481961774407;0.985830860788064;0.906082955099672;0.34581153334076;0;0.129306079760465;0.504920375263318;0.332055368716829;0.209228746199878;1;1;0.410965332827639;0;0;0;0
0;0;0;0;0;0;0;0;0;0;0;0;0;0;0;0;0;0.969733965180817;0.74204100708948;0.407645455358778;0.871333448904216;0.410444913243409;0.566218218765606;1;1;1;1;1;1;0.928281903058094;0.98815942114186;1;0.761739648569333;0.13195118666774;0.0374290270055644;0.279076337261785;0.657764090552065;0.239161393783311;0;0.118714456429264;0;0;0.139317366469434;0.998080159433085;0.960839869479274;0.418107022438515;0;0;0;0
0;0;0;0;0;0;0;0;0;0;0;0;0;0;0;0.0174542477081657;0.73681655255237;1;1;0.614793927648612;0.160408582215603;0.470748506072044;0.578646241057245;1;0.86573218457485;0.827319110488796;0.569990556566546;0.809568500567913;0.68876824910289;0.168411103384763;0.414640490871475;0.988230906553498;0.710916671149579;0;0;0;0;0.416000370635133;0.203800097262961;0.890727244702831;0.309928652325116;0;0.047789507059518;0.260506151910593;0.311759847025004;0;0;0;0;0
0;0;0;0;0;0;0;0;0;0;0;0;0;0;0;0.105260972553477;0.96406283099271;0.830565484818452;1;1;0.553893793154248;0.767302204204918;0.512616169467872;0.991487151567456;0.639211115933722;0.490975999882212;0.659142060183509;0.0744027663110916;0.0609160061413422;0;0;0.300030861567152;0.239649274441594;0.557467950888882;0.0778710554104546;0;0;0.451940975046825;0.85457306404193;1;0.574923095015481;0.170546975459123;0.24848704607623;0;0.0124426455267196;0;0;0;0;0
0;0;0;0;0;0;0;0;0;0;0;0;0;0;0;0.0958123545437907;0.133754872871558;0.755997846753721;0.801857804055326;0.631538636549376;2.46669535230282e-05;0.328862679503413;0.0319670652758282;0.213432662143847;0.213645643503264;0.380316094879527;0.914750295909314;0.408777617011723;0;0;0.0343382719284018;0.110088048195928;0.0785894011764321;0.788851691393252;0.0313890184838815;0.00812334904999389;0;0;0;0.257962929682762;0.647909535263637;0.895696710929042;0.969243580036517;0.949933069003746;0.504761072174638;0;0;0;0;0
0;0;0;0;0;0;0;0;0;0;0;0;0;0;0;0;0;0.0101039821620304;0;0;0;0;0;0;0;0.156690278335895;0.07046465387051;0;0;0.0323175294994213;0.487557015545396;0.953541975059405;0.941759355140554;0.518754447181745;0.13297381958733;0.271494996644395;0;0;0;0;0.00315986645106445;0;0.700737832444111;0.599580674028351;0.314908669092039;0;0;0;0;0
0;0;0;0;0;0;0;0;0;0;0;0;0;0;0;0;0;0;0;0;0;0;0;0;0;0;0;0;0.169116390405664;0.613518908510522;0.789326449331129;0.975970228829863;0.378824064674191;0;0.44059225307715;0;0;0;0;0;0;0;0.0578209483061398;0.016976258828694;0;0;0;0;0;0
0;0;0;0;0;0;0;0;0;0;0;0;0;0;0;0;0;0;0;0;0;0;0;0;0;0;0;0;0.817448364565537;0.0127949340082705;0;0.103166376719705;0.273588206022623;0.523601925594007;0.912883448084889;0.0516042424063198;0;0;0;0;0;0;0;0;0;0;0;0;0;0
0;0;0;0;0;0;0;0;0;0;0;0;0;0;0;0;0;0;0;0;0;0;0;0;0;0;0;0;0.104116954803857;0.00193874876301676;0;0;0.632684966682522;1;0.918548020338283;0.0790337435545293;0;0;0;0;0;0;0;0;0;0;0;0;0;0
0;0;0;0;0;0;0;0;0;0;0;0;0;0;0;0;0;0;0;0;0;0;0;0;0;0;0;0;0;0;0;0.0772420532902407;0.831074877141192;1;0.986119771119526;0.53796152627313;0;0;0;0;0;0;0;0;0;0;0;0;0;0
0;0;0;0;0;0;0;0;0;0;0;0;0;0;0;0;0;0;0;0;0;0;0;0;0;0;0;0;0;0;0;0;0.0950323551366638;0.855697347595459;1;0.930845280647927;0.281057791662736;0;0;0;0;0;0;0;0;0;0;0;0;0
