0.68;0.68;0.68;0.68;0.701908518085987;10.9159111102355;7.65482326298469;0.68;0.68;0.68;0.68;0.68;0.781845240984115;1.2;1.2;1.1611241039396;0.864797998418866;0.8;0.8;0.8;0.8;0.8;0.8;0.764272868492943;0.672512954708256;0.64;0.64;0.64;0.64;0.64;0.64;0.466819582529832;0.04;0.04;0.04;0.04;0.178809954659774;0.583226183693208;0.64;0.446042089492548;0.04;0.04;0.04;0.04;0.04;0.04;0.04;0.0248032075055629;0;0.231203182595953
0.68;0.68;0.68;0.68;0.68;0.68;0.68;0.68;0.68;0.68;0.68;0.68;1.11096414172737;1.2;1.2;1.2;0.927003907373641;0.8;0.8;0.8;0.8;0.8;0.850221024586006;1.1563911462554;1.10794419059705;0.831175057965766;0.64;0.64;0.64;0.64;0.64;0.616360862211377;0.34544590949405;0.0933350825802082;0.0419196913117043;0.04;0.04;0.391616036799038;0.64;0.488070641009603;0.04;0.04;0.04;0.04;0.04;0.04;0.04;0.00950607551758214;0;0.163470117410776
0.72102393245661;0.68;0.68;0.68;0.68;0.68;0.68;0.68;0.68;0.68;0.68;0.860714179738881;1.18610567002471;1.2;1.2;1.2;1.11209569933188;0.951345204286014;0.829803156448635;0.8;0.8;0.8086403052764;1.0232258139709;1.2;1.2;1.17946191980742;1.06302410644428;0.686518523493853;0.64;0.64;0.64;0.64;0.64;0.62591356625218;0.412576938496161;0.0866082480799321;0.04;0.425155366873832;0.64;0.530098347410792;0.04;0.04;0.04;0.04;0.04;0.04;0.0340196000287068;0;0;0.262092213787511
0.847589939525048;0.68;0.68;0.68;0.68;0.68;0.68;0.68;0.68;0.708349567720702;0.928898813214576;1.16019545418419;1.2;1.2;1.2;1.2;1.2;1.2;1.14435984587992;1.14738695854368;1.01364562883581;1.08756204486435;1.2;1.2;1.2;1.2;1.2;1.10590850366393;0.692716056650957;0.64;0.64;0.64;0.64;0.64;0.64;0.152882178725675;0.04;0.397826633469255;0.64;0.572125208686339;0.04;0.04;0.04;0.04;0.04;0.04;0.0278283184749646;0;0;0.0737687978681346
0.92;0.736128862274349;0.68;0.68;0.68;0.68;0.68;0.68;0.684741741422005;1.08627907139544;1.2;1.2;1.2;1.2;1.2;1.2;1.2;1.2;1.2;1.2;1.2;1.2;1.2;1.2;1.2;1.2;1.2;1.2;0.796026300470762;0.651966586697515;0.64;0.64;0.64;0.64;0.64;0.224658524904131;0.04;0.0958027644349766;0.609848643650907;0.614151224825764;0.04;0.04;0.04;0.04;0.04;0.04;0.020106690079812;0;0.000658698494775729;0.020974274005287
0.92;0.862690137834903;0.687098083632756;0.68;0.70675878321242;0.741752110566478;0.760636443442758;0.817455548223341;1.1751419839463;1.20913334801808;1.2;1.2;1.2;1.2;1.2;1.2;1.2;1.2;1.2;1.2;1.2;1.2;1.2;1.2;1.2;1.2;1.2;1.2;1.2;0.958928470033508;0.659542317647587;0.64;0.64;0.64;0.64;0.576115742238058;0.120788705281069;0.04;0.563499229256762;0.64;0.187079401532287;0.04;0.04;0.04;0.04;0.04;0.00483841884659217;0.00104701790654378;0.0162301468372785;0.04
0.92;0.92;0.870885395293302;0.709542852302873;0.882220682191986;0.92;0.937050507786521;1.62277824196603;3.17090370697901;1.4818886174215;1.2;1.2;1.2;1.2;1.2;1.2;1.2;1.2;1.2;1.2;1.2;1.2;1.2;1.2;1.2;1.2;1.2;1.2;1.2;1.2;1.07481483055134;0.714053308905264;0.64;0.64;0.638903179918845;0.510419800703255;0.04;0.04;0.431180789608898;0.64;0.345256155058353;0.0790155423920883;0.113422565477383;0.04;0.04;0.04;0.0211748527223173;0.0384848200848852;0.04;0.04
0.92;0.92;0.92;0.92;0.92;0.92;1.06326984760153;1.23027058025659;2.20615009863303;1.67833584608055;1.2;1.2;1.2;1.2;1.2;1.2;1.2;1.2;1.2;1.2;1.2;1.2;1.2;1.2;1.2;1.2;1.2;1.2;1.2;1.2;1.17383907355774;0.735829534940438;0.64;0.64;0.635489144793479;0.0935560937046539;0.0770821922714157;0.04;0.148730866679282;0.590339314047105;0.64;0.64;0.629205163201326;0.466204294588882;0.495146257302413;0.407424900983778;0.352829362340984;0.175504085796576;0.0433569748408263;0.04
10.533839101879;19.3194597611187;0.92;0.92;0.92;0.953910900767445;1.17412597064469;1.2;1.4020386698077;2.65214001202844;1.60327720732985;1.8568146357992;1.2;1.2;1.2;1.2;1.2;1.2;1.2;1.2;1.2;1.2;1.2;1.2;1.2;1.2;1.2;1.2;1.2;1.2;1.05713294784142;0.64;0.64;0.64;0.64;0.64;0.518205756107558;0.183291094052372;0.193825494738672;0.366987992358042;0.64;0.64;0.64;0.64;0.624876850152959;0.451209965138735;0.44;0.44;0.136517169233235;0.0467704204655248
35.7494353771852;34.9324117001044;7.03306888626972;0.92;0.92;1.06442749523977;1.2;1.2;1.29256443599855;2.88579387184184;3.01588516367333;2.44816488928989;2.14673545550108;1.27162286350849;1.2;1.2;1.2;1.2;1.2;1.2;1.2;1.2;1.2;1.2;1.2;1.2;1.2;1.2;1.2;1.2;1.10637202457236;0.896717334891382;0.700078825519495;0.64;0.64;0.64;0.64;0.64;0.625638091226123;0.384494478280893;0.561657139816993;0.64;0.64;0.64;0.638112996467055;0.513626571586595;0.44;0.44;0.44;0.107501994383987
38.2;38.2;15.658872720095;0.92;0.957565394623132;1.17335327182526;1.2;1.2;1.28156678446801;6.2355800812103;3.2;2.71574355691439;2.75137748050038;1.84194040012742;1.2;1.2;1.2;1.2;1.2;1.2;1.2;1.19953467430457;1.2;1.2;1.2;1.2;1.2;1.2;1.2;1.2;1.2;1.2;0.853460551149584;0.64;0.64;0.64;0.64;0.64;0.64;0.64;0.64;0.64;0.64;0.64;0.64;0.507941388493169;0.44;0.44;0.44;0.135373646498192
36.8202916340117;5.38020016957516;1.39349823045237;0.92;0.92;1.1256866817968;1.13213397401331;1.1362243350442;37.8973579820275;78.845095852566;28.59720181704;13.118603410992;33.7999343697783;38.3994006882799;35.5421883303572;23.9192192078635;1.2;1.10712839642037;1.2;1.2;1.08280406116801;0.845206047446114;1.19422969402214;1.2;1.2;1.2;1.2;1.2;1.2;1.2;1.2;1.1949103616324;0.68406080752211;0.64;0.64;0.64;0.64;0.64;0.64;0.64;0.64;0.64;0.64;0.64;0.64;0.455446394369938;0.44;0.44;0.44;0.163244737991132
6.21819898942975;1.28722419469051;0.92;0.958094760773503;1.03314824139057;1.10806347727284;1.20993325636272;1.03704385251841;1.91068001549056;36.0953779826735;78.550213288595;70.2217330490397;80.72;80.72;80.72;51.3858635519785;1.11021888625952;0.434584143732647;0.55127479987104;0.856836025480041;0.467452989998069;0.510233116907138;0.973723133191784;1.2;1.2;1.2;1.2;1.2;1.2;1.2;1.2;1.1349888274147;0.645359101734818;0.64;0.64;0.64;0.64;0.64;0.64;0.64;0.64;0.623873196554603;0.43771112739068;0.531242972169537;0.53524966684827;0.469411619013408;2.31706609706367;5.32889547819155;2.93803651360621;0.093791136665125
0.92;0.92;0.92;3.36824354549023;1.81602798501615;1.73134031724231;1.88157690367001;2.00687744768855;1.2;1.2;48.5502158445462;80.4224046477463;80.72;80.72;64.7183162329566;38.0050658111936;0.648105349231997;0.987784920770144;1.06848558258768;1.00027873106687;1.09896087280146;1.19782173008651;0.720488749855408;1.2;1.2;1.2;1.2;1.2;1.2;1.2;1.2;0.990431047202554;0.64;0.64;0.64;0.64;0.64;0.64;0.64;0.64;0.64;0.0411172730625545;0.04;0.04;0.0760279772258561;0.375554311591105;4.26606601656107;10.4;5.39953179701926;0.111320382192103
1.15493239466951;0.92;7.06206844219457;36.5334819095081;25.2566063387829;28.0691507970666;55.4224972866625;70.4541988337025;47.1786512724776;43.0436484464888;49.2890427726964;79.1671686548418;80.72;55.7669772808215;4.35763020308432;1.56005295924137;1.2;1.2;1.2;1.2;1.2;1.2;1.2;1.2;1.2;1.2;1.2;1.2;1.2;1.2;1.2;1.07170512198018;0.670248436639406;0.64;0.64;0.64;0.64;0.64;0.64;0.64;0.403949733837614;0.0400086524808797;0.04;0.04;0.111874048724289;0.447776645332225;3.57118527360372;10.4;5.92632454923703;0.44
1.73766102955549;1.73973870309959;7.16113005384115;34.3309442148169;42.9003173368639;58.7861201769931;18.3227236510584;12.0441417236486;38.4061210071653;80.72;80.72;80.72;80.72;46.1614784782089;1.2;1.2;1.2;1.2;1.2;1.2;1.2;1.2;1.2;1.2;1.2;1.2;1.2;1.2;1.2;1.2;1.2;1.2;0.770332859982271;0.64;0.64;0.64;0.64;0.64;0.64;0.582465455690167;0.123573003620268;0.04;0.04;0.04;0.083904358423315;0.44;0.652517520227757;6.09017601527114;6.62044537318107;0.44
1.34591905341605;1.48769404586144;1.50011654732554;14.3810847565882;42.3442226122993;39.0484105993053;1.2;16.1192752800934;36.1817386020316;67.3134061549743;80.72;80.72;80.72;75.0989552101825;53.3448337357966;37.0412362149901;2.53752476452281;1.2;1.2;1.2;1.2;1.2;1.2;1.2;1.2;1.2;1.2;1.2;1.2;1.2;1.2;1.17955581380333;0.757736457249599;0.64;0.64;0.64;0.64;0.64;0.64;0.278454595770138;0.10786643789646;0.105051279446492;0.04;0.04;0.0559686673525721;0.44;0.44;2.85343973800219;4.7298506060801;0.44
0.924669494411184;0.92;0.923039852069123;1.25915306204546;2.0808153333291;1.2;1.2;38.9785687125061;80.72;80.72;80.72;80.72;47.7174911132265;55.6158671059623;12.1203656438039;42.5004387478892;17.1092146435341;1.2;1.2;1.2;1.2;1.2;1.2;1.2;1.2;1.2;1.2;1.2;1.2;1.2;1.19925995155148;0.90132764669214;0.64;0.64;0.64;0.64;0.64;0.64;0.64;0.380922899285842;0.299884468673214;0.554856854531096;0.122638346853911;0.04;0.04;0.380899044184915;0.44;0.468364148373721;0.44;0.44
0.547592012358594;0.92;0.999390791395096;1.33718071867084;2.07602486936193;30.8650799317643;22.3643262576183;49.545970476783;80.72;80.72;80.72;78.5065503037717;19.3555158694676;1.67518556905257;2.38775088270319;1.3221960842399;1.2;1.29569971393903;1.2;1.2;1.2;1.2;1.2;1.2;1.2;1.2;1.2;1.2;1.2;1.2;1.2;0.648044171002973;0.64;0.64;0.64;0.64;0.64;0.64;0.64;0.633389942147915;0.447971821274518;0.519933892867033;0.320140321098863;0.04;0.04;0.227113100872375;0.44;0.481791958624028;0.525993103696592;0.538302760609426
0.177444473595037;0.936714079412744;1.50630638623367;2.23951425532938;1.96610767717821;54.0047193273051;80.72;27.1560208238573;26.0280926153905;57.7984839623517;80.72;77.6232786383438;22.2963191718132;1.30153325030988;2.40709903666938;1.96799701252392;1.96359870074383;1.79887845270179;1.2;1.2;1.2;1.2;1.2;1.2;1.2;1.2;1.2;1.2;1.2;1.2;1.2;0.685631250911392;0.64;0.64;0.64;0.64;0.64;0.64;0.64;0.64;0.502547375732058;0.43959804406396;0.168605245045226;0.04;0.04;0.250932721734188;0.58050801929608;0.595047673095759;0.6;0.6
0.36758225458845;1.84349157975665;2.00194324547527;1.21702953649539;1.2;16.1576369505499;20.4370837133454;4.90168864313257;11.8963902500664;74.8404683236116;80.72;80.72;44.7714256076742;1.36532016476128;2.43810944614629;1.85892100989253;2.36918617183669;1.48634902913543;1.21179820547212;1.2;1.2;1.2;1.2;1.2;1.2;1.2;1.2;1.2;1.2;1.2;1.2;0.717914995537747;0.628497140603513;0.633077223345176;0.64;0.639189809355233;0.636090673280368;0.632993191047618;0.629897362659965;0.51438399237277;0.4405718044031;0.416190484159309;0.04;0.04;0.04;0.22378585050879;0.6;0.6;0.6;0.6
0.917133672414638;2.42254217762119;1.45352994457725;1.2;1.2;1.2;1.2;1.2;21.6941963414958;80.72;80.72;80.72;79.5977163004055;18.6346797296943;1.4201712024953;1.77988319371697;2.2478470110823;2.6;1.34092954110191;1.2;1.2;1.2;1.2;1.2;1.2;1.2;1.2;1.2;1.2;1.2;1.2;0.733296672759578;0.6;0.602193669762012;0.602396908630151;0.600035537981428;0.6;0.6;0.6;0.590917249076708;0.512697182715274;0.164388845042291;0.04;0.04;0.04;0.184700784809329;0.6;0.6;0.6;0.6
0.879382299047086;2.15193085273681;1.55352073819982;1.2;1.2;1.2;1.2;1.2;28.9018217753722;42.3991015517706;50.3787057912255;38.5600984845971;42.7645351613983;21.2772784723987;1.2;1.2;1.3680363518881;2.42379562901677;1.88343613875242;1.2;1.2;1.2;1.2;1.2;1.2;1.2;1.2;1.2;1.2;1.2;1.2;0.775498422423145;0.6;0.6;0.6;0.6;0.6;0.6;0.6;0.6;0.6;0.235397291077295;0.04;0.04;0.04;0.145616505559254;0.6;0.6;0.6;0.6
1.10327483637937;2.06891849319029;1.23981534562569;1.2;1.2;1.2;1.2;1.2;1.2;1.81452676491384;11.665239738423;9.04757674453935;3.2;2.29321229051333;1.2;1.2;1.44418916313704;2.4487240185296;1.57331070174895;1.2;1.2;1.2;1.2;1.14661297401782;1.03881315586776;1.02053886339833;1.2;1.2;1.2;1.2;1.2;0.874592993409898;0.6;0.6;0.6;0.6;0.6;0.6;0.6;0.6;0.355284078913584;0.0445330052988856;0.04;0.04;0.04;0.106533012771606;0.6;0.6;0.6;0.6
1.21477089632046;2.28534825769851;1.2;1.2;1.2;1.2;1.2;1.2;1.2;1.63307136782381;0.707227975924142;2.03942609303969;3.2;1.71235038965668;1.2;1.22296580193122;2.19737236983922;2.28024272963861;1.63838002993027;1.2;1.2;1.2;0.702029089015856;0.342594259753976;0.12;0.178643404416402;0.478399641903708;0.926084667043988;1.2;1.19871875250199;1.2;1.17947182706193;0.844172844908269;0.6;0.6;0.6;0.6;0.6;0.6;0.451713169785941;0.0623974924346428;0.04;0.04;0.04;0.04;0.345069534325333;0.6;0.6;0.6;0.6
1.2;2.08140447991166;1.2;1.2;1.2;1.2;1.2;1.2;1.2;1.16802975876279;0.429589933490445;0.86612912349142;2.65316096769102;1.52051545279828;1.2;1.2;1.20235305327268;1.56052982614275;2.13244951339844;1.30691049907184;1.2;0.395755297335197;0.123533852845989;0.12;0.12;0.12;0.12;0.151592522233172;0.171017679289822;0.56292328358423;0.789515646532566;1.00482942778182;1.15873717165732;0.549630507509365;0.6;0.596343875209708;0.560145029333979;0.591714233766693;0.6;0.222201092025044;0.04;0.04;0.04;0.04;0.201117831579656;0.594791304408626;0.49834469242217;0.501839450052568;0.6;0.6
1.78071882250434;1.80998421447432;1.20310556075103;1.2;1.2;1.2;1.2;1.02688832323645;0.926073735471815;0.869475758279767;0.554698319371329;0.323509218395311;2.05263375335172;1.2;1.2;1.2;1.2;1.2;1.50267772782602;1.94139114575277;1.2;0.592668781266924;0.12;0.12;0.12;0.12;0.12;0.12;0.12;0.12;0.12;0.12;0.368127285069914;0.0606173389148097;0.0884458918740973;0.0479397723820992;0.04;0.206996851209209;0.317097931686479;0.0499592752484322;0.04;0.04;0.04;0.04;0.278167624931649;0.472850482412853;0.104851185977899;0.437592779241534;0.6;0.6
1.2;1.2;1.2;1.2;0.971661709892668;0.737985013522021;0.681296901794896;0.520197732815936;0.48;0.48;0.48;0.360101989493053;2.10360053525647;1.2;1.2;1.2;1.2;1.2;1.2;1.2;1.2;1.17919042498763;0.383288604005907;0.12;0.12;0.12;0.12;0.12;0.12;0.12;0.110686053617287;0.0992813804901671;0.0343219486938984;0.0141915753704678;0.0163989455642926;0.04;0.04;0.04;0.04;0.04;0.04;0.04;0.04;0.0949037239014245;0.377976423858858;0.0657962965369892;0.116997866834883;0.583855467806642;0.6;0.6
1.2;1.2;1.2;1.2;0.511149496556911;0.48;0.48;0.48;0.48;0.48;0.388054933019967;0.253306370348374;0.930008591064496;0.963046451258618;1.2;0.900016502236599;0.866103046849716;1.19264439754535;1.2;1.2;1.2;1.2;0.471108296011621;0.12;0.12;0.12;0.12;0.12;0.114651805351423;0.0584144402571022;0.0135704773279901;0;0;0;0.000126287337711367;0.0229431777751713;0.04;0.04;0.04;0.04;0.04;0.04;0.04;0.04;0.04;0.0781811612099006;0.480937952522402;0.6;0.6;0.6
0.669644723753538;0.859987732951306;0.99603763946842;0.95036704790592;0.48;0.48;0.48;0.48;0.48;0.48;0.337447085933201;0.19270350993607;0.47356529616271;0.574181329994852;1.02506274148851;0.506218860563853;0.48;0.839858260348366;1.2;1.08908287555583;0.34343794084199;0.763704457925818;1.09981737916606;0.600606968677858;0.149298402050006;0.12;0.12;0.0808318191271841;0.00792351019327192;0;0;0;0;0;0;0.000877526272152962;0.0289421582114178;0.04;0.04;0.04;0.04;0.04;0.04;0.04;0.04;0.190861980158169;0.467313901876327;0.6;0.37084025229319;0.43643992991868
0.48;0.48;0.494969912091929;0.5004621787105;0.48;0.48;0.48;0.48;0.48;0.48;0.262624393019126;0.04;0.163336850506666;0.148111542357132;0.432989681434999;0.48;0.48;0.553030196360114;1.04014408738403;0.89716239449802;0.156271771223883;0.181504489306197;1.2;1.2;0.725650504551838;0.0530803546898608;0.0275533217781689;0.0022441795774598;0;0;0;0;0;0;0;0;0.000625740008639847;0.0263070947294646;0.04;0.04;0.04;0.04;0.04;0.04;0.04;0.104524922001109;0.0594218508479904;0.0976732184490189;0.0446173879250826;0.139969988671142
0.48;0.48;0.48;0.48;0.48;0.48;0.48;0.48;0.48;0.48;0.194946148854168;0.04;0.0985628338467383;0.336351315952831;0.474689220907627;0.48;0.48;0.48;0.539423990710657;0.932536420008274;0.250236490005962;0.532411605979451;1.19860778134392;0.891995247177904;0.235047418999086;0;0;0;0;0;0;0;0;0;0;0;0;0.000490774044765766;0.0236631367638311;0.04;0.04;0.04;0.04;0.04;0.04;0.04;0.04;0.04;0.0352012409262661;0.0120804825689556
0.48;0.48;0.48;0.48;0.48;0.48;0.48;0.48;0.48;0.3692272971849;0.0430885826524339;0.216630556594232;0.437942513104857;0.48;0.48;0.48;0.48;0.456117856645957;0.389054065446687;0.143025154159513;0.18468319904468;1.01262917927462;1.2;0.330999983963192;0;0;0;0;0;0;0;0;0;0;0;0;0;0;0.000369085101317351;0.0210109834178694;0.04;0.04;0.04;0.04;0.04;0.04;0.04;0.0382355556593026;0.00786455907217837;0
0.463747657281928;0.48;0.48;0.48;0.48;0.48;0.48;0.48;0.418460404998617;0.0726747188910349;0.0679486073586717;0.48;0.48;0.48;0.48;0.414427153737164;0.272926585396612;0.0401516856366034;0.04;0.04;0.102441120326441;0.783079055922675;1.3399576562424;0.0948423367548498;0;0;0;0;0;0;0;0;0;0;0;0;0;0;0;0.000259974245749211;0.018351333035163;0.04;0.04;0.04;0.04;0.04;0.04;0.0138916492731226;0;0
0.448946561332714;0.48;0.48;0.48;0.48;0.48;0.48;2.58999988660976;2.3033265493153;0.04;0.814292344132051;0.53436851921359;0.57301651558687;0.413866695841296;0.187324115129942;0.075534048225177;0.04;0.04;0.04;0.04;0.04;0.0736693456200466;0.0899588351817479;0;0;0;0;0;0;0;0;0;0;0;0;0;0;0;0;0;0.000560869955876842;0.0326058797485558;0.04;0.04;0.04;0.04;0.0210946200612257;0.000167361567298519;0;0
0.48;0.48;0.48;0.48;0.48;0.619939699200975;3.15199074758918;19.8822276288878;16.0549597149843;3.30490957405778;1.15631203926578;1.11616584068168;0.70058729835087;0.102326247105628;0.2120832460994;0.311190420604325;0.0874864060460127;0.04;0.04;0.04;0.04;0.04;0.0208950763675541;0;0;0;0;0;0;0;0;0;0;0;0;0;0;0;0;0;0;0.00190988835430307;0.0311854533872373;0.04;0.04;0.0279154903830602;0.00150881017620644;0;0;0
0.436166498630417;0.288226266826452;0.440272807461686;0.48;0.48;7.86485837119837;26.534424486847;23.7512920236178;11.4171324486708;2.0256210949345;0.984052629836136;0.335370288887604;0.0972364060141581;0.265748574430039;0.223605873899373;0.0616384662413838;0.04;0.04;0.04;0.04;0.04;0.04;0.0364865841450724;0.00655638223140695;0;0;0;0;0;0;0;0;0;0;0;0;0;0;0;0;0;0;0.000511888877368446;0.0284804167226509;0.033829995893452;0.00376023961486031;0;0;0;0
0.211259922023369;0.158648228050303;0.387000753409361;0.48;0.742625355762058;16.4930888478574;23.6137559551611;1.16631176415623;1.13652881040983;0.936403377971495;0.613721900505537;0.226068553958288;0.211843410430036;0.0475491253152951;0.04;0.04;0.04;0.04;0.04;0.04;0.04;0.04;0.04;0.015713967956882;0;0;0;0;0;0;0;0;0;0;0;0;0;0;0;0;0;0;0;0.000392177528805963;0.00692311341474864;0;0;0;0;0
0.40701323114289;0.48;0.48;0.48;11.7943642109065;20.4607061777863;17.1678828814495;9.15378420867172;0.59671290420752;0.487567407376528;0.495434473952007;0.251153715305816;0.04;0.04;0.04;0.04;0.04;0.04;0.04;0.04;0.04;0.04;0.04;0.0280527201334601;0;0;0;0;0;0;0;0;0;0;0;0;0;0;0;0;0;0;0;0;0;0;0;0;0;0
0.48;0.48;0.48;0.48;0.603986862744702;0.48;0.48;0.48;0.48;0.48;0.348809906138374;0.125839878923639;0.04;0.04;0.04;0.04;0.04;0.04;0.04;0.04;0.04;0.04;0.04;0.0396460494202096;0;0;0;0;0;0;0;0;0;0;0;0;0;0;0;0;0;0;0;0;0;0;0;0;0;0
0.450776973616007;0.322726858771571;0.472629897117249;0.48;0.48;0.48;0.48;0.48;0.48;0.48;0.474851545034322;0.251405965270714;0.163675395297822;0.04;0.04;0.04;0.04;0.04;0.04;0.04;0.04;0.04;0.04;0.04;0.0130677209802265;0;0;0;0;0;0;0;0;0;0;0;0;0;0;0;0;0;0;0;0;0;0;0;0;0
0.165328944965586;0.368561571547136;0.48;0.48;0.48;0.48;0.48;0.48;0.48;0.48;0.277230184032516;0.0510916056094441;0.188603209292977;0.04;0.04;0.04;0.04;0.04;0.04;0.04;0.04;0.04;0.04;0.04;0.04;0.0159262863855277;0;0;0;0;0;0;0;0;0;0;0;0;0;0;0;0;0;0;0;0;0;0;0;0
0.175327553793458;0.453834651766447;0.48;0.48;0.48;0.48;0.48;0.48;0.48;0.48;0.383270934314189;0.0583096788918527;0.04;0.04;0.04;0.04;0.04;0.04;0.04;0.04;0.04;0.04;0.04;0.04;0.04;0.04;0.0187555604673119;0;0;0;0;0;0;0;0;0;0;0;0;0;0;0;0;0;0;0;0;0;0;0
0.42598530480955;0.149553296207138;0.285889517037898;0.184336020225494;0.457701471964327;0.48;0.48;0.48;0.48;0.48;0.249435737239482;0.0505335531968312;0.0431791151145428;0.04;0.04;0.04;0.04;0.04;0.04;0.04;0.04;0.04;0.04;0.04;0.04;0.04;0.04;0.0159560016654295;0;0;0;0;0;0;0;0;0;0;0;0;0;0;0;0;0;0;0;0;0;0
0.48;0.36479323590539;0.04;0.115745732602527;0.273855484713381;0.448703654154067;0.47986772296552;0.328361693415118;0.429962425644493;0.407205794769699;0.097287005355459;0.438307469734314;0.222029634686966;0.04;0.04;0.04;0.04;0.04;0.04;0.04;0.04;0.04;0.04;0.04;0.04;0.04;0.04;0.0231650997818448;0;0;0;0;0;0;0;0;0;0;0;0;0;0;0;0;0;0;0;0;0;0
0.48;0.448769773876481;0.04;0.04;0.0948851967594923;0.354383500187386;0.397768179901461;0.118750827486225;0.0874032397967697;0.225163133328778;0.389734745062364;0.48;0.337642728437949;0.04;0.04;0.04;0.04;0.0406310196030052;0.04;0.04;0.04;0.04;0.04;0.04;0.04;0.04;0.04;0.0297753942483591;0.00172178069175514;0;0;0;0;0;0;0;0;0;0;0;0;0;0;0;0;0;0;0;0;0
0.455214120805417;0.478033235370455;0.369951648027863;0.04;0.0908548323612856;0.0913877333318225;0.04;0.04;0.04;0.04;0.295806031314889;0.48;0.379906419258035;0.0548341935336631;0.04;0.272101617541173;0.437536548952712;0.429916835000506;0.04;0.04;0.04;0.04;0.04;0.04;0.04;0.04;0.04;0.04;0.00742933372543193;0;0;0;0;0;0;0;0;0;0;0;0;0;0;0;0;0;0;0;0;0
0.48;0.48;0.478833848175318;0.217904940462687;0.04;0.04;0.04;0.04;0.04;0.04;0.0709541301534403;0.47497915522242;0.303787446341132;0.0818211536002313;0.04;0.415247029274981;0.48;0.469379048307333;0.04;0.04;0.04;0.04;0.04;0.04;0.04;0.04;0.04;0.04;0.0257613291111979;0;0;0;0;0;0;0;0;0;0;0;0;0;0;0;0;0;0;0;0;0
0.48;0.48;0.48;0.45390502311985;0.04;0.040101483010473;0.04;0.04;0.04;0.04;0.04;0.0442126300248783;0.04;0.04;0.12042789354136;0.461909625187316;0.48;0.48;0.0466176457068883;0.04;0.04;0.04;0.04;0.04;0.04;0.04;0.04;0.04;0.0386423989458113;0.00924430053867419;0;0;0;0;0;0;0;0;0;0;0;0;0;0;0;0;0;0;0;0
0.490062242383044;0.467552987296061;0.448469291741304;0.396505306726688;0.0860897418191184;0.0699980233841627;0.0518479328661013;0.04;0.04;0.04;0.04;0.04;0.04;0.0694053381806753;0.382832078775452;0.48;0.48;0.48;0.184585681429439;0.04;0.04;0.04;0.04;0.04;0.04;0.04;0.04;0.04;0.04;0.0300101755467503;0;0;0;0;0;0;0;0;0;0;0;0;0;0;0;0;0;0;0;0
