0.04;0.04;0.04;0.04;0.04;0.04;0.04;0.04;0.04;0.04;0.04;0.04;0.04;0.04;0.04;0.04;0.04;0.04;0.04;0.04;0.04;1.70519531704364;1.72;1.72;0.169214420697128;0.607100173255364;0.00233217336196041;0.391679070627328;0.392723507350183;0.113766216241631;0.319692353596206;0.317838082301058;0.252279244082607;0.196594833279601;0.109369045355851;0.0642795633976799;0.08;0.199910700711153;0.0913605384209062;0.08;0.0707534405372886;0.0682294406609692;0.0455964099545963;0.04;0.04;0.0775683458870085;0.488090062956549;0.352530847317833;0.185881993096868;0.0801299647919992
0.04;0.04;0.04;0.04;0.04;0.04;0.04;0.04;0.04;0.04;0.04;0.04;0.04;0.04;0.04;0.04;0.04;0.04;0.04;0.04;0.04;1.47795669946353;1.72;1.72;1.36584605457566;0.620219071980828;0;0.186290492521509;0.406761117951501;0.257694738091347;0.0554126389504496;0;0;0;0;0.013073678938336;0.079382388857145;0.0711763535581976;0.0500730018591974;0.0451408965552691;0.402197113844844;0.508655791545122;0.118568220862063;0.04;0.04;0.414232874478693;0.68;0.873963379503688;0.950909285714481;0.242680900206603
0.04;0.04;0.04;0.04;0.04;0.04;0.04;0.04;0.04;0.04;0.04;0.04;0.04;0.04;0.04;0.04;0.04;0.04;0.04;0.04;0.04;0.263875821633577;1.63972702047039;1.62994695107922;0.599139483391943;0.00249428577406494;0.0204660485981031;0.962592605707374;0.684773712771704;0.68;0.589200711760862;0.496297471241845;0.336667291894602;0.422372214937583;0.440679044738065;0.168554335759331;0.0203429724975217;0.04;0.04;0.169680283595609;0.659893183863856;0.68;0.553692976986091;0.301392632405294;0.0427812657718132;0.474898974190289;0.68;0.941788395532966;0.96;0.365806743982293
0.04;0.04;0.04;0.04;0.04;0.04;0.04;0.04;0.04;0.04;0.131372331361962;0.395921414957078;0.0652780872504227;0.04;0.04;0.04;0.04;0.04;0.04;0.04;0.04;0.04;0.398101736509853;1.01803314882254;0.0238884286138129;0.0285682115379612;0.00104490731093777;1.17203497021621;0.68;0.68;0.68;0.68;0.68;0.68;0.68;0.533329599745913;0.0414606302660424;0.243915067750748;0.095329225072688;0.199764130571774;0.675763593269895;0.68;0.68;0.604176828258296;0.0671476731600406;0.68;0.68;0.913560000229115;0.96;0.888954709726437
0.04;0.04;0.04;0.04;0.04;0.04;0.04;0.04;0.04;0.04;0.0938152514255988;0.888372631830612;1.53420342030451;0.243547176464313;0.168306041889978;0.04;0.04;0.04;0.04;0.04;0.04;0.04;0.04;0.04;0.04;0.0388778723775196;0.1944739757355;0.675815652757676;0.68;0.68;0.68;0.68;0.68;0.68;0.68;0.623405312472158;0.569002045521863;0.523509283623797;0.139754536432807;0.39318153983757;0.68;0.68;0.62476007469018;0.386753801547874;0.28270295750985;0.49089541561702;0.665274527718951;0.946214383073556;0.96;0.96
0.0466768851671368;0.0999139500998843;0.04;0.04;0.04;0.04;0.04;0.04;0.04;0.04;0.17436560129006;0.549030531197714;1.56;1.56;0.613508275650039;0.04;0.04;0.04;0.04;0.04;0.04;0.04;0.04;0.04;0.04;0.0327757242918752;0.393719856944655;0.68;0.68;0.62111961197257;0.648192055307087;0.68;0.68;0.68;0.68;0.68;0.636460033764934;0.233583475986204;0.04;0.102356479258393;0.512578270696158;0.309723118790239;0.287782398680169;0.136517063561602;0.0441922385001177;0.0438991759389336;0.542905704147773;0.96;0.96;0.96
0.44;0.716460364202125;0.459472371040848;0.0841843450634356;0.04;0.04;0.04;0.04;0.04;0.372991765296962;1.34084734946784;1.06742736402373;1.56;1.23789652997521;0.0655034103821648;0.283078642216634;0.04;0.04;0.04;0.04;0.04;0.04;0.04;0.04;0.04;0.0145984875784007;0.598818286984055;0.614449813472309;0.0978895657827138;0.071852160254287;0.159609903212856;0.267457838859492;0.538407180697295;0.68;0.68;0.68;0.679031837627555;0.507780215619128;0.487285068555176;0.565123271616699;0.354599747713011;0.240528027113439;0.216736954070611;0.251429131721331;0.534018857384192;0.351762911084814;0.329075776606061;0.564622286209502;0.96;0.96
0.223430836198322;0.763667693748548;0.671063776673749;0.04;0.04;0.04;0.04;0.04;0.04;0.691139467322431;1.56;1.56;1.56;1.4034452622393;0.506405710942065;1.02119535987767;0.928981347603824;0.11877596066013;0.04;0.04;0.04;0.04;0.0324271978081181;0.0268395481765736;0.00708666198828609;0.187920135914049;0.68;0.659522764314976;0.174695593191317;0.31413788587779;0.312349054840194;0.244549516434222;0.32940780164556;0.679503195038792;0.68;0.68;0.68;0.68;0.68;0.68;0.519329237116309;0.170539690664809;0.68;0.68;0.633331932771903;0.411452093362017;0.267651383651298;0.602964958897132;0.96;0.96
0.04;0.0836029603887316;0.607470061267915;0.04;0.04;0.172361159858173;0.991085906293332;0.785440008152928;1.49788309844369;1.56;1.56;1.56;1.56;1.04795811287807;0.938472485092748;1.02284239725263;1.16207155452655;0.809558319950476;0.0302706306006901;0.04;0.0299648953035659;0.0169613004413899;0.00186563665579263;0;0.0508527178905792;0.610848588268165;0.630710522502496;0.62110127606811;0.509991400359534;0.0442805334906657;0.649377288876474;0.511550035466331;0.68;0.68;0.68;0.68;0.68;0.68;0.68;0.68;0.667606612699301;0.68;0.68;0.68;0.737128664903444;0.96;0.667970844473248;0.722480340900679;0.96;0.96
0.04;0.574597066601163;0.901809972615263;0.323822629160227;0.759074866832291;1.56;1.46057038334413;1.27882660221187;1.16910639292328;1.0550443865167;0.945402372589987;0.835798770463001;0.726233580234088;0.68;0.68;0.68;0.432999034926763;0.307131567402378;0.00295251918717019;0.023769871742298;0.00242258111197747;0.000503383649278303;0.00740651019620709;0.103004141202387;0.639255906489498;0.668950093467672;0.512520082902685;0.295510719570766;0.5438550142226;0.377615686399177;0.216352731040761;0.049031830465651;0.157293773278327;0.326718471683562;0.400612399766638;0.68;0.68;0.68;0.68;0.68;0.68;0.68;0.68;0.68;0.89357551046693;0.96;0.595344388861815;0.905325338811241;0.96;0.96
0.0806118361079643;0.805231825537341;0.92;0.823362691664435;0.238847681933978;0.701145090615284;0.391525960438839;0.1586980439201;0.366062155286785;0.68;0.68;0.68;0.68;0.646062850488192;0.571494953593571;0.475632292179323;0.0512596206359363;0.0317139145336089;0.00268454817058966;0;0;0.00394252610713971;0.04;0.0785388113299423;0.246194051972446;0.287877613874261;0.04;0.107941188669615;0.516293703386615;0.56308485444038;0.04;0.04;0.183172332538317;0.315527814079038;0.0579769737458744;0.43130486879297;0.68;0.68;0.68;0.68;0.68;0.68;0.68;0.709914665128538;0.950158370733595;0.96;0.96;0.96;0.96;0.96
0.862450572692207;0.92;0.92;0.598721990590328;0.04;0.04;0.04;0.04;0.390414382787494;0.68;0.68;0.68;0.68;0.187385450781882;0.0409320604732911;0.102641106784639;0.04;0.04;0.0340956379254814;0.031917254327843;0.021477398338392;0.0300340649565348;0.04;0.04;0.04;0.0606152405646646;0.130273520244658;0.457619941669607;0.217316622728444;0.419778246121613;0.128283424734911;0.336938485295665;0.640876751811802;0.68;0.523790679060726;0.592569930693734;0.68;0.68;0.68;0.68;0.68;0.68;0.68;0.690532496938249;0.96;0.96;0.96;0.96;0.96;0.96
0.92;0.92;0.92;0.513297569722634;0.04;0.0442510076881093;0.145529790319502;0.225360230899602;0.482607800010592;0.68;0.68;0.68;0.68;0.25129831915828;0.04;0.04;0.04;0.04;0.04;0.04;0.04;0.0468234800440138;0.04;0.04;0.04;0.514154763467424;0.6;0.6;0.586800777041072;0.110731750606004;0.726584579885299;0.68;0.68;0.68;0.68;0.68;0.68;0.68;0.68;0.68;0.68;0.68;0.68;0.774689784512524;0.96;0.96;0.96;0.96;0.96;0.96
0.92;0.892799017689936;0.78313157855738;0.254559623664487;0.04;0.0516581552866516;0.257660110182315;0.466422722041053;0.573719306501762;0.68;0.68;0.68;0.38911512593776;0.04;0.04;0.04;0.04;0.04;0.04;0.04;0.361791546962667;0.521925289722891;0.0849276428858061;0.181251148487818;0.130154395551643;0.598901853819329;0.6;0.6;0.6;0.149139157620259;0.886388019258622;0.785005833604067;0.68;0.68;0.68;0.68;0.68;0.68;0.68;0.68;0.68;0.68;0.68;0.802609590748396;0.96;0.96;0.96;0.96;0.96;0.96
0.419258339224524;0.12731720988563;0.04;0.04;0.04;0.0646568399719894;0.174331691409544;0.301103740570109;0.512388088805977;0.68;0.68;0.68;0.323258324555308;0.04;0.04;0.04;0.546422311872336;0.347366601492971;0.0649948177833521;0.434642070923342;0.635610532660037;0.673522424054046;0.474922149418988;0.544293935651705;0.420423114674807;0.6;0.6;0.6;0.6;0.332626928433495;0.452248905867691;1.17660341411101;0.68;0.68;0.68;0.68;0.68;0.68;0.68;0.68;0.68;0.68;0.682703722302579;0.886380196781698;0.96;0.96;0.96;0.96;0.96;0.96
0.894968668606877;0.351728003927482;0.0986806023322809;0.513153122226539;0.707008552722557;0.99230929290615;1.06881576259001;0.518301734862762;0.726261122811769;0.68;0.68;0.552202497008422;0.131576173104013;0.04;0.04;0.04;0.0953474001022576;0.48694691207983;0.55067077189239;0.632360666821449;0.68;0.68;0.652282459024376;0.6;0.6;0.6;0.6;0.6;0.6;0.6;1.12865571086654;0.951534708152769;0.68;0.68;0.68;0.68;0.68;0.68;0.68;0.68;0.68;0.68;0.766307669426155;0.96;0.96;0.96;0.96;0.96;0.96;0.96
0.80407367188937;0.907964631274977;0.747706670191249;1;1;1.04611463414919;0.839981149096905;0.338275983782435;1.0192598096965;0.780507331451163;0.68;0.385805820099147;0.194667469599593;0.04;0.04;0.04;0.125753617415599;0.607579158637165;0.675877140908722;0.62219255645589;0.68;0.68;0.676779184796373;0.619983028354289;0.6;0.6;0.6;0.6;0.511390152368711;0.593782867444281;1.07380723924175;0.783822391137853;0.68;0.68;0.68;0.68;0.68;0.68;0.68;0.68;0.68;0.68;0.87732388733705;0.96;0.96;0.96;0.96;0.96;0.96;0.96
0.286352563418461;0.333061860596342;1;0.971928362782173;1.00567841646515;0.316197645790912;0.04;0.543296278592111;0.675507313758135;0.308037812797715;0.341581252088495;0.570823496246132;0.147013186671925;0.04;0.04;0.04;0.04;0.0491030356465665;0.325735983414885;0.432297363289446;0.68;0.68;0.68;0.635314086697157;0.6;0.6;0.6;0.6;0.41559004942663;0.188554588253048;0.279603558078663;0.4182206164626;0.735098034791462;1.14086198621851;0.7068201892083;0.68;0.68;0.68;0.68;0.68;0.68;1.23475364536815;1.85170392993533;1.31235045210702;1.66095986638016;0.96;0.96;0.96;0.818753999845097;0.96
0.624303017198833;0.300614425323979;1.02726670110575;1.04409575667835;1.03632233402975;0.104957054808037;0.04;0.04;0.218843666565105;0.0557080189183821;0.335635928174298;0.409015453664541;0.235122566835569;0.04;0.04;0.04;0.04;0.294192104971566;0.68;0.68;0.68;0.68;0.68;0.64;0.6;0.6;0.6;0.6;0.387790036654442;0.04;0.0738715526737698;0.62650636153091;0.672658642083673;1.24056232603552;1.48072952669523;0.750002868160847;0.68;0.68;0.68;0.68;0.68;1.32765643547957;2.24;2.1691435791936;1.65965062405798;1.118759633188;0.63496805605862;0.692450228505167;0.130494551777158;0.427274187625975
0.752113621028005;0.737021112090124;1.1993488591427;1.04;0.659893801566968;0.0479238119247969;0.100949293403912;0.04;0.414812593216682;0.891902012270309;0.0938381346202496;0.331137157394802;0.23507920699059;0.04;0.04;0.04;0.04;0.0955255984150601;0.68;0.68;0.68;0.68;0.677568925061214;0.619765577511222;0.6;0.6;0.6;0.464386520369473;0.0859976676031085;0.0493501179629179;0.11504893148767;0.932139551571837;0.93631041841001;1.58351077508376;1.72;1.48332894421732;0.68;0.68;0.68;0.68;0.721373880321824;0.928212824281496;2.23720368780009;2.00048225979405;1.2;1.2;0.224200042746131;0;0;0.0693113621726632
0.855156483975754;1.13129018793728;1.10066773338192;0.835234560608674;0.60324890257564;0.04;0.731424080766629;0.0474041317717638;0.213398961128533;1.08354864545664;0.86321524117531;0.314250969366038;0.100666958767223;0.04;0.04;0.04;0.04;0.184745164876007;0.68;0.68;0.68;0.68;0.643474635296082;0.6;0.6;0.6;0.495766940145349;0.295418871114938;0.491897060013658;0.439270181953718;0.127592320202901;0.683930312006671;1.71571892902208;1.72;1.72;1.34519391639915;0.68;0.68;0.68;0.68;0.735153258737895;0.965546930095693;2.1171840071445;1.72588983625434;1.2;1.2;0.0263913669394432;0;0.0934550003885923;0.631852590484525
0.106290844498575;0.0852882760194469;0.04;0.04;0.597941575198886;0.602418702116785;0.812472406530546;0.461210004587867;0.6781853156859;0.396358345765954;1.07801070527811;0.855697910216124;0.289935470926017;0.04;0.04;0.04;0.04;0.175370313765168;0.315526982331768;0.68;0.68;0.649700961347562;0.6;0.6;0.6;0.6;0.406894624948604;0;0.123177555899951;0.80184267578552;0.260205444395543;0.301519219280122;1.39097230351367;1.72;1.72;1.29806988380235;0.68;0.68;0.68;0.68;0.786396185157259;0.929196496464126;1.41204534562684;1.2;1.2;0.851278092709585;0;0;0.568508949260265;0.801590288324358
0.04;0.455920647710293;0.264666689966537;0.185960589298004;0.876044149125386;1.04;0.373876888394589;0.167723903026502;0.540536402077997;1.06935703760435;1.06730306730067;1.13373399548368;0.424811610364393;0.04;0.04;0.04;0.04;0.04;0.342438476307196;0.402451135268508;0.192832520614756;0.54081621235062;0.6;0.6;0.6;0.6;0.575927699771563;0.0360227033132001;0.030077488751011;0.142846957529669;0.67988867680077;1.59419286807625;0.785922959985106;1.67553597547268;1.72;1.61760228494697;0.906297816788613;0.68;0.68;0.764114771000268;0.838500618790231;0.95929290829511;1.2;1.2;1.2;0.480054284986109;0.410601930820948;1.45529941625781;1.85789185024449;1.06069074571049
0.04;0.902749296383699;0.82250663265119;0.841799508027919;1.04;1.04;0.79354788875352;0.724928476474015;0.291295857597481;0.429432723700233;1.0433604335144;0.676598538401216;0.648964969244367;0.04;0.04;0.122629556760894;0.482469049206692;0.568915950762583;0.511571080464299;0.0571824208367277;0.0814869276370471;0.363609502486605;0.306605920003706;0.582429483573548;0.6;0.6;0.6;0.28934997973172;0.00974753567525269;0.037962766468428;0.435489417598397;1.40480615861434;1.25168311307825;1.24604791238317;1.72;1.72;1.49350259516238;0.754984848044918;0.689427313652703;0.823139263385997;0.881556594335158;1.17427598479722;1.2;1.2;1.2;0.555153024579864;0.555642305284366;2.24;1.82735360801155;0.921072419340354
0.04;0.62073658163564;1.03819736374426;0.305162559113823;0.835341202974031;0.322777928243898;1.00091341660532;0.663459195740483;0.312532251033669;0.04;0.589369761055896;0.262431088954836;0.309422751375481;0.04;0.04;0.285207637053417;0.335372838327173;0.446240744149206;0.344947342614736;0.315390908951238;0.117174269650439;0.04;0.305380976271042;0.587084149135897;0.6;0.6;0.6;0.507165580116427;0;0.0119519149861178;0.251723625073032;0.608252411226753;1.72;1.72;1.72;1.72;1.72;1.33291443360916;0.768341934260844;0.84;0.990398309390622;1.2;1.2;1.2;1.2;0.611058569798246;0.329877161778137;2.24;1.7946029775843;0.823175988944333
0.0403189782163128;0.0534628388355388;0.838207405928988;0.481841002969837;0.218371035960103;0.195995756413575;0.499802367961965;0.04;0.04;0.04;0.74464700930662;0.198647458074847;0.121701868159571;0.04;0.04;0.0775323924797224;0.0690628240440673;0.453882327274279;0.586005236036414;0.6;0.492390999801252;0.0464590151193931;0.04;0.30167598706233;0.6;0.6;0.6;0.6;0.229672264774364;0.0134797038980882;0.04;0.0919425999821197;1.70867936360068;1.72;1.72;1.65015655775812;1.42690196169053;0.916693732187739;0.84;0.878757487298383;1.16645095041364;1.50100530995969;1.25416229140409;1.2;1.2;0.895555636563424;0.380988399111331;1.91039307345667;1.51376290545287;0.697218974535354
0.0411869488501764;0.04;0.721057077568545;0.970758522592402;0.0525494144261465;0.04;0.04;0.04;0.04;0.04;0.620560543211505;0.981233183611184;0.82457513176231;0.144764510856715;0.04;0.04;0.04;0.0552417747094999;0.0522661216309294;0.587560834544191;0.210900655161812;0.04;0.04;0.159893780612666;0.6;0.6;0.6;0.6;0.545980655406584;0.0480771492162751;0.0508631082212552;0.304004150970609;1.43205511896145;1.72;1.72;1.17997232825179;0.84;0.84;0.84;1.00627162402631;1.22198628708723;2.02265789199906;1.39426798356501;1.2;1.2;1.2;1.2;1.2;1.2;0.753607740851398
0.04;0.04;0.126048818569307;0.287870322085052;0.04;0.04;0.04;0.04;0.04;0.04;0.0395271011313175;0.186457858345774;1.0259224082483;0.801569546816116;0.162688521995209;0.04;0.04;0.04;0.04;0.228123864937699;0.04;0.04;0.0411222354430548;0.141302503713315;0.6;0.6;0.6;0.6;0.6;0.406649477584109;0.539050429008742;0.845084548113909;0.88;0.9968280928668;1.28431597089544;1.42600996630701;1.11091325876318;0.844632216916261;0.84;0.969900129362242;1.34466427192548;2.24;1.49924817318153;1.2;1.2;1.2;1.2;1.2;1.2;0.809995292454958
0.04;0.04;0.04;0.04;0.04;0.04;0.04;0.04;0.04;0.0255388797159026;0.0158701057502131;0.227072100863618;1.01840096457564;1.03502000458372;0.587306019442327;0.166743485804182;0.291135393322911;0.187333896236709;0.04;0.04;0.238965455827;0.248566316990647;0.222419797778027;0.485827862201908;0.668515568720363;0.703235248818807;0.680673877344406;0.630670546165203;0.614299199189709;0.754149338100771;0.874687450530054;0.88;0.88;0.88;0.841152744138814;1.08650214871167;1.72;1.38790500994378;1.03022831413463;1.02652731439297;1.97200500461554;2.24;1.60422610130627;1.2;1.2;1.2;1.02592314988941;1.13562454270279;1.1930092367909;0.681233699292553
0.04;0.04;0.04;0.04;0.04;0.04;0.0394757868458886;0.0360185197925381;0.0308005628230624;0.000642938180487407;0;0.454399822392863;1.04;1.04;1.04;1.04;1.04;0.727662686242256;0.22229501379225;0.325580948858361;0.268895810916567;0.701499760267325;0.346243104492584;0.743538800577848;0.88;0.88;0.88;0.88;0.814922036717003;0.88;0.88;0.88;0.88;0.88;1.05258495273721;1.69121847114447;1.72;1.72;10.1597084768208;5.40858715551254;16.3860421418574;5.39245285635976;1.701479066977;1.2;1.2;1.19429360768577;0.656449950812574;0.809002337651702;0.805934384197276;0.64
0.0466842266866033;0.04;0.04;0.04;0.04;0.04;0.0311704674736275;0.0112483174734771;0.0168995840333572;0;0;0.0541206872736559;0.337055528186282;0.955888399459665;1.04;1.04;1.04;0.989932953400109;0.753382541220008;0.900215594564334;0.704522368205447;0.877455109672324;0.708131883350504;0.88;0.88;0.88;0.88;0.88;0.88;0.88;0.88;0.88;0.88;0.88;0.873891324707196;1.00705514348826;1.33904344433365;1.42652575382004;29.7527766473868;36.9305019342768;45.4358088054681;53.8730401305344;65.3398282913175;35.144239281684;4.93120363318469;1.04154958443861;0.870692939130947;0.64;0.64;0.64
0.04;0.04;0.04;0.04;0.04;0.0275204931989026;0.00101846166606992;0;0;0;0;0.326809202325903;0.497241971170734;0.901806026911666;1.04;1.04;1.01410262746537;0.88526646143425;0.88;0.88;0.88;0.88;0.88;0.88;0.88;0.88;0.88;0.88;0.88;0.88;0.88;0.88;0.88;0.88;0.861942619248714;0.84;0.84;0.84;1.89180346204254;14.3391496587487;11.4205244461229;10.9924794264828;4.87994010860389;35.7895999584199;51.1717312427352;5.95228407100257;0.335563093905592;0.437884231020689;0.202258249302208;0.123564899723977
0.04;0.04;0.04;0.0370953286184181;0.038799149791133;0.0194233164867386;0.0120135796406759;0.00674748983054789;0;0.00567408547988614;0;0.433686198068969;1.04;1.04;1.04;1.04;1.02079439160172;0.88;0.88;0.88;0.88;0.88;0.88;0.88;0.88;0.88;0.88;0.88;0.88;0.88;0.88;0.88;0.88;0.88;0.856731996554416;0.84;0.84;0.84;0.84;0.84;0.841716037603907;1.16788806179452;46.176186657135;68.2073583184306;68.48;38.6029369741774;6.83926881867663;0.120097347082924;0;0
0.04;0.04;0.039533197936914;0.0063199375259731;0.0183814530138499;0.015868590279459;0.00479022844672595;0.0302381380331425;0.00819440468316898;0.0355618650440323;0;0.36254890283137;0.61493721095199;1.04;1.04;1.04;1.03650771288946;0.900596778139893;0.88;0.88;0.88;0.88;0.88;0.88;0.88;0.88;0.88;0.88;0.88;0.88;0.88;0.88;0.88;0.88;0.877419584271743;0.840418543176916;0.84;0.84;0.84;0.84;1.04041369825344;1.19926801210316;3.60218220884143;24.1861093964309;23.2708750861308;34.602703914811;65.2285227256683;27.5263984926717;0;0
0.04;0.04;0.0319568884549797;0;0.00272514084462708;0.00999778452885488;2.60787587635022e-05;0.00980006766883774;0.0202401051827001;0.04;0.0236071946626524;0.706510392967979;0.0661522212807532;0.601072082730685;1.04;1.04;1.02608554986451;0.936254684806988;0.88;0.88;0.88;0.88;0.88;0.88;0.793559082715772;0.426896979647556;0.786559658463939;0.88;0.88;0.696137389446934;0.648942162660356;0.871337559141062;0.88;0.88;0.88;0.859092937644571;0.84;0.84;0.84;0.84;1.10066850691941;1.2;1.2;1.2;1.2;1.49532865502971;7.26912189531361;0.633132055594373;0.0937035237248326;0
0.04;0.0375570945224978;0.0147420551586198;0;0;0;0;0.00182636425495148;0.0135387061778483;0.0358555659243485;0.00197827461499228;0;0;0.40805571669396;1.04;1.04;0.989677299568988;0.88;0.88;0.88;0.88;0.88;0.88;0.747613730534758;0.296702904327023;0.528554164162571;0.612936505421458;0.876698591273019;0.88;0.3748606687041;0.0124272171437955;0.220726587509048;0.738691332091;0.648186920596287;0.664152318590202;0.84183192744443;0.525228070622494;0.372911041417418;0.66861561096821;0.839999108686039;1.06430971916523;1.2;1.2;0.659762707275153;1.2;1.2;0.930143471227092;0.946971565870934;0.909814821182005;0.0904255477460909
0.04;0.0359257950114086;0;0.0179786425185537;0.0130196703753434;0.0101736009685469;0;0.00780325277101087;0.0272753184822375;0.038338166571504;0.00736656022388204;0.0402647854293775;0.256800757742898;0.889656326984208;1.04;1.04;0.993210553177813;0.88;0.88;0.88;0.780291097942411;0.645694811383262;0.868125820746036;0.701756338720495;0.351163319926709;0.476433021524737;0.0472074722348364;0.57718829729124;0.857844529786788;0.44;0;0.0421962624855823;0.145899102043364;0.303883666751906;0.416015400281098;0.18572655103302;0.114736982857346;1.04254039981369;0.972393978195905;0.714711836668019;1.04265461326227;1.10733483565055;0.826514674726475;0.587152723445378;1.2;1.2;0.957094801408378;0.485813880688487;0.895617414944686;0.295974861488253
0.04;0.039826332736819;0.0368255590266548;0.04;0.0346654479079102;0.0393902596193691;0.0131738156103541;0.00810183138063287;0.0327742847091053;0.0351357722657484;0.0193998326525382;0.423202815264557;1.04;1.04;1.04;1.03925052320481;0.915443241139974;0.822644101148603;0.551843183208257;0.676641297108494;0.397059334023856;0.08;0.504729942999905;0.257530921877813;0.144908827827816;0.104161922475193;0.00182163738265138;0.088238858609525;0.74176213748857;0.802279623808879;0.00581703932564706;0.108745926025479;0.700053071951115;0.88;0.88;0.878302733247289;0.816805179251578;1.71472168990062;1.59648051226716;0.406035069106352;0.314219285916451;0.165217245781886;0.0472307949844214;0;0.745251829227423;0.521698786755035;0.284378088398413;0.0345393392302233;0.446588227968346;0.739824010795308
0.04;0.04;0.04;0.0387628594519571;0.038624645394126;0.030135023882726;0.0113702274568561;0.0170886726008052;0.0262020124876638;0.00389634632212807;0.00317577370544814;0.180706262318402;0.908023347925678;1.04;0.828127572155571;0.61704098476536;0.679684492069085;0.228924774383589;0.08;0.240645642126351;0.222651874798757;0.224334553594918;0.285114360482982;0.08;0.0673806013855788;0.0133484821470609;0;0.821403723220116;0.180922770913962;0.625942650065464;0.575199514050607;0.0585856406957223;0.620263270540854;0.671977968565188;0.579571559615417;0.863977014055429;1.00008377586395;1.64234188582925;1.54612648260593;0.15396383053856;0.19119327405981;0;0;0;0;0;0;0;0.0142241151368424;0.545213374236386
0.768562812128104;0.277112715242171;0.04;0.0203083957975802;0.00898792747900572;0.00191197182275073;0;0;0.0520680666525292;0.312797266823519;0.0142661872426201;0.677416042106073;0.934995911378764;1.05568865383084;0.520578959496169;0.170364268271408;0.790273016864627;0.755802231804377;0.657685643428937;0.08;0.08;0.788792866857844;0.753979857441665;0.157784033286228;0.0181811100660298;0;0.0227878224795319;0.0285061766629382;0.0254489495241083;0.0585429905041879;0.681420356188317;0.0648933511060513;0.00505476115436665;0.0428781660692992;0.0427662826045037;0.0520079659484327;0.392035222549643;1.61033558466187;1.6471794381524;2.20331819366612;1.47805057566231;0.212387263403728;0;0;0;0;0;0;0;0.0186384669063513
1.16;0.46338262286894;0.04;0.04;0.0143207710490145;0;0;0;0.206820127497613;1.16;1.04560867216386;0.412342204302442;1.16;1.14992454716993;0.395082518269756;0.274157582002698;0.807610011663267;1.02430440922932;0.858722020712717;0.225115292389998;0.183090797048062;0.846856317472402;0.83901175356714;0.176903732519056;0.00359909111518504;0.0226841897551704;0.0759675586515429;0.0347223498253483;0.0283572039039244;0.17186831447582;0.0427659092098426;0.00654555233018539;0.000120740633892172;0;0.00393403204813288;0.0362498839220833;0.118671851610705;1.08998365586587;1.6;1.93100907492058;1.68292022152871;1.9084858110664;0.194396610306633;0;0;0;0;0;0.209224888249021;0.350845745769378
1.15834033862468;1.02666088972257;0.367306343029022;0.04;0.039236042483896;0;0;0;0.0399825104870343;0.855251561319917;1.16;1.16;0.75561666163807;0.55583074540949;0.0611912996338032;0.59512847981691;1.13176693660552;1.13011828363347;1.06795893551948;0.715852309312813;0.88;0.88;0.840572376672179;0.293000029463643;0.312574258591091;0.145189427935482;0.08;0.0475219943551412;0.317224513826352;0.738159831072249;0.0132740674302458;0.0128448807187725;0.0168488535431278;0.00921112752938643;0.00457989478092852;0.000652923329113607;0.000707576596991592;0.0850780358110024;0.506409706664204;0.841643114572391;1.30376807010331;1.82352797470465;0.0724641001032343;0;0.145585526318175;0.522899609857886;0.307526069963072;0.420757801590208;0.785190125609582;0.316738521927666
1.04905735906801;0.374013266721961;0.114915690555921;0.04;0.04;0.000894349323771894;0;0.00761909233227349;0.405033765254209;1.01711242072082;1.16;1.16;0.679075141066302;0.04;0.04;0.297776932008037;1.16;1.16;1.16;1.08705228208117;0.889383114506748;0.853566934619458;0.811014925650973;0.785348332862289;0.345468761182527;0.621493328572309;0.517507233209893;0.0571232721249403;0.04;1.12644801203498;0.0345076541808845;0.0321919421105032;0.04;0.04;0.0338173602014893;0.0136272290409032;0.421225608248845;0.343509254220873;0.541068053033203;0.172427844290684;0.303380327122286;0.505994433652106;0.687062710383055;0.883041370709566;0.92;0.92;0.92;0.92;0.92;0.415871392501076
0.917193945626826;0.580195443901125;0.0626364685038987;0.04;0.0854914587763315;0.00485561451981776;0;0.513705904629119;1.16;1.16;1.16;1.16;0.816808620090179;0.04;0.669264641285914;1.13261834284458;1.16;1.16;1.16;1.16;1.0100447258898;0.808239719026167;0.8;0.799932267914175;0.360973214587978;0.8;0.696166658172031;0.0429225307423731;0.04;0.699768673261289;0.175652633005526;0.04;0.04;0.766137431484054;1.2113140405683;0.295454003626478;0.489344365194374;1.28053438284732;1.57527782743322;1.0453760681936;0.253403684206977;0.0389857650207279;0.20258435929726;0.39691899745229;0.595029627796563;0.919372348308901;0.92;0.92;0.92;0.92
0.559984946575762;1.04;0.698695819565004;0.756670764149381;0.688082616208487;0.00894476224142127;0;0.398210758784838;1.13588106783582;1.16;1.16;1.16;0.587766967811155;0.0401255005498203;0.687984900764727;0.76511497831973;1.16;1.16;1.16;1.16;0.903467644459519;0.8;0.8;0.8;0.8;0.8;0.458026293906801;0.0402603976031903;0.0506500225500859;0.907519451783843;1.0103684716608;0.351537497297784;0.04;0.419493333711267;1.44477559860327;1.3531581301633;0.04;0.146357782799537;0.408036862280924;0.452954571230164;0.781931725990293;0.750075125796059;0.13930919343407;0;0.15503806895407;0.826635581012897;0.92;0.92;0.92;0.92
0.0646708242584222;0.765153716210861;1.04;1.04;0.991127362969666;0.525591575391443;0.52774876848902;0.000221224891476898;0.640137360397107;1.16;1.16;1.16;0.833025769627956;0.04;0.04;0.444594034638881;1.16;1.16;1.22339545473043;0.985657485801549;0.8;0.8;0.8;0.8;0.8;0.822168691909208;1.04932326091962;0.188474039634308;0.050808813730441;1.48;1.48;1.46677532022857;0.069947882065922;0.147291528055662;0.906835887590658;1.44124066419441;0.0557929591650345;0.544115830157452;0.360780909352893;0.00456767629972532;0;0.399762493764513;0.380576146140648;0;0;0.555390933128966;0.92;0.92;0.92;0.92
0.04;0.453017238934896;1.04;1.04;1.04;1.04;0.99548850729124;0.335921999520439;0.0474594817640202;0.942212027009975;1.16;0.902909639048848;0.04;0.04;0.496725567203225;1.09267768418663;1.15374255560798;1.02875173402524;0.894738093842952;0.8;0.8;0.8;0.8;0.8;0.8;0.8;1.0637633458742;0.655509810681464;0.856019162974693;1.47226310974297;1.48;1.48;0.231789297980865;0.04;0.206867629178045;1.13690407338761;0.436000816099827;0.648026837140538;0.0628623862717137;0.000431168054038295;0;0.0677882353054156;0.0387226585785947;0.197605788738274;0.0276311180763803;0.219305594856109;0.775620416497853;0.92;0.919912709807506;0.92
0.04;0.0404101577200966;0.529050435136858;1.04;1.04;1.04;1.04;1.03143868257506;0.631811632969279;1.16;1.16;0.520773943961448;0.04;0.04;0.606845204172144;0.826105804297896;0.976761663144104;0.806740836139293;0.8;0.8;0.8;0.8;0.8;0.8;0.8;0.8;0.919241847471542;1.44865477476552;1.48;1.48;1.48;1.48;0.973370997904986;0.104147735408762;0.385509644860029;0.268993605017896;0.393599747190847;0.675466142363526;0.0843531342335125;0;0;0;0;0.724687258727057;0.891017627110999;0.295691857470133;0.0618128311450404;0.0892266038204078;0.28396113224714;0.92
0.04;0.04;0.224819838505971;1.04;1.04;1.04;1.04;1.04;1.04;1.10557832561241;1.16;0.359915380894579;0.04;0.627482194457526;1.06627002918783;0.63920266958211;0.92;0.899089139851745;0.84409239191991;0.8;0.8;0.8;0.8;0.8;0.8;0.8;0.990610071778453;1.34845011462714;1.48;1.48;1.48;1.48;1.1191516079545;0.350008388438778;0.72;0.309415555613814;0.54666436698176;0.72;0.589501782349477;0;0.303643154570827;0.362233728949794;0.0960110441031824;0.675558766637184;0.92;0.886537065656271;0.238416982757614;0.462976926617708;0.720267112492089;0.92
0.04;0.04;0.326009832740958;0.845396133876638;1.04;1.04;1.04;1.04;1.04;1.04;1.08898573433364;0.294659227517981;0.0803015005619475;1.2390185886541;1.26211820203591;0.934231250195773;0.92;0.92;0.90505904489058;0.813049903832396;0.8;0.8;0.8;0.8;0.8;0.8;0.8;0.817856394925314;1.11734851042113;1.36161051596911;1.43667637255707;1.48;1.29799208437765;0.655044519502703;0.72;0.516391715390747;0.605186020244185;0.72;0.716822703737409;0.435347248690976;0.694004424465731;0.910402087631114;0.781546622674831;0.227841182428407;0.92;0.92;0.741849568272935;0.747350568256463;0.92;0.92
