816522326397296640
816520835712380928
816520832512118784
816482025364484096
816396637647970304
816347924292571136
816339354993893377
816338201744838656
816338037957337088
816263359469387777
816255920497893376
816253898264604672
816218744208887809
816182713900265473
816159417888436224
816093658231422976
816090193597865985
816084096464130048
816020695285190656
816020426866511872
815994290568646656
815946919050674176
815945641079832577
815933313718321153
815931680053673984
815930187766435840
815882551889948672
815875174172098562
815871579309637632
815846815656513536
815842543934066688
815799792211230720
815711911027187712
815542488698011649
815260703363895299
815158121387671552
814992005868593152
814846255474102273
814600234835836928
814573590133805057
814493212014510080
814471483107983360
814469435742388224
814417658695340032
814401888116293632
814316384754638848
814315898303488002
814315497005072384
814249772903120896
814222367702523904
814221749336190976
814211027499909120
814209780952825856
814174495191793668
814173170521567233
814162703790940160
814149298652938245
814149203886751745
814106467036987392
814105727203733504
814069001395408896
814063644610703362
814058805990277120
814058305408466944
814057329389932545
814057183105036288
814056299080065024
814033112015532032
814027094917267457
814026760702619648
814020793613119488
814019839480053760
813946766928334848
813891373770256384
813891045205352448
813890710353035265
813831155254493184
813802867261894656
813802530476060672
813652978653609986
813652833350324224
813587478410051584
813586642506170368
813436331338690560
813436104410071041
813404839698984960
813403768620515330
813402315931746304
813402084666130432
813368302219251712
813367648738217984
813367039561756672
813366881084121089
813268227509862400
813142836254244864
813142418128306176
813074619813023745
813072296910979073
